# GROWTH PER CELL CYCLE IN LINEAGE
# original file "wt_decCap_highRe_3gen.txt" 
# mother	daughter	growthCycleMean	growthCycleStd
0.0	0.0	1.6079	0.0049112116631234515
0.0	1.0	1.6127600000000002	0.004791242010168162
0.0	2.0	1.6133199999999999	0.0066496115174748014
0.0	3.0	1.61084	0.005055074458183338
0.0	4.0	1.614	0.004198412398355693
0.0	5.0	1.6113700000000002	0.006133704698902075
0.0	6.0	1.6116300000000003	0.005180315305719025
0.0	7.0	1.6113	0.0031223210739591035
0.0	8.0	1.6099799999999997	0.004828572367803117
0.0	9.0	1.6084600000000002	0.0037509110004548723
0.0	10.0	1.61017	0.006573693364041606
0.0	11.0	1.6106500000000001	0.006192333970321731
0.0	12.0	1.6098199999999998	0.005470283356463343
0.0	13.0	1.6099599999999998	0.006737490465876572
0.0	14.0	1.6092199999999999	0.0021755203719774677
0.0	15.0	1.60974	0.005121675073211492
0.0	16.0	1.6097499999999996	0.004504133903673662
0.0	17.0	1.60947	0.004560470248657372
0.0	18.0	1.6062699999999999	0.005004009503499247
0.0	19.0	1.6093499999999998	0.005050601095767907
0.0	20.0	1.60765	0.00580172388174408
0.0	21.0	1.6067375	0.004518829652528584
0.0	22.0	1.6070600000000002	0.003488982659744871
0.0	23.0	1.60866	0.006395545324677223
0.0	24.0	1.6107599999999997	0.0053687056168130725
0.0	25.0	1.6045500000000001	0.00601040764008562
1.0	1.0	1.6144385281385283	0.006050701396484717
1.0	2.0	1.6122389610389614	0.0054470931021686035
1.0	3.0	1.6117181818181816	0.005518389666010266
1.0	4.0	1.6121558441558441	0.005249641648386734
1.0	5.0	1.6111103896103895	0.004809851785176941
1.0	6.0	1.6103316017316018	0.005373266882309006
1.0	7.0	1.6097372294372296	0.00524441724985798
1.0	8.0	1.6097935064935065	0.005139861383573389
1.0	9.0	1.609256277056277	0.005000699254699233
1.0	10.0	1.6092891774891773	0.005232699421290883
1.0	11.0	1.6096415584415584	0.0051513615924677954
1.0	12.0	1.6087567099567102	0.00512026115993549
1.0	13.0	1.6086246753246753	0.004841033554148176
1.0	14.0	1.608845454545455	0.0051051690459907725
1.0	15.0	1.6087766233766232	0.0051619737404086565
1.0	16.0	1.6083606060606062	0.005151104362448178
1.0	17.0	1.6085186956521738	0.00529647225788861
1.0	18.0	1.6080445414847162	0.004867492274142981
1.0	19.0	1.607578923766816	0.004914471616454514
1.0	20.0	1.6077665048543683	0.00514070265838509
1.0	21.0	1.607322727272727	0.0048969081154243725
1.0	22.0	1.6065035460992905	0.004974138997246774
1.0	23.0	1.6078738738738743	0.005294606375818372
1.0	24.0	1.6063552631578948	0.004760207130979131
1.0	25.0	1.6070387096774195	0.005931227579755776
1.0	26.0	1.6061279069767442	0.005041557090413899
1.0	27.0	1.604958064516129	0.0046982105950775475
1.0	28.0	1.60785	0.004834671407556864
1.0	29.0	1.6061727272727273	0.007994384392696044
1.0	30.0	1.6074428571428572	0.004521746396713359
1.0	31.0	1.60778	0.0031917080066948262
1.0	32.0	1.6098	0.0036769552621701133
1.0	33.0	NaN	NaN
1.0	34.0	NaN	NaN
1.0	35.0	NaN	NaN
1.0	36.0	NaN	NaN
1.0	37.0	NaN	NaN
1.0	38.0	NaN	NaN
1.0	39.0	NaN	NaN
1.0	40.0	NaN	NaN
1.0	41.0	NaN	NaN
1.0	42.0	NaN	NaN
1.0	43.0	NaN	NaN
1.0	44.0	NaN	NaN
1.0	45.0	NaN	NaN
1.0	46.0	NaN	NaN
2.0	1.0	1.6137645021645024	0.005621267425454292
2.0	2.0	1.6123636363636362	0.005028291500601351
2.0	3.0	1.6120216450216454	0.005470868214576966
2.0	4.0	1.6110982683982684	0.005228283992885031
2.0	5.0	1.6111939393939396	0.004997334731004341
2.0	6.0	1.6107948051948053	0.005396074968954893
2.0	7.0	1.6104519480519481	0.005267619140179493
2.0	8.0	1.6103766233766235	0.004805826973234527
2.0	9.0	1.6091887445887447	0.00505716484239708
2.0	10.0	1.6095138528138528	0.005324290387907457
2.0	11.0	1.6094796536796534	0.004831083401894705
2.0	12.0	1.6092722943722946	0.005436800003511766
2.0	13.0	1.6088588744588745	0.0051908109893974335
2.0	14.0	1.6089450216450216	0.004819422559174211
2.0	15.0	1.6084493506493505	0.004879592553641536
2.0	16.0	1.6078965367965368	0.00542333012946891
2.0	17.0	1.607669696969697	0.004996123662090827
2.0	18.0	1.6082575757575754	0.004820023562284212
2.0	19.0	1.6077629955947135	0.004937525249401369
2.0	20.0	1.6074783018867924	0.0050373299313567375
2.0	21.0	1.6072322404371586	0.004926581734856733
2.0	22.0	1.6066015037593986	0.005172889482713168
2.0	23.0	1.606619801980198	0.005278030310674227
2.0	24.0	1.6069384615384616	0.005002888276674903
2.0	25.0	1.6065437500000002	0.004725526256858096
2.0	26.0	1.6063500000000002	0.00497510468901578
2.0	27.0	1.6055949999999999	0.005959201200443605
2.0	28.0	1.6085250000000002	0.003712907461569963
2.0	29.0	1.6063800000000001	0.0065276846329052314
2.0	30.0	1.6094	0.007472884315978648
2.0	31.0	1.60798	0.0033312159941979165
2.0	32.0	1.6054	0.003610170817749926
3.0	1.0	1.6132138528138522	0.005623644057245254
3.0	2.0	1.612731601731602	0.005553079563691903
3.0	3.0	1.6115575757575757	0.005103717418588247
3.0	4.0	1.6107251082251082	0.0054635529021254394
3.0	5.0	1.61111038961039	0.005543854829383867
3.0	6.0	1.6106506493506496	0.004953960823157569
3.0	7.0	1.6099138528138528	0.004807781586858715
3.0	8.0	1.6099034632034632	0.005256423494551675
3.0	9.0	1.6099008658008656	0.004926670904744033
3.0	10.0	1.6096030303030304	0.00515577678488891
3.0	11.0	1.6089679653679652	0.005590373303131074
3.0	12.0	1.6097623376623373	0.004883976612869232
3.0	13.0	1.6094199134199134	0.004598822343708556
3.0	14.0	1.6092597402597402	0.004980455533738452
3.0	15.0	1.6088887445887448	0.00522961081598386
3.0	16.0	1.6082779220779222	0.005127155920915604
3.0	17.0	1.608580434782609	0.005450027825946244
3.0	18.0	1.6080017621145375	0.005133552348332652
3.0	19.0	1.6079040723981897	0.005095517787429203
3.0	20.0	1.6076019512195123	0.005483790382426478
3.0	21.0	1.6075699453551915	0.0050872522751759805
3.0	22.0	1.6076936305732483	0.005256371975976256
3.0	23.0	1.6075401869158876	0.005068899992556975
3.0	24.0	1.6074641025641023	0.005001531566962056
3.0	25.0	1.6068018518518516	0.005084734487446385
3.0	26.0	1.6071783783783784	0.004351381334647616
3.0	27.0	1.6061839999999998	0.004925840029883221
3.0	28.0	1.6065055555555556	0.006824822533544678
3.0	29.0	1.604875	0.005289977659344482
3.0	30.0	1.605975	0.004031217469414696
3.0	31.0	1.6069833333333332	0.00427570656928965
3.0	32.0	1.6071499999999999	0.0058455110982702
3.0	33.0	1.6007500000000001	0.0010606601717797046
3.0	34.0	NaN	NaN
3.0	35.0	NaN	NaN
3.0	36.0	NaN	NaN
3.0	37.0	NaN	NaN
3.0	38.0	NaN	NaN
3.0	39.0	NaN	NaN
3.0	40.0	NaN	NaN
3.0	41.0	NaN	NaN
4.0	1.0	1.6133086580086577	0.005196889824058524
4.0	2.0	1.6125212121212122	0.005172748853200507
4.0	3.0	1.6118727272727271	0.005965093454502506
4.0	4.0	1.6108238095238094	0.00525693705151213
4.0	5.0	1.6109199134199137	0.005144701114514693
4.0	6.0	1.610742857142857	0.0049183002163993165
4.0	7.0	1.6102051948051945	0.004992104098619245
4.0	8.0	1.6104523809523807	0.005244059243553271
4.0	9.0	1.6099424242424238	0.005014381162748085
4.0	10.0	1.609700865800866	0.005497145435840486
4.0	11.0	1.6089437229437227	0.0053773229149458425
4.0	12.0	1.6089835497835496	0.004912361288749685
4.0	13.0	1.6095337662337665	0.004955768103224959
4.0	14.0	1.609096103896104	0.004988058127649564
4.0	15.0	1.608417316017316	0.005067050739799125
4.0	16.0	1.6084787878787876	0.005145325468476031
4.0	17.0	1.6083787878787879	0.004897624118144937
4.0	18.0	1.6085982456140349	0.004914753164777
4.0	19.0	1.6074783410138247	0.0051785384229516
4.0	20.0	1.6077205128205128	0.004771899030178261
4.0	21.0	1.6075248520710061	0.00478863710933409
4.0	22.0	1.606940425531915	0.005569572678188983
4.0	23.0	1.607253703703704	0.005080592097474544
4.0	24.0	1.6068080459770115	0.005339654600596873
4.0	25.0	1.6075179104477613	0.005307025799856617
4.0	26.0	1.6084372093023254	0.005734400091337404
4.0	27.0	1.607392857142857	0.003593299172320462
4.0	28.0	1.604963157894737	0.005227513805318493
4.0	29.0	1.608063636363636	0.0048343092013798175
4.0	30.0	1.6059428571428571	0.004489564619892508
4.0	31.0	1.6061166666666666	0.007071751315386199
4.0	32.0	1.6026600000000002	0.004894691001483112
4.0	33.0	1.6059999999999999	0.01141621653613845
4.0	34.0	NaN	NaN
4.0	35.0	NaN	NaN
4.0	36.0	NaN	NaN
4.0	37.0	NaN	NaN
4.0	38.0	NaN	NaN
4.0	39.0	NaN	NaN
4.0	40.0	NaN	NaN
5.0	1.0	1.6129627705627705	0.0056658549478969126
5.0	2.0	1.6120787878787879	0.005698499444211487
5.0	3.0	1.612012554112554	0.005156217687360605
5.0	4.0	1.6112489177489178	0.005109172156816402
5.0	5.0	1.6112969696969694	0.0055516577542943715
5.0	6.0	1.6105277056277056	0.0051007513018576965
5.0	7.0	1.6105294372294374	0.004942776823344405
5.0	8.0	1.610200432900433	0.004721840999067845
5.0	9.0	1.608755844155844	0.005087533617190332
5.0	10.0	1.609437662337662	0.004985911602864157
5.0	11.0	1.609135497835498	0.005037256377860836
5.0	12.0	1.6093601731601732	0.005003100600833353
5.0	13.0	1.608452380952381	0.0054493941388315155
5.0	14.0	1.6084445887445886	0.005584586994160896
5.0	15.0	1.6086428571428566	0.004956579164971899
5.0	16.0	1.6084987012987013	0.00461197383490712
5.0	17.0	1.6086421739130436	0.005208626080501282
5.0	18.0	1.6076229074889867	0.005067247285156512
5.0	19.0	1.6080666666666663	0.005199901609087053
5.0	20.0	1.6075964646464647	0.0050529116726735065
5.0	21.0	1.6072487500000001	0.005131797379049827
5.0	22.0	1.6066367187500001	0.00532911880697534
5.0	23.0	1.6074295918367347	0.0054443427402141335
5.0	24.0	1.6060857142857141	0.005088026968597906
5.0	25.0	1.607559090909091	0.005905311687885599
5.0	26.0	1.6068264705882354	0.006035165073865494
5.0	27.0	1.6081076923076922	0.005221641357038834
5.0	28.0	1.6071523809523813	0.004866684605315932
5.0	29.0	1.605169230769231	0.005062342115296821
5.0	30.0	1.60504	0.005738602230121495
5.0	31.0	1.6100400000000001	0.006227198406988444
5.0	32.0	1.6071	0.005643875736879115
5.0	33.0	1.6028	0.0024269322199023083
5.0	34.0	1.6025	0.002404163056034311
5.0	35.0	NaN	NaN
5.0	36.0	NaN	NaN
5.0	37.0	NaN	NaN
5.0	38.0	NaN	NaN
6.0	1.0	1.612769264069264	0.00534867386038323
6.0	2.0	1.6117536796536795	0.0057155144970944885
6.0	3.0	1.6116415584415587	0.0051212180272313486
6.0	4.0	1.6106277056277056	0.00548033745548682
6.0	5.0	1.6111666666666669	0.0046855436013956454
6.0	6.0	1.610362337662338	0.00492710442246115
6.0	7.0	1.6105190476190474	0.005693625799189898
6.0	8.0	1.609700865800866	0.0052789985162041975
6.0	9.0	1.6100380952380948	0.005141385687817068
6.0	10.0	1.60925670995671	0.00532961663502908
6.0	11.0	1.6092316017316017	0.004846665957290869
6.0	12.0	1.6093385281385282	0.004847916226302624
6.0	13.0	1.6086121212121212	0.0051715467623988905
6.0	14.0	1.6093978354978353	0.004849620746152944
6.0	15.0	1.6080246753246752	0.005103966637587467
6.0	16.0	1.6085380952380952	0.005575749028217896
6.0	17.0	1.6076417391304343	0.005333309394921275
6.0	18.0	1.6083837719298246	0.00536531935574804
6.0	19.0	1.6082123287671237	0.005410564212947261
6.0	20.0	1.6074045685279186	0.004903750068707767
6.0	21.0	1.606983815028902	0.004658971516707716
6.0	22.0	1.6066416666666667	0.0053108565411822085
6.0	23.0	1.607932258064516	0.004980312572919811
6.0	24.0	1.6083641791044776	0.005120656370467107
6.0	25.0	1.6059955555555558	0.0066200437912433754
6.0	26.0	1.6069370370370375	0.005123486504336082
6.0	27.0	1.6044285714285713	0.00535323667113109
6.0	28.0	1.606442857142857	0.00468741593331208
6.0	29.0	1.6082555555555555	0.004278466755483498
6.0	30.0	1.606585714285714	0.005560404233335511
6.0	31.0	1.60578	0.0036833408748037353
6.0	32.0	1.6114	0.0020880613017821353
6.0	33.0	1.6038333333333332	0.002627419519858521
6.0	34.0	1.6076	0.003659234892706331
6.0	35.0	NaN	NaN
7.0	1.0	1.6131813852813852	0.0052990359897322845
7.0	2.0	1.612843722943723	0.004846158675230802
7.0	3.0	1.6117831168831172	0.005427892599240297
7.0	4.0	1.6113307359307356	0.005555370208339256
7.0	5.0	1.6111064935064936	0.005140597266830012
7.0	6.0	1.6101649350649352	0.00551683036519828
7.0	7.0	1.610183116883117	0.005219322026538861
7.0	8.0	1.6100991341991344	0.005071874632777107
7.0	9.0	1.6103796536796535	0.005031489697414965
7.0	10.0	1.6095826839826841	0.004862407140470539
7.0	11.0	1.6087649350649351	0.005217164803101555
7.0	12.0	1.6091190476190476	0.005170600919780559
7.0	13.0	1.609306926406926	0.0051531201682547285
7.0	14.0	1.6084406926406927	0.0048486562410888605
7.0	15.0	1.6085948051948051	0.005150657942874351
7.0	16.0	1.6081004329004331	0.005136049046863006
7.0	17.0	1.6076277056277057	0.005136037503241904
7.0	18.0	1.6081952173913043	0.004619970291937616
7.0	19.0	1.6074191588785045	0.004760129524709392
7.0	20.0	1.6073539267015708	0.005146022764168069
7.0	21.0	1.6066280254777068	0.005940342673303435
7.0	22.0	1.6070847457627115	0.005400089064138012
7.0	23.0	1.6071493827160495	0.005348834533260258
7.0	24.0	1.6062618181818182	0.005210370389517393
7.0	25.0	1.6060263157894736	0.004510868808898693
7.0	26.0	1.6061559999999997	0.005219361391332599
7.0	27.0	1.6092666666666666	0.004541392124034481
7.0	28.0	1.6058666666666666	0.004468407620916712
7.0	29.0	1.6072400000000002	0.004662402814000479
7.0	30.0	1.6047500000000001	0.005868986283848326
7.0	31.0	1.6054	0.007071067811865481
7.0	32.0	1.6029	0.006788225099390737
7.0	33.0	NaN	NaN
7.0	34.0	NaN	NaN
8.0	1.0	1.613481385281385	0.005477475599417784
8.0	2.0	1.6124887445887446	0.005338185140195422
8.0	3.0	1.6117147186147187	0.005086610709247822
8.0	4.0	1.6113549783549788	0.005221765391500962
8.0	5.0	1.6110688311688313	0.004945334025917138
8.0	6.0	1.6101922077922077	0.004967549467610407
8.0	7.0	1.6098839826839824	0.005071939315201839
8.0	8.0	1.610091774891775	0.005431620133150434
8.0	9.0	1.6098580086580088	0.0051071572472120835
8.0	10.0	1.6092441558441557	0.005241950189032957
8.0	11.0	1.6094683982683984	0.004773586431950442
8.0	12.0	1.6089229437229438	0.0054300245808829506
8.0	13.0	1.6087627705627705	0.005467882439991236
8.0	14.0	1.608996103896104	0.0053719668867777725
8.0	15.0	1.6079939393939393	0.004914393905374343
8.0	16.0	1.6083151515151515	0.005284405675807699
8.0	17.0	1.6080017391304346	0.004770515020006129
8.0	18.0	1.6081106194690264	0.0051738550051728845
8.0	19.0	1.6075014084507042	0.004746055749432436
8.0	20.0	1.6073936842105265	0.00489315060699263
8.0	21.0	1.6071351851851854	0.005107897578001826
8.0	22.0	1.6067317460317458	0.0051846180309627525
8.0	23.0	1.6071906250000003	0.0049525980024310665
8.0	24.0	1.6074705882352942	0.005633836849524381
8.0	25.0	1.6070238095238096	0.0046305354230690675
8.0	26.0	1.6064642857142857	0.004562911212171342
8.0	27.0	1.6081263157894738	0.004000950179542503
8.0	28.0	1.6074000000000002	0.004834158759193861
8.0	29.0	1.6044833333333333	0.0067211358167103665
8.0	30.0	1.6073	0.00485249076935407
8.0	31.0	1.6041333333333334	0.0030237945256471
8.0	32.0	NaN	NaN
8.0	33.0	NaN	NaN
9.0	1.0	1.612551948051948	0.005575215583032613
9.0	2.0	1.6124385281385285	0.005490318395600958
9.0	3.0	1.61242683982684	0.005123235048403451
9.0	4.0	1.6114363636363638	0.005587087031895626
9.0	5.0	1.611395670995671	0.005244141937104961
9.0	6.0	1.6101619047619047	0.005167441870649587
9.0	7.0	1.6095792207792212	0.005556234359684642
9.0	8.0	1.6099168831168829	0.0049950689405714585
9.0	9.0	1.6090359307359308	0.005616881300419986
9.0	10.0	1.6097251082251083	0.005501135998213924
9.0	11.0	1.6095510822510823	0.005113272256732111
9.0	12.0	1.6085831168831168	0.005047808028736301
9.0	13.0	1.6083753246753245	0.005580131426942704
9.0	14.0	1.6087303030303028	0.00555475036764964
9.0	15.0	1.6085017316017316	0.005361002221096881
9.0	16.0	1.6086900432900435	0.005025010101468153
9.0	17.0	1.607530131004367	0.004707264866843826
9.0	18.0	1.6078789237668163	0.004831312535790522
9.0	19.0	1.6078047393364931	0.005094728957070891
9.0	20.0	1.6074086486486487	0.005215802786475262
9.0	21.0	1.6071099337748345	0.005328974322411237
9.0	22.0	1.6075793103448275	0.005023016887357111
9.0	23.0	1.607	0.005482679338359373
9.0	24.0	1.6059701492537315	0.004591296605844631
9.0	25.0	1.606417777777778	0.005381419586658968
9.0	26.0	1.606064516129032	0.004314205093803235
9.0	27.0	1.6054190476190475	0.0048058941985460926
9.0	28.0	1.6064999999999998	0.004638965401897306
9.0	29.0	1.6053444444444445	0.004621988509048606
9.0	30.0	1.60795	0.0046191629833409326
9.0	31.0	NaN	NaN
10.0	1.0	1.612857142857143	0.005644661084402145
10.0	2.0	1.6122090909090907	0.005281440395216186
10.0	3.0	1.6121320346320345	0.00531572030528439
10.0	4.0	1.6113554112554114	0.005450947558604407
10.0	5.0	1.610711688311688	0.004991696775889739
10.0	6.0	1.6103818181818177	0.005162845371693389
10.0	7.0	1.6097917748917752	0.005044296983074425
10.0	8.0	1.609452813852814	0.005325547806480722
10.0	9.0	1.6089757575757577	0.005100504767187793
10.0	10.0	1.6089913419913424	0.005454102039822344
10.0	11.0	1.6093606060606058	0.005069195766396293
10.0	12.0	1.6093809523809524	0.005391376443784292
10.0	13.0	1.6084623376623375	0.004919253362250225
10.0	14.0	1.6093129870129868	0.005137314913183919
10.0	15.0	1.6083800865800866	0.004553454683829484
10.0	16.0	1.6083	0.005394401284423632
10.0	17.0	1.6079692982456144	0.005014017833610868
10.0	18.0	1.607599099099099	0.005109072677022142
10.0	19.0	1.60683431372549	0.00446044454472415
10.0	20.0	1.6075766304347827	0.005169408497342994
10.0	21.0	1.6075052980132454	0.004665601612932249
10.0	22.0	1.6069160714285713	0.005363432301139451
10.0	23.0	1.6068922222222222	0.005282900713629058
10.0	24.0	1.6070906249999999	0.0047980723229098035
10.0	25.0	1.6061023809523813	0.00437846660402419
10.0	26.0	1.6070000000000002	0.004519811462016293
10.0	27.0	1.6065176470588236	0.004308456117642021
10.0	28.0	1.6092454545454549	0.005174430139902088
10.0	29.0	1.607475	0.00519360870961328
10.0	30.0	1.60704	0.00190341797826963
10.0	31.0	1.6078666666666666	0.005987765303795229
10.0	32.0	1.6069499999999999	0.006717514421272089
10.0	33.0	NaN	NaN
11.0	1.0	1.6126060606060606	0.005104274217091737
11.0	2.0	1.6122835497835495	0.005043970782755725
11.0	3.0	1.6115285714285714	0.00538634805240201
11.0	4.0	1.611309956709957	0.005274519182523986
11.0	5.0	1.6110034632034635	0.0052525179177051904
11.0	6.0	1.6107454545454545	0.005351778545197656
11.0	7.0	1.6103497835497835	0.0052681724779370595
11.0	8.0	1.6096311688311689	0.005286971511019193
11.0	9.0	1.609882251082251	0.005375878989578971
11.0	10.0	1.609048051948052	0.005308859135353734
11.0	11.0	1.6090186147186145	0.004814710229535219
11.0	12.0	1.6091649350649353	0.0050427588955227545
11.0	13.0	1.6084766233766232	0.005259655207013906
11.0	14.0	1.6080878787878785	0.005185718708566265
11.0	15.0	1.6087930735930736	0.005345900061586779
11.0	16.0	1.6078813852813851	0.0049803483188427524
11.0	17.0	1.6080991189427316	0.005179204428513969
11.0	18.0	1.6076484018264836	0.005336247410395314
11.0	19.0	1.607708133971292	0.005443413527201407
11.0	20.0	1.6074048648648653	0.005070130787708075
11.0	21.0	1.6071026315789476	0.005158018863075613
11.0	22.0	1.6068821428571423	0.005141689950490563
11.0	23.0	1.6076253164556964	0.004715290685071895
11.0	24.0	1.6074607843137256	0.005469225847645078
11.0	25.0	1.607437931034483	0.004754728007325464
11.0	26.0	1.60506	0.0043466139271367355
11.0	27.0	1.60474	0.004885079323818577
11.0	28.0	1.6051374999999999	0.004091083509990263
11.0	29.0	1.6100714285714282	0.0035055737931253923
11.0	30.0	1.6099999999999999	0.0072124891681027755
11.0	31.0	NaN	NaN
12.0	1.0	1.6133125541125541	0.0051122162270872155
12.0	2.0	1.6123450216450217	0.004908533729037082
12.0	3.0	1.611427705627706	0.0054117837146210645
12.0	4.0	1.6112095238095239	0.0055481211263928186
12.0	5.0	1.6106229437229438	0.004996280528844038
12.0	6.0	1.6102787878787879	0.005734618770015812
12.0	7.0	1.6102324675324675	0.004976242031330079
12.0	8.0	1.61022683982684	0.004989769356468763
12.0	9.0	1.6094645021645024	0.00518696062371326
12.0	10.0	1.6099761904761907	0.00519035017986725
12.0	11.0	1.6089532467532468	0.005304114508295327
12.0	12.0	1.6091922077922074	0.005209083193149864
12.0	13.0	1.608955411255411	0.005019228563595393
12.0	14.0	1.6087242424242427	0.004669030363178131
12.0	15.0	1.6086012987012985	0.005331599649990688
12.0	16.0	1.6093874458874458	0.005551072592428147
12.0	17.0	1.6083917030567687	0.004999620264443183
12.0	18.0	1.60765859030837	0.004554425421974817
12.0	19.0	1.6072231132075474	0.005464429025506781
12.0	20.0	1.6079134715025902	0.005752021824837117
12.0	21.0	1.6075067073170728	0.005868279407301155
12.0	22.0	1.6067677165354335	0.005129047095658835
12.0	23.0	1.6065264705882356	0.005141867104555366
12.0	24.0	1.6066075757575757	0.004987069761078627
12.0	25.0	1.6064046511627907	0.004678774437024943
12.0	26.0	1.607737931034483	0.0033736810960627193
12.0	27.0	1.6053052631578946	0.0048323531976564435
12.0	28.0	1.6045200000000002	0.005459303984941664
12.0	29.0	1.6102166666666669	0.006720540652854283
12.0	30.0	1.60454	0.004871652696980781
12.0	31.0	1.6078	0.008241965784932637
12.0	32.0	NaN	NaN
12.0	33.0	NaN	NaN
12.0	34.0	NaN	NaN
13.0	1.0	1.6122038961038963	0.005573074435840553
13.0	2.0	1.6122528138528136	0.005277192794179281
13.0	3.0	1.6119610389610393	0.00519438214539405
13.0	4.0	1.6111567099567101	0.005525674107830094
13.0	5.0	1.610821645021645	0.005528201128479387
13.0	6.0	1.6109502164502165	0.004954706804460072
13.0	7.0	1.6100467532467533	0.0048100958432713975
13.0	8.0	1.6096874458874462	0.0050277290201760074
13.0	9.0	1.6094125541125543	0.0045950888684568
13.0	10.0	1.609460173160173	0.005146494625121741
13.0	11.0	1.6102251082251082	0.005388310363666223
13.0	12.0	1.6088991341991343	0.005195474547033098
13.0	13.0	1.6094722943722943	0.004950732349857412
13.0	14.0	1.6082316017316018	0.0054603548647856465
13.0	15.0	1.6090160173160173	0.005392551519953331
13.0	16.0	1.6092034632034633	0.004849238949449439
13.0	17.0	1.6079523809523808	0.004758350184710169
13.0	18.0	1.607936842105263	0.005356839477790841
13.0	19.0	1.6077353773584906	0.004984394922949122
13.0	20.0	1.6075643979057592	0.005100040198891708
13.0	21.0	1.6069220858895708	0.005206288037400538
13.0	22.0	1.6068007751937985	0.005376198937853752
13.0	23.0	1.605658241758242	0.004799908932795053
13.0	24.0	1.6075229508196722	0.005329834063790439
13.0	25.0	1.6070043478260867	0.005944407512639795
13.0	26.0	1.608351724137931	0.004428690607009132
13.0	27.0	1.6061888888888889	0.004157472208373582
13.0	28.0	1.6061461538461534	0.004159249809083247
13.0	29.0	1.6037999999999997	0.0046026079563656185
13.0	30.0	1.60704	0.0026576305236055138
13.0	31.0	1.61105	0.009970205614730322
13.0	32.0	NaN	NaN
13.0	33.0	NaN	NaN
14.0	1.0	1.61255670995671	0.005091914775904481
14.0	2.0	1.6127748917748916	0.005130003124117359
14.0	3.0	1.6112987012987012	0.005124862505213781
14.0	4.0	1.6110476190476193	0.004755800207196055
14.0	5.0	1.6112303030303032	0.004705181176933939
14.0	6.0	1.6102363636363635	0.005174256739506077
14.0	7.0	1.6097748917748917	0.005058404273343937
14.0	8.0	1.6099359307359309	0.005077928272731671
14.0	9.0	1.609009090909091	0.005308349006043262
14.0	10.0	1.6097636363636363	0.005191864264929747
14.0	11.0	1.609329004329004	0.005279013276952618
14.0	12.0	1.6083541125541123	0.005068982229151172
14.0	13.0	1.6088372294372295	0.004963387617185868
14.0	14.0	1.6087004329004326	0.005567510550041723
14.0	15.0	1.6081504347826086	0.004953334616963182
14.0	16.0	1.6081304347826089	0.004974049230657371
14.0	17.0	1.6082672489082965	0.005479853198992628
14.0	18.0	1.6079085201793726	0.004849172777814325
14.0	19.0	1.6079941747572812	0.0051623652216310646
14.0	20.0	1.6074561797752809	0.0056960776484935504
14.0	21.0	1.6070154929577465	0.00517185914930346
14.0	22.0	1.6072888888888888	0.004958620047209272
14.0	23.0	1.6064342105263159	0.004672631025637953
14.0	24.0	1.6062317460317463	0.004956710192704424
14.0	25.0	1.6079472222222224	0.005798102453690537
14.0	26.0	1.6074150000000003	0.004310608089964039
14.0	27.0	1.6065	0.0036313450217056896
14.0	28.0	1.6091583333333335	0.006337831337342964
14.0	29.0	1.6086624999999999	0.0039005265212349403
14.0	30.0	1.6059666666666665	0.0032389298644253887
14.0	31.0	1.6044	0.006788716128007326
14.0	32.0	1.6078000000000001	0.003959797974644701
14.0	33.0	NaN	NaN
14.0	34.0	NaN	NaN
14.0	35.0	NaN	NaN
15.0	1.0	1.6128805194805191	0.005881822527984485
15.0	2.0	1.61204632034632	0.00518661084461268
15.0	3.0	1.6110164502164503	0.005479867298130443
15.0	4.0	1.6107753246753245	0.005516587378730719
15.0	5.0	1.6111077922077923	0.005183982846030553
15.0	6.0	1.6096558441558442	0.0051373608562092716
15.0	7.0	1.6100419913419912	0.005180902508243585
15.0	8.0	1.6099367965367966	0.004852026573208193
15.0	9.0	1.610260606060606	0.005406313344500076
15.0	10.0	1.6093562770562768	0.005189440950986505
15.0	11.0	1.6091636363636366	0.0047224968273769045
15.0	12.0	1.6093242424242427	0.00493836984299398
15.0	13.0	1.6085666666666671	0.005376928706877244
15.0	14.0	1.6091683982683986	0.005042868105319554
15.0	15.0	1.6080264069264067	0.0053786489809038345
15.0	16.0	1.6085467532467534	0.005057252676122915
15.0	17.0	1.60813056768559	0.005589324891835784
15.0	18.0	1.6076855203619909	0.005102884062049598
15.0	19.0	1.6072269607843137	0.005147490524319774
15.0	20.0	1.6074194444444443	0.004998648948440514
15.0	21.0	1.6077389261744965	0.005370637279229852
15.0	22.0	1.6071743119266058	0.005350344462253234
15.0	23.0	1.607996153846154	0.005451806380200303
15.0	24.0	1.6070054545454546	0.00598814935183924
15.0	25.0	1.6062222222222222	0.005308059161642049
15.0	26.0	1.6092952380952381	0.005304759767461323
15.0	27.0	1.6038785714285717	0.0026041914650834106
15.0	28.0	1.60673	0.007568509320423236
15.0	29.0	1.6077000000000001	0.0062696092382221544
15.0	30.0	1.6066	0.003683295625749684
15.0	31.0	1.6102	0.005386093203798087
15.0	32.0	NaN	NaN
15.0	33.0	NaN	NaN
15.0	34.0	NaN	NaN
16.0	1.0	1.6132683982683984	0.005351764969882978
16.0	2.0	1.6117554112554113	0.004876657237124065
16.0	3.0	1.6115636363636368	0.005197881903678168
16.0	4.0	1.6109662337662338	0.005407939663678334
16.0	5.0	1.6104774891774891	0.005596677175565075
16.0	6.0	1.6101670995670998	0.005168949921409891
16.0	7.0	1.6106969696969697	0.005233490762382913
16.0	8.0	1.6102857142857143	0.005084008542198056
16.0	9.0	1.6097627705627706	0.004900505664609399
16.0	10.0	1.6094567099567099	0.004827019559128058
16.0	11.0	1.609291341991342	0.005355307275714065
16.0	12.0	1.6081974025974026	0.005189721631790232
16.0	13.0	1.6085285714285715	0.004891497249474328
16.0	14.0	1.6091450216450216	0.004725229129430279
16.0	15.0	1.6088380952380954	0.005218130917210791
16.0	16.0	1.608768260869565	0.00548372674109052
16.0	17.0	1.6080934210526316	0.005155639370604873
16.0	18.0	1.60813623853211	0.005076721843883844
16.0	19.0	1.6081073170731706	0.004463313980461992
16.0	20.0	1.6078092391304348	0.005009517877328032
16.0	21.0	1.6072662162162163	0.005194863423974574
16.0	22.0	1.607145	0.005441342672910206
16.0	23.0	1.6066464285714286	0.004506205799303877
16.0	24.0	1.606853125	0.004857034458407582
16.0	25.0	1.6072612244897961	0.005239625317652768
16.0	26.0	1.6065941176470588	0.0048610973431602025
16.0	27.0	1.605795	0.005737180216979912
16.0	28.0	1.6056899999999998	0.004532463151777612
16.0	29.0	1.607742857142857	0.004100348417251533
16.0	30.0	1.60935	0.004972926703662482
16.0	31.0	1.6061999999999999	0.0049295030175464435
16.0	32.0	1.60785	0.0009192388155425676
16.0	33.0	1.6075499999999998	0.005868986283848326
16.0	34.0	NaN	NaN
17.0	1.0	1.6124406926406927	0.005457837399866396
17.0	2.0	1.6113090909090912	0.0054301937306664395
17.0	3.0	1.6111277056277054	0.005092049507931866
17.0	4.0	1.6109748917748918	0.005357738966771566
17.0	5.0	1.6103623376623377	0.005089675114626177
17.0	6.0	1.6101086580086579	0.005440900934021654
17.0	7.0	1.6100554112554113	0.005158720238978529
17.0	8.0	1.610065800865801	0.005047935362209255
17.0	9.0	1.6099272727272724	0.005240070602668304
17.0	10.0	1.609484848484848	0.005407425237054567
17.0	11.0	1.609020346320346	0.005075497136625001
17.0	12.0	1.609276623376623	0.004982514541628361
17.0	13.0	1.6084887445887446	0.005682180665267719
17.0	14.0	1.6091813852813854	0.005448585758552777
17.0	15.0	1.6079445887445882	0.005207682759293041
17.0	16.0	1.6086926406926407	0.005095726039141925
17.0	17.0	1.6077751111111107	0.005148916591234708
17.0	18.0	1.6076778280542987	0.00506140537322575
17.0	19.0	1.6071902439024386	0.005614075661091082
17.0	20.0	1.6070120689655178	0.005350514347903749
17.0	21.0	1.6073318518518518	0.005105113793399703
17.0	22.0	1.6065168224299062	0.004989696666798698
17.0	23.0	1.60621625	0.005373197519380649
17.0	24.0	1.6064473684210525	0.006356804713487235
17.0	25.0	1.607137142857143	0.004860106856383112
17.0	26.0	1.6077708333333334	0.004179294632254146
17.0	27.0	1.6047312499999997	0.0058569296563984906
17.0	28.0	1.606246153846154	0.005289236773016078
17.0	29.0	1.6051833333333334	0.005112892201745181
17.0	30.0	1.6110999999999998	0.003225678223257853
17.0	31.0	1.6088799999999999	0.0016664333169977424
17.0	32.0	1.60612	0.0030865838721797515
17.0	33.0	NaN	NaN
17.0	34.0	NaN	NaN
17.0	35.0	NaN	NaN
17.0	36.0	NaN	NaN
17.0	37.0	NaN	NaN
17.0	38.0	NaN	NaN
18.0	1.0	1.6127602678571427	0.00516100260705162
18.0	2.0	1.6120116071428576	0.006006569580301058
18.0	3.0	1.6117388392857142	0.005110620305041866
18.0	4.0	1.610634375	0.00514357333891771
18.0	5.0	1.609870982142857	0.005441998027271571
18.0	6.0	1.6110683035714284	0.005077350106575333
18.0	7.0	1.610499553571429	0.005476083325611974
18.0	8.0	1.6095803571428575	0.004908386513696848
18.0	9.0	1.6097745535714283	0.005237414963020885
18.0	10.0	1.6092513392857142	0.005292858204605057
18.0	11.0	1.608703571428572	0.005351952471710585
18.0	12.0	1.6092174107142854	0.005528573189952001
18.0	13.0	1.6087263392857138	0.005410492462941233
18.0	14.0	1.6091191964285714	0.004718605220382058
18.0	15.0	1.6088669642857145	0.005302438535263129
18.0	16.0	1.6082129464285713	0.00537764533104724
18.0	17.0	1.6081615384615384	0.005130507274637164
18.0	18.0	1.6074557603686639	0.005500679797862009
18.0	19.0	1.6071849999999999	0.005196826921329128
18.0	20.0	1.6074047619047611	0.005134884911733041
18.0	21.0	1.6071027586206899	0.00541084231514715
18.0	22.0	1.6060522522522525	0.005063790295220777
18.0	23.0	1.6055847222222221	0.005319288836354875
18.0	24.0	1.6074901960784314	0.005214911500762442
18.0	25.0	1.6060718750000003	0.005050022955872441
18.0	26.0	1.606815384615385	0.004782107678226593
18.0	27.0	1.606457142857143	0.004639249655131419
18.0	28.0	1.6056285714285714	0.005163240031128492
18.0	29.0	1.6096599999999999	0.0023954122818420917
18.0	30.0	1.60475	0.0036628768293059375
18.0	31.0	NaN	NaN
19.0	1.0	1.6119322115384616	0.00577817574085744
19.0	2.0	1.6116562499999998	0.005794079885104776
19.0	3.0	1.6114115384615384	0.005282736585734934
19.0	4.0	1.6108879807692313	0.005451684999425556
19.0	5.0	1.6101999999999994	0.004924865431350202
19.0	6.0	1.6100370192307687	0.005104561260428187
19.0	7.0	1.6094894230769228	0.005103345843266616
19.0	8.0	1.6088899038461537	0.00504434863295612
19.0	9.0	1.6096125000000006	0.005877997744804156
19.0	10.0	1.6093822115384617	0.0051867837356354765
19.0	11.0	1.6090235576923073	0.00499180708825144
19.0	12.0	1.6094374999999994	0.005384217184140176
19.0	13.0	1.6090658653846157	0.005151814859730591
19.0	14.0	1.6086778846153846	0.0049526249660412375
19.0	15.0	1.608789423076923	0.005071773137408582
19.0	16.0	1.6086432692307695	0.005549596571890568
19.0	17.0	1.6081774509803923	0.005359185418264509
19.0	18.0	1.6074587628865977	0.005437173003969262
19.0	19.0	1.6077994444444448	0.005260493606661183
19.0	20.0	1.607693421052632	0.004841222973022497
19.0	21.0	1.6066490740740746	0.0055040426157468205
19.0	22.0	1.6071749999999998	0.0046055615491597335
19.0	23.0	1.6069862745098038	0.004563420629652428
19.0	24.0	1.6050970588235294	0.005345147065137692
19.0	25.0	1.6076545454545454	0.0048237238403863346
19.0	26.0	1.6100937499999997	0.005085989743075245
19.0	27.0	1.60686	0.004827743894523765
19.0	28.0	1.6041	0.0031072495876578545
19.0	29.0	1.6087250000000002	0.003837859646556479
19.0	30.0	1.6046000000000002	0.004912229636326071
19.0	31.0	NaN	NaN
19.0	32.0	NaN	NaN
19.0	33.0	NaN	NaN
19.0	34.0	NaN	NaN
19.0	35.0	NaN	NaN
19.0	36.0	NaN	NaN
19.0	37.0	NaN	NaN
19.0	38.0	NaN	NaN
20.0	1.0	1.6116637362637358	0.005599151800079646
20.0	2.0	1.612404945054945	0.005152613213228905
20.0	3.0	1.6117829670329666	0.005381273647121611
20.0	4.0	1.6103895604395604	0.005542826813773561
20.0	5.0	1.6104241758241755	0.005106865504772195
20.0	6.0	1.610572527472527	0.005060584682968477
20.0	7.0	1.6099313186813187	0.004969938071980126
20.0	8.0	1.6102675824175827	0.00498944672818447
20.0	9.0	1.6099901098901095	0.005251520273333016
20.0	10.0	1.609448901098901	0.004838208186328177
20.0	11.0	1.6099873626373629	0.0049409669430037695
20.0	12.0	1.6093186813186815	0.005182437662907797
20.0	13.0	1.6079296703296702	0.004776403661220011
20.0	14.0	1.6089637362637363	0.004963213102995826
20.0	15.0	1.6085170329670329	0.004821611796831964
20.0	16.0	1.6080076923076922	0.005104428383303262
20.0	17.0	1.6076	0.005036698654211251
20.0	18.0	1.607830681818182	0.0051582357549743735
20.0	19.0	1.607377564102564	0.0052059838240729765
20.0	20.0	1.6065787878787878	0.005378938717410108
20.0	21.0	1.606916	0.005463112665870993
20.0	22.0	1.6078828571428572	0.004756596378686221
20.0	23.0	1.6066693877551024	0.005204853667556881
20.0	24.0	1.607675	0.005792131361967334
20.0	25.0	1.6070461538461536	0.004726455819679757
20.0	26.0	1.6081153846153846	0.005294312381201504
20.0	27.0	1.6041666666666665	0.004047530111067747
20.0	28.0	1.6076666666666666	0.005382812152273775
20.0	29.0	1.6047666666666665	0.004576388678131782
20.0	30.0	1.6077	0.0018384776310849781
21.0	1.0	1.6120846153846153	0.005576623488145485
21.0	2.0	1.6109871794871793	0.005025312931340605
21.0	3.0	1.6111903846153848	0.005862673383871504
21.0	4.0	1.6111512820512819	0.005713712844969773
21.0	5.0	1.6117346153846155	0.005712201472074345
21.0	6.0	1.6105403846153845	0.005354211834364204
21.0	7.0	1.6101352564102562	0.004562763798644055
21.0	8.0	1.609526282051282	0.004947350052228832
21.0	9.0	1.609857692307692	0.004976175996025901
21.0	10.0	1.6091320512820515	0.005348367096956307
21.0	11.0	1.6095301282051282	0.004913528656111124
21.0	12.0	1.6086961538461537	0.0050605225360103815
21.0	13.0	1.608430128205128	0.005234690980456889
21.0	14.0	1.6086538461538462	0.004955614406299242
21.0	15.0	1.6088987179487182	0.005287770274394729
21.0	16.0	1.608221290322581	0.005121637155775998
21.0	17.0	1.6078769736842107	0.0045284892206804905
21.0	18.0	1.6070865771812084	0.005457794546633251
21.0	19.0	1.6072635036496352	0.004399212428051061
21.0	20.0	1.6064630630630639	0.0049616882744032325
21.0	21.0	1.6069741935483874	0.005174244394023961
21.0	22.0	1.606847222222222	0.004993657166204313
21.0	23.0	1.6056811320754718	0.004426018205486443
21.0	24.0	1.6065302325581394	0.004019389605620713
21.0	25.0	1.6085142857142856	0.0058173886394163625
21.0	26.0	1.6066200000000002	0.004983192804449323
21.0	27.0	1.6064866666666666	0.004219320640419102
21.0	28.0	1.6052111111111111	0.003641924094638881
21.0	29.0	1.6075125	0.004198107566851679
21.0	30.0	1.60424	0.0020032473636572745
21.0	31.0	1.6082999999999998	0.0008485281374239206
21.0	32.0	1.6114000000000002	0.0045254833995938765
21.0	33.0	1.60995	0.006434671708797659
21.0	34.0	NaN	NaN
22.0	1.0	1.611978181818182	0.006211034599189318
22.0	2.0	1.6106454545454545	0.00562816697983995
22.0	3.0	1.6106945454545452	0.005258384939961511
22.0	4.0	1.611590909090909	0.005426160645378817
22.0	5.0	1.610620909090909	0.005211351326883484
22.0	6.0	1.6106463636363642	0.00552038220443741
22.0	7.0	1.6098327272727269	0.00535093422505835
22.0	8.0	1.6099590909090913	0.0054417060103965735
22.0	9.0	1.610197272727273	0.0056800707304503805
22.0	10.0	1.6093227272727268	0.005066034750184313
22.0	11.0	1.609043636363636	0.004943748295170878
22.0	12.0	1.608490909090909	0.005254225830151251
22.0	13.0	1.609067272727273	0.004852278554724968
22.0	14.0	1.6091690909090908	0.004747026987601567
22.0	15.0	1.60811	0.005524324027725276
22.0	16.0	1.6076254545454542	0.005313310900678858
22.0	17.0	1.607756880733945	0.004618809510165949
22.0	18.0	1.6075566037735847	0.004797043114410108
22.0	19.0	1.6068030303030303	0.005295520913372958
22.0	20.0	1.607034831460674	0.005253961732990293
22.0	21.0	1.6078887323943662	0.004623528315529928
22.0	22.0	1.6060288461538461	0.005317279878772658
22.0	23.0	1.6080170731707315	0.003967171690198462
22.0	24.0	1.606485714285714	0.004741910404648584
22.0	25.0	1.606055	0.004631070695797437
22.0	26.0	1.6062818181818186	0.004898125801123981
22.0	27.0	1.6076499999999998	0.005332380867331729
22.0	28.0	1.6057333333333335	0.005911908885179669
22.0	29.0	1.6064	0.002394786002965596
22.0	30.0	1.6094333333333333	0.003696394639825835
22.0	31.0	NaN	NaN
22.0	32.0	NaN	NaN
22.0	33.0	NaN	NaN
22.0	34.0	NaN	NaN
22.0	35.0	NaN	NaN
23.0	1.0	1.6124687500000001	0.005267276426139703
23.0	2.0	1.6125800000000001	0.004585568998278696
23.0	3.0	1.6120825000000003	0.005655014018046624
23.0	4.0	1.6112212500000003	0.005280623614640007
23.0	5.0	1.6109637499999998	0.00516328920163754
23.0	6.0	1.6104399999999999	0.004454370631359608
23.0	7.0	1.6094000000000004	0.005518346844729326
23.0	8.0	1.6099162500000002	0.0056753618910988105
23.0	9.0	1.6091437499999999	0.005964936443261733
23.0	10.0	1.6093349999999997	0.004017906123872628
23.0	11.0	1.60874625	0.0052718729107729565
23.0	12.0	1.6091537500000002	0.00509809951559266
23.0	13.0	1.6079662499999998	0.005013650827516132
23.0	14.0	1.6084037499999997	0.005818900756385028
23.0	15.0	1.60810125	0.005207139542511784
23.0	16.0	1.6086175	0.004801180630119837
23.0	17.0	1.6075575	0.004863341951447459
23.0	18.0	1.6083093333333334	0.005401005245105541
23.0	19.0	1.606223188405797	0.004363186400662061
23.0	20.0	1.607858181818182	0.005253383069035949
23.0	21.0	1.6076173913043479	0.0053131411235759545
23.0	22.0	1.6076290322580644	0.00445287873540904
23.0	23.0	1.6064999999999998	0.0063513122003777105
23.0	24.0	1.6059473684210528	0.004859626005391837
23.0	25.0	1.6089090909090908	0.005012674843924052
23.0	26.0	1.6067714285714287	0.005408855173298142
23.0	27.0	1.6094	0.0038157568056677465
23.0	28.0	1.6073666666666666	0.001193035344544878
23.0	29.0	1.60545	0.0009192388155425676
23.0	30.0	NaN	NaN
23.0	31.0	NaN	NaN
23.0	32.0	NaN	NaN
24.0	1.0	1.611731034482759	0.005300817775259718
24.0	2.0	1.6122344827586206	0.004698993984313007
24.0	3.0	1.6109000000000002	0.0052152273671651215
24.0	4.0	1.6114827586206895	0.00561767692297175
24.0	5.0	1.6096465517241376	0.006105913599392183
24.0	6.0	1.6100844827586207	0.004921731321542442
24.0	7.0	1.6097517241379309	0.004771525239957091
24.0	8.0	1.6099103448275864	0.005813888080781205
24.0	9.0	1.6104293103448277	0.005456173346422102
24.0	10.0	1.6089982758620687	0.0054906137253006426
24.0	11.0	1.607565517241379	0.0050242762147550924
24.0	12.0	1.6089396551724138	0.004983303338119165
24.0	13.0	1.6093655172413797	0.005401674585187349
24.0	14.0	1.6100586206896557	0.005520425691784266
24.0	15.0	1.6089103448275863	0.004937102270196185
24.0	16.0	1.6096362068965513	0.005103170609751595
24.0	17.0	1.6080931034482757	0.004961637465594187
24.0	18.0	1.608041818181818	0.004513588164030712
24.0	19.0	1.607771111111111	0.005427858368145456
24.0	20.0	1.6074875	0.005806679950822325
24.0	21.0	1.6064225806451615	0.004366593613441293
24.0	22.0	1.6073350000000002	0.005356282587569001
24.0	23.0	1.6069642857142856	0.00558412683662114
24.0	24.0	1.6103333333333334	0.004258520869973497
24.0	25.0	1.6060571428571428	0.004586159301949461
24.0	26.0	1.6068	0.0015033296378372829
24.0	27.0	1.6029499999999999	0.002474873734152958
24.0	28.0	1.5981999999999998	0.0018384776310849781
24.0	29.0	NaN	NaN
24.0	30.0	NaN	NaN
24.0	31.0	NaN	NaN
25.0	1.0	1.6107095238095237	0.005613564126892697
25.0	2.0	1.6122071428571427	0.006022291633230616
25.0	3.0	1.6107642857142859	0.004986167276726515
25.0	4.0	1.610185714285714	0.00590235882688051
25.0	5.0	1.609561904761905	0.006238274948427004
25.0	6.0	1.610285714285714	0.005150826191298043
25.0	7.0	1.6099428571428573	0.005627421662223281
25.0	8.0	1.6099238095238098	0.0054726731116725895
25.0	9.0	1.6108928571428571	0.005065300070910141
25.0	10.0	1.609107142857143	0.006070335421163777
25.0	11.0	1.609452380952381	0.005123843740845731
25.0	12.0	1.6075523809523813	0.00594959470213125
25.0	13.0	1.6077333333333337	0.004721030616433345
25.0	14.0	1.6078761904761905	0.005100684292868626
25.0	15.0	1.6090833333333332	0.005016359415813203
25.0	16.0	1.6084073170731708	0.004096302616012543
25.0	17.0	1.6073780487804878	0.003880625735311389
25.0	18.0	1.6076105263157894	0.005374202114189021
25.0	19.0	1.6086281249999996	0.00392183584191989
25.0	20.0	1.6079333333333337	0.004502648793082389
25.0	21.0	1.6064136363636363	0.005088015372706772
25.0	22.0	1.6051624999999996	0.005410961097623968
25.0	23.0	1.60899	0.007203617918179151
25.0	24.0	1.6097	0.003626292872893747
25.0	25.0	1.6079666666666668	0.006999904761256906
25.0	26.0	1.60705	0.0021920310216783697
25.0	27.0	NaN	NaN
25.0	28.0	NaN	NaN
25.0	29.0	NaN	NaN
26.0	1.0	1.6129086956521739	0.00550858116062224
26.0	2.0	1.6107304347826088	0.006514071117944938
26.0	3.0	1.6112217391304349	0.005854520904374903
26.0	4.0	1.6114999999999997	0.0060533236550449785
26.0	5.0	1.6079260869565217	0.006316444439376577
26.0	6.0	1.609986956521739	0.004336138242913858
26.0	7.0	1.610552173913044	0.0053034182429154385
26.0	8.0	1.6095695652173914	0.00359689699382531
26.0	9.0	1.6100130434782611	0.004246742532151812
26.0	10.0	1.6108695652173914	0.005150766472760847
26.0	11.0	1.606465217391304	0.0061159707990006956
26.0	12.0	1.6091391304347824	0.004871786971984253
26.0	13.0	1.609226086956522	0.004627410172135777
26.0	14.0	1.6081347826086956	0.005931013150891447
26.0	15.0	1.6086086956521741	0.0042337296091226745
26.0	16.0	1.6108652173913043	0.0048128246002125605
26.0	17.0	1.607790909090909	0.0041330156280636205
26.0	18.0	1.6081863636363636	0.00641377204626667
26.0	19.0	1.6070409090909088	0.005039242109579669
26.0	20.0	1.6062055555555554	0.005808054470476827
26.0	21.0	1.60622	0.004435280632126243
26.0	22.0	1.60585	0.004935677166398642
26.0	23.0	1.606442857142857	0.005658874193941492
26.0	24.0	1.6060833333333333	0.004429183521448006
26.0	25.0	1.6077833333333331	0.001784843597256286
26.0	26.0	1.6038333333333334	0.00895842248017653
26.0	27.0	NaN	NaN
26.0	28.0	NaN	NaN
26.0	29.0	NaN	NaN
26.0	30.0	NaN	NaN
26.0	31.0	NaN	NaN
27.0	1.0	1.6117416666666669	0.005769742129629725
27.0	2.0	1.6115416666666667	0.003939879632063839
27.0	3.0	1.6156833333333331	0.006232879581604977
27.0	4.0	1.6115333333333333	0.005227955159669518
27.0	5.0	1.6091083333333334	0.004573532220253457
27.0	6.0	1.6114250000000003	0.005601805715367772
27.0	7.0	1.6087833333333332	0.0070084148555774545
27.0	8.0	1.6086333333333336	0.0053309274876692375
27.0	9.0	1.6111083333333334	0.0068986768604017415
27.0	10.0	1.6076749999999997	0.005742999691323834
27.0	11.0	1.6087000000000005	0.004590107940897587
27.0	12.0	1.6091166666666668	0.0032724284375349926
27.0	13.0	1.6066916666666666	0.004790607919922525
27.0	14.0	1.6065916666666669	0.005000992325771405
27.0	15.0	1.6057666666666668	0.0029656620702890844
27.0	16.0	1.609733333333333	0.00472312172062914
27.0	17.0	1.605463636363636	0.004859068373108747
27.0	18.0	1.6097454545454546	0.006053819230265069
27.0	19.0	1.6083363636363637	0.004994051006402001
27.0	20.0	1.6077555555555554	0.004561006224264289
27.0	21.0	1.6079666666666668	0.006991041887062822
27.0	22.0	1.6077	0.0032103997674225527
27.0	23.0	1.6077	0.00014142135623729392
27.0	24.0	1.60595	0.0002121320343560979
27.0	25.0	1.6024	0.006081118318204267
27.0	26.0	NaN	NaN
27.0	27.0	NaN	NaN
28.0	1.0	1.613490909090909	0.007767039918199803
28.0	2.0	1.610909090909091	0.004965169593368303
28.0	3.0	1.6116545454545455	0.006201026308017659
28.0	4.0	1.611881818181818	0.0036569982723042467
28.0	5.0	1.608572727272727	0.004251844519521149
28.0	6.0	1.6117909090909088	0.0031280839328427634
28.0	7.0	1.609427272727273	0.006105586115859908
28.0	8.0	1.6131090909090908	0.006491602967750668
28.0	9.0	1.6079272727272729	0.00419835465607447
28.0	10.0	1.6097363636363637	0.0035777849927776666
28.0	11.0	1.6091818181818178	0.004660433066104073
28.0	12.0	1.6089727272727274	0.004274363323137332
28.0	13.0	1.6090000000000002	0.004575587393985582
28.0	14.0	1.6089999999999998	0.006528552672683274
28.0	15.0	1.6088090909090909	0.004316817009198904
28.0	16.0	1.6092999999999997	0.0050386506130113634
28.0	17.0	1.6078200000000002	0.005514788199821385
28.0	18.0	1.6099400000000004	0.004913292627601611
28.0	19.0	1.60362	0.0073591666194844155
28.0	20.0	1.6073166666666665	0.0065819196794451055
28.0	21.0	1.6099	0.0041683330001332656
28.0	22.0	1.6063749999999999	0.009263323737550483
28.0	23.0	1.6125	0.0036769552621699563
29.0	1.0	1.6081	0.006881860213634107
29.0	2.0	1.6133333333333333	0.005073328953129959
29.0	3.0	1.6154333333333335	0.005051996305092356
29.0	4.0	1.6094000000000002	0.005046583002388858
29.0	5.0	1.60875	0.006540259933672367
29.0	6.0	1.615033333333333	0.003999333277768479
29.0	7.0	1.6129	0.005740731660685752
29.0	8.0	1.6078666666666666	0.006419553463183144
29.0	9.0	1.6061166666666669	0.003918885896101928
29.0	10.0	1.6099333333333334	0.0022042383416197553
29.0	11.0	1.6095166666666667	0.0022736900990827074
29.0	12.0	1.6055833333333334	0.0022964465303304035
29.0	13.0	1.6115833333333331	0.0063744542250036545
29.0	14.0	1.6075166666666665	0.0038778430430674404
29.0	15.0	1.6077333333333332	0.006024173525610504
29.0	16.0	1.6097333333333335	0.0051682363207062095
29.0	17.0	1.6052333333333333	0.004368828981164985
29.0	18.0	1.60614	0.006376754660483697
29.0	19.0	1.60775	0.006590144156238126
29.0	20.0	1.609875	0.006901388749133488
29.0	21.0	1.6056666666666668	0.0035246749259093164
29.0	22.0	1.6054666666666666	0.005986930209492351
29.0	23.0	NaN	NaN
29.0	24.0	NaN	NaN
30.0	1.0	1.6067	0.0025238858928247343
30.0	2.0	1.6091666666666669	0.006018582335844008
30.0	3.0	1.6126333333333334	0.004895235779136029
30.0	4.0	1.6092333333333333	0.004315476026272562
30.0	5.0	1.6057666666666666	0.005919740985324713
30.0	6.0	1.6079999999999999	0.0064953829756219175
30.0	7.0	1.614766666666667	0.003156474826976015
30.0	8.0	1.6053666666666666	0.002891942830232462
30.0	9.0	1.6147	0.003340658617698084
30.0	10.0	1.6107666666666667	0.00560743553982869
30.0	11.0	1.6098333333333332	0.008174554014338259
30.0	12.0	1.6115666666666666	0.003547299442298742
30.0	13.0	1.6143666666666665	0.005389186704256335
30.0	14.0	1.6130666666666666	0.005688878038184131
30.0	15.0	1.6075000000000002	0.0031796226191169175
30.0	16.0	1.6090333333333333	0.0044747439405326325
30.0	17.0	1.6125	0.005047771785649583
30.0	18.0	1.6077333333333332	0.003189566323708161
30.0	19.0	1.6109499999999999	0.0006363961030678226
30.0	20.0	1.6114000000000002	0.004384062043356582
30.0	21.0	1.6087	0.011172287142747477
30.0	22.0	1.6061999999999999	0.0033941125496955256
30.0	23.0	NaN	NaN
30.0	24.0	NaN	NaN
30.0	25.0	NaN	NaN
30.0	26.0	NaN	NaN
30.0	27.0	NaN	NaN
30.0	28.0	NaN	NaN
31.0	1.0	1.6103	0.0031112698372207804
31.0	2.0	1.6130499999999999	0.0030405591591021333
31.0	3.0	1.61635	0.0037476659402887603
31.0	4.0	1.60865	0.0002121320343559409
31.0	5.0	1.6008	0.00042426406871188177
31.0	6.0	1.608	0.001979898987322272
31.0	7.0	1.60825	0.0030405591591021333
31.0	8.0	1.6096	0.0005656854249493327
31.0	9.0	1.6141999999999999	0.002404163056034154
31.0	10.0	1.6118000000000001	0.006363961030679012
31.0	11.0	1.6109499999999999	0.0004949747468305288
31.0	12.0	1.60985	0.0016263455967290372
31.0	13.0	1.6074000000000002	0.0014142135623730963
31.0	14.0	1.60545	0.001767766952966331
31.0	15.0	1.611	0.00509116882454321
31.0	16.0	1.6052	0.0036769552621699563
31.0	17.0	NaN	NaN
31.0	18.0	NaN	NaN
31.0	19.0	NaN	NaN
31.0	20.0	NaN	NaN
32.0	1.0	NaN	NaN
32.0	2.0	NaN	NaN
32.0	3.0	NaN	NaN
32.0	4.0	NaN	NaN
32.0	5.0	NaN	NaN
32.0	6.0	NaN	NaN
32.0	7.0	NaN	NaN
32.0	8.0	NaN	NaN
32.0	9.0	NaN	NaN
32.0	10.0	NaN	NaN
32.0	11.0	NaN	NaN
32.0	12.0	NaN	NaN
32.0	13.0	NaN	NaN
32.0	14.0	NaN	NaN
32.0	15.0	NaN	NaN
32.0	16.0	NaN	NaN
32.0	17.0	NaN	NaN
32.0	18.0	NaN	NaN
32.0	19.0	NaN	NaN
32.0	20.0	NaN	NaN
32.0	21.0	NaN	NaN
