# GENERATION TIME IN LINEAGE
# original file "wt_decCap_highRe_3gen.txt" 
# mother	daughter	genTMean	genTStd
0.0	0.0	1.6602299999999999	0.012161693047342418
0.0	1.0	1.65223	0.028587256290561053
0.0	2.0	1.6640599999999999	0.014268940628745584
0.0	3.0	1.65958	0.0227627766320368
0.0	4.0	1.65284	0.024839404179649725
0.0	5.0	1.65021	0.02002800539244984
0.0	6.0	1.6744500000000002	0.028648996492023966
0.0	7.0	1.66695	0.025620532130825564
0.0	8.0	1.6709299999999998	0.028091400423933616
0.0	9.0	1.6581	0.01248412325048636
0.0	10.0	1.67741	0.026442787296349805
0.0	11.0	1.6747600000000002	0.022194353636304294
0.0	12.0	1.67693	0.015415508064572175
0.0	13.0	1.6859799999999996	0.017507636429093865
0.0	14.0	1.6763900000000003	0.0214386178037049
0.0	15.0	1.68016	0.016850268708704767
0.0	16.0	1.68265	0.019061319180185
0.0	17.0	1.6859300000000002	0.02021391434960915
0.0	18.0	1.69998	0.01835736606621135
0.0	19.0	1.6875125000000002	0.02764134778086731
0.0	20.0	1.6919250000000001	0.02507079974791392
0.0	21.0	1.706525	0.022998990661082748
0.0	22.0	1.68808	0.010960930617424834
0.0	23.0	1.70126	0.015524593392420988
0.0	24.0	1.70914	0.024601483695094538
0.0	25.0	1.68265	0.022132442251138855
1.0	1.0	1.6447571428571428	0.022030392614698534
1.0	2.0	1.6500913419913419	0.020915962562845617
1.0	3.0	1.6525757575757578	0.02028660773091281
1.0	4.0	1.657188311688312	0.018899903202139804
1.0	5.0	1.6583303030303027	0.020161000652226504
1.0	6.0	1.6638125541125537	0.018990610219043094
1.0	7.0	1.6639060606060607	0.019900711317323346
1.0	8.0	1.6666060606060609	0.021040572764062047
1.0	9.0	1.668660606060606	0.019870352780740792
1.0	10.0	1.6715935064935068	0.02037035359234423
1.0	11.0	1.6722294372294373	0.021767562607141508
1.0	12.0	1.6731030303030303	0.02042330806986148
1.0	13.0	1.675004329004329	0.020692598516188224
1.0	14.0	1.6790402597402592	0.020669403515132512
1.0	15.0	1.681225541125541	0.020061100072502343
1.0	16.0	1.6827519480519486	0.0210711131980725
1.0	17.0	1.6834878260869566	0.021657489190767813
1.0	18.0	1.6845589519650654	0.021618806196294586
1.0	19.0	1.6868313901345287	0.02233602917732185
1.0	20.0	1.6891941747572812	0.022408175011911006
1.0	21.0	1.693396590909091	0.02294294263783783
1.0	22.0	1.6933503546099289	0.022051438644721685
1.0	23.0	1.6919936936936937	0.019403890328203784
1.0	24.0	1.6951394736842105	0.020199993920443762
1.0	25.0	1.7024596774193548	0.02491263067416508
1.0	26.0	1.6934720930232559	0.021888193442621454
1.0	27.0	1.6956387096774193	0.02084429062388316
1.0	28.0	1.695172727272727	0.017773071707560255
1.0	29.0	1.703818181818182	0.02674097298834948
1.0	30.0	1.6998571428571425	0.02083417522108467
1.0	31.0	1.7055399999999998	0.027346444010145014
1.0	32.0	1.67665	0.008273149339882636
1.0	33.0	NaN	NaN
1.0	34.0	NaN	NaN
1.0	35.0	NaN	NaN
1.0	36.0	NaN	NaN
1.0	37.0	NaN	NaN
1.0	38.0	NaN	NaN
1.0	39.0	NaN	NaN
1.0	40.0	NaN	NaN
1.0	41.0	NaN	NaN
1.0	42.0	NaN	NaN
1.0	43.0	NaN	NaN
1.0	44.0	NaN	NaN
1.0	45.0	NaN	NaN
1.0	46.0	NaN	NaN
2.0	1.0	1.6442086580086581	0.021192702054366307
2.0	2.0	1.651795238095238	0.020910102068857066
2.0	3.0	1.6517467532467534	0.021158139051164527
2.0	4.0	1.6581584415584414	0.022633420944427662
2.0	5.0	1.6606822510822514	0.020575844557597693
2.0	6.0	1.66062987012987	0.020362154141627755
2.0	7.0	1.6660896103896103	0.021225273600421767
2.0	8.0	1.670312121212121	0.021702482933546926
2.0	9.0	1.6697982683982682	0.019927546949469258
2.0	10.0	1.6719558441558442	0.021830065985121015
2.0	11.0	1.6733770562770565	0.02102531480385412
2.0	12.0	1.674752813852814	0.02215769526460529
2.0	13.0	1.679618614718615	0.019318147579380877
2.0	14.0	1.6780757575757577	0.020237960913184493
2.0	15.0	1.6797606060606056	0.02175966067461926
2.0	16.0	1.6809099567099566	0.020670936023438183
2.0	17.0	1.6825463203463207	0.01963917716910616
2.0	18.0	1.6874354978354977	0.021266907229793606
2.0	19.0	1.6884008810572686	0.022605996133044124
2.0	20.0	1.6917754716981133	0.022695091275932163
2.0	21.0	1.6954071038251366	0.023206270558071923
2.0	22.0	1.6920947368421053	0.020229401479295587
2.0	23.0	1.6959495049504953	0.024591728787388554
2.0	24.0	1.6954615384615381	0.021330078943413888
2.0	25.0	1.6976250000000002	0.022372356613140507
2.0	26.0	1.698891176470588	0.02559082894020243
2.0	27.0	1.6967250000000003	0.02420460754310611
2.0	28.0	1.6907500000000002	0.022361187966490677
2.0	29.0	1.7016200000000001	0.019472932781456214
2.0	30.0	1.703616666666667	0.025644135131968674
2.0	31.0	1.6902599999999999	0.017093946296861957
2.0	32.0	1.71905	0.016290385712642543
3.0	1.0	1.646838528138528	0.02068591908180508
3.0	2.0	1.6503766233766237	0.021583598217792682
3.0	3.0	1.6527727272727275	0.021489855865927526
3.0	4.0	1.6571679653679656	0.02166119179985487
3.0	5.0	1.6604419913419914	0.02086963913814627
3.0	6.0	1.663739393939394	0.021931659814975
3.0	7.0	1.6628735930735932	0.01959364902847558
3.0	8.0	1.6666004329004327	0.02007873523176782
3.0	9.0	1.6698272727272727	0.021650733312394446
3.0	10.0	1.6726051948051945	0.02032625992311143
3.0	11.0	1.6750887445887443	0.021104251656533752
3.0	12.0	1.6755783549783547	0.022131530898038532
3.0	13.0	1.6772194805194809	0.020424210094636124
3.0	14.0	1.6771709956709955	0.021021874287740053
3.0	15.0	1.6796372294372297	0.022274637539318097
3.0	16.0	1.6796826839826842	0.020159620719337083
3.0	17.0	1.6858530434782608	0.02187702159038619
3.0	18.0	1.6860669603524225	0.02221533017314758
3.0	19.0	1.6862597285067873	0.021578043510572003
3.0	20.0	1.6903580487804883	0.022470941935490766
3.0	21.0	1.6901896174863387	0.022172033452872487
3.0	22.0	1.696884713375796	0.02379976881380147
3.0	23.0	1.6999448598130842	0.024861196686557747
3.0	24.0	1.6910653846153842	0.02033822341475114
3.0	25.0	1.6975314814814817	0.024606816236786327
3.0	26.0	1.6987675675675675	0.02307256733359691
3.0	27.0	1.695936	0.024240442790235236
3.0	28.0	1.6995944444444444	0.021281847338607423
3.0	29.0	1.6946	0.024436634197636406
3.0	30.0	1.69565	0.017462449509079287
3.0	31.0	1.68285	0.017506655877122884
3.0	32.0	1.705625	0.03847955084630446
3.0	33.0	1.6886999999999999	0.021496046148071032
3.0	34.0	NaN	NaN
3.0	35.0	NaN	NaN
3.0	36.0	NaN	NaN
3.0	37.0	NaN	NaN
3.0	38.0	NaN	NaN
3.0	39.0	NaN	NaN
3.0	40.0	NaN	NaN
3.0	41.0	NaN	NaN
4.0	1.0	1.64587012987013	0.021379336213727076
4.0	2.0	1.651565367965368	0.020773394663421613
4.0	3.0	1.656218181818182	0.022038875103105343
4.0	4.0	1.6591493506493513	0.021028125823845244
4.0	5.0	1.661142424242424	0.02112907786650429
4.0	6.0	1.6631216450216448	0.021057000465082524
4.0	7.0	1.6665848484848487	0.021511260647643513
4.0	8.0	1.6731186147186148	0.020732231780355704
4.0	9.0	1.6692367965367962	0.02073251355694377
4.0	10.0	1.67365670995671	0.021048604941851082
4.0	11.0	1.6750922077922081	0.02092693562540101
4.0	12.0	1.6742826839826839	0.020072790444857852
4.0	13.0	1.6749281385281387	0.021841317755631546
4.0	14.0	1.6767463203463202	0.021719097424225967
4.0	15.0	1.6809497835497833	0.02298798906510297
4.0	16.0	1.6832575757575758	0.022084389946631717
4.0	17.0	1.6828367965367965	0.02162797677219075
4.0	18.0	1.6875513157894735	0.022432888615894785
4.0	19.0	1.688973271889401	0.021626506046567382
4.0	20.0	1.6885466666666669	0.023045193757624614
4.0	21.0	1.6928378698224857	0.020953459998566445
4.0	22.0	1.6949113475177302	0.022827527530839303
4.0	23.0	1.6962388888888893	0.02359703701237169
4.0	24.0	1.694449425287357	0.021343938051032883
4.0	25.0	1.701173134328358	0.024425983321849244
4.0	26.0	1.7006627906976741	0.023522249075086078
4.0	27.0	1.699467857142857	0.02165240647940101
4.0	28.0	1.6969631578947368	0.019850754548388107
4.0	29.0	1.6923818181818178	0.02186352296322891
4.0	30.0	1.6897428571428572	0.01910452452019828
4.0	31.0	1.695516666666667	0.0231302759747191
4.0	32.0	1.6941199999999998	0.023652314897278013
4.0	33.0	1.6879666666666668	0.02701135563671939
4.0	34.0	NaN	NaN
4.0	35.0	NaN	NaN
4.0	36.0	NaN	NaN
4.0	37.0	NaN	NaN
4.0	38.0	NaN	NaN
4.0	39.0	NaN	NaN
4.0	40.0	NaN	NaN
5.0	1.0	1.6464623376623375	0.021521502123272213
5.0	2.0	1.6514835497835496	0.019435751178330844
5.0	3.0	1.6547519480519481	0.02176661750233467
5.0	4.0	1.6590285714285713	0.02099798452321715
5.0	5.0	1.6642142857142859	0.02201022517881996
5.0	6.0	1.660151082251082	0.019890578633837107
5.0	7.0	1.6654164502164504	0.021905234384301996
5.0	8.0	1.6710567099567097	0.021050503154119517
5.0	9.0	1.6716822510822513	0.019807637660589548
5.0	10.0	1.6703870129870133	0.018946519817973805
5.0	11.0	1.6737640692640692	0.020637577774840078
5.0	12.0	1.6764995670995668	0.021044076927364277
5.0	13.0	1.677895670995671	0.021951218216268584
5.0	14.0	1.679247619047619	0.021398012523563773
5.0	15.0	1.682197402597403	0.02082597233405801
5.0	16.0	1.6825917748917751	0.021415174868820226
5.0	17.0	1.6868969565217393	0.02202733988676764
5.0	18.0	1.685562555066079	0.021901690212189455
5.0	19.0	1.690378703703703	0.020855021372593582
5.0	20.0	1.6925434343434347	0.02127961614485368
5.0	21.0	1.6902974999999993	0.021510459500543644
5.0	22.0	1.6945617187500004	0.021638737941474383
5.0	23.0	1.6951091836734693	0.022339928133668255
5.0	24.0	1.6889380952380952	0.019640161524296616
5.0	25.0	1.6980477272727277	0.021092889671986328
5.0	26.0	1.696508823529412	0.021658120006370324
5.0	27.0	1.6977846153846152	0.0228765153344244
5.0	28.0	1.7040523809523809	0.022282899700165167
5.0	29.0	1.6993	0.021903842889624044
5.0	30.0	1.69837	0.029864510710875515
5.0	31.0	1.6761200000000003	0.0187623825779137
5.0	32.0	1.70155	0.038751387071948806
5.0	33.0	1.6982	0.030146807459497306
5.0	34.0	1.6964000000000001	0.042426406871192736
5.0	35.0	NaN	NaN
5.0	36.0	NaN	NaN
5.0	37.0	NaN	NaN
5.0	38.0	NaN	NaN
6.0	1.0	1.645864935064935	0.02075250911744597
6.0	2.0	1.652009090909091	0.020343063224201843
6.0	3.0	1.6546662337662335	0.020867717591843676
6.0	4.0	1.6584640692640689	0.019297270788659046
6.0	5.0	1.6629060606060608	0.02121462083145485
6.0	6.0	1.6647930735930736	0.021184160296515726
6.0	7.0	1.6681034632034633	0.02135997854882465
6.0	8.0	1.67095670995671	0.019791033004606464
6.0	9.0	1.6704588744588746	0.022065696306943453
6.0	10.0	1.671587445887446	0.02093282149214623
6.0	11.0	1.6730385281385278	0.020813691887748263
6.0	12.0	1.6748649350649352	0.021833857431105757
6.0	13.0	1.6766774891774892	0.019807971928726832
6.0	14.0	1.6800012987012987	0.021261942895637414
6.0	15.0	1.6803142857142854	0.019823061104501362
6.0	16.0	1.6837316017316015	0.021728246423508107
6.0	17.0	1.685504782608696	0.02206538761813535
6.0	18.0	1.6855276315789474	0.021919946051359364
6.0	19.0	1.6920091324200912	0.023789279612321395
6.0	20.0	1.6910497461928937	0.02169675896130685
6.0	21.0	1.691099421965318	0.022651031849564376
6.0	22.0	1.693855303030303	0.020092888546360852
6.0	23.0	1.6962107526881725	0.02148263941340618
6.0	24.0	1.7031462686567165	0.020259777500036182
6.0	25.0	1.6916644444444446	0.02157348072766817
6.0	26.0	1.6959444444444443	0.024375244903437655
6.0	27.0	1.6963666666666664	0.021708162827225472
6.0	28.0	1.6970357142857146	0.024941704560306754
6.0	29.0	1.705466666666667	0.021109002818702732
6.0	30.0	1.7056857142857142	0.017162015088699828
6.0	31.0	1.69338	0.034175459031299094
6.0	32.0	1.6853333333333333	0.005672154205708169
6.0	33.0	1.6744333333333337	0.006208327740489646
6.0	34.0	1.6947666666666665	0.020533955618276093
6.0	35.0	NaN	NaN
7.0	1.0	1.6468398268398268	0.0218848819759285
7.0	2.0	1.6522112554112551	0.02118022772960573
7.0	3.0	1.6551913419913418	0.02050722276619956
7.0	4.0	1.659464502164502	0.02014423306381613
7.0	5.0	1.6635177489177493	0.02267593603163046
7.0	6.0	1.6657705627705628	0.022016578716448302
7.0	7.0	1.6673151515151514	0.021196713954689847
7.0	8.0	1.6687445887445889	0.0217587674219253
7.0	9.0	1.672800432900433	0.021624528138275905
7.0	10.0	1.6730779220779222	0.02161978938506967
7.0	11.0	1.673964069264069	0.021369331109436878
7.0	12.0	1.679037229437229	0.022556198398747323
7.0	13.0	1.6762614718614721	0.021576398851277816
7.0	14.0	1.677057142857143	0.01995736604933951
7.0	15.0	1.6814186147186145	0.02006862032006468
7.0	16.0	1.6821108225108226	0.020305666690737283
7.0	17.0	1.6867995670995675	0.019972538750985275
7.0	18.0	1.689514347826087	0.021465150251908417
7.0	19.0	1.6906789719626167	0.023170773983906854
7.0	20.0	1.6908272251308893	0.020637808740949143
7.0	21.0	1.694371974522293	0.024375652086990697
7.0	22.0	1.6963008474576269	0.023332162958789444
7.0	23.0	1.6984246913580245	0.021908214959600186
7.0	24.0	1.6943636363636363	0.024468130168433282
7.0	25.0	1.6980342105263162	0.021780654400560217
7.0	26.0	1.6988359999999998	0.026472058854573436
7.0	27.0	1.6856333333333335	0.022019344112654986
7.0	28.0	1.6914	0.017637233343129544
7.0	29.0	1.6934200000000001	0.01871622290955097
7.0	30.0	1.7000000000000002	0.0329511760032931
7.0	31.0	1.7328000000000001	0.0015556349186103902
7.0	32.0	1.6989	0.014990663761154883
7.0	33.0	NaN	NaN
7.0	34.0	NaN	NaN
8.0	1.0	1.6445476190476191	0.02110873672310943
8.0	2.0	1.6510770562770563	0.021033274714363018
8.0	3.0	1.6535623376623378	0.02062109118034487
8.0	4.0	1.6613965367965362	0.021821429159492985
8.0	5.0	1.662770562770563	0.020647621173314243
8.0	6.0	1.6646402597402599	0.021858059461226247
8.0	7.0	1.6654207792207791	0.020760625384286878
8.0	8.0	1.6708069264069263	0.0201380765151328
8.0	9.0	1.6706783549783548	0.02032996629254587
8.0	10.0	1.6706645021645021	0.020339168564699403
8.0	11.0	1.672939393939394	0.020655294248706765
8.0	12.0	1.6769246753246754	0.02016365966509502
8.0	13.0	1.6781632034632035	0.021799495130715184
8.0	14.0	1.6789688311688313	0.020894870972937827
8.0	15.0	1.680443722943723	0.020844024104333513
8.0	16.0	1.6826813852813851	0.020898191096746396
8.0	17.0	1.685365652173913	0.019525949440113717
8.0	18.0	1.6875181415929206	0.020600148394230237
8.0	19.0	1.6902154929577466	0.022071632830789098
8.0	20.0	1.6930657894736842	0.021775813925655144
8.0	21.0	1.6926240740740741	0.023943073806402274
8.0	22.0	1.6972698412698413	0.02598386659399642
8.0	23.0	1.6969302083333337	0.024596072086034468
8.0	24.0	1.6969549019607844	0.019726168545619704
8.0	25.0	1.692654761904762	0.022539214633242922
8.0	26.0	1.6985464285714287	0.02319020358530821
8.0	27.0	1.691357894736842	0.017444684506859376
8.0	28.0	1.6976249999999997	0.023801838164309926
8.0	29.0	1.6967333333333334	0.016974176465050242
8.0	30.0	1.711175	0.03033725707223158
8.0	31.0	1.6735	0.009402659198333186
8.0	32.0	NaN	NaN
8.0	33.0	NaN	NaN
9.0	1.0	1.6477372294372294	0.021349104433598498
9.0	2.0	1.6540190476190475	0.021729876866983033
9.0	3.0	1.6585818181818182	0.021503555179911392
9.0	4.0	1.660500432900433	0.0218397533387797
9.0	5.0	1.662962770562771	0.02146353427548585
9.0	6.0	1.6649852813852815	0.022040751778063687
9.0	7.0	1.666344155844156	0.020766030958859285
9.0	8.0	1.670913852813853	0.02078351517230357
9.0	9.0	1.6730852813852815	0.021567119696095146
9.0	10.0	1.6728965367965367	0.02099548369959983
9.0	11.0	1.6745909090909092	0.021682803335231097
9.0	12.0	1.6751255411255412	0.02109844619328939
9.0	13.0	1.6797272727272732	0.021187742373303252
9.0	14.0	1.6805740259740258	0.02319109875678917
9.0	15.0	1.6825186147186149	0.021039105407158393
9.0	16.0	1.6845969696969698	0.020886934534670217
9.0	17.0	1.6841069868995637	0.020935002673370694
9.0	18.0	1.6865331838565025	0.022407675892793858
9.0	19.0	1.690489099526066	0.021944723297728255
9.0	20.0	1.6907362162162163	0.022872917742167324
9.0	21.0	1.695076821192053	0.0220201103348995
9.0	22.0	1.6930784482758623	0.019161105559619113
9.0	23.0	1.6940325842696629	0.02302408213194146
9.0	24.0	1.693876119402985	0.021660479929433835
9.0	25.0	1.695284444444444	0.02218284508717527
9.0	26.0	1.691316129032258	0.021749269670101472
9.0	27.0	1.685504761904762	0.01675558044922575
9.0	28.0	1.6917714285714287	0.02139904485903801
9.0	29.0	1.7144111111111113	0.017284273519911384
9.0	30.0	1.730825	0.017556646414772222
9.0	31.0	NaN	NaN
10.0	1.0	1.6499541125541126	0.02161714432263285
10.0	2.0	1.651203896103896	0.02142371364851356
10.0	3.0	1.6562649350649354	0.021346306673116114
10.0	4.0	1.6607541125541125	0.02129419124642798
10.0	5.0	1.6622060606060607	0.020456149443770607
10.0	6.0	1.664388311688312	0.021101361839583645
10.0	7.0	1.6676017316017322	0.019350357743840443
10.0	8.0	1.669578787878788	0.021171846160142054
10.0	9.0	1.670200432900433	0.019561227172839504
10.0	10.0	1.6736398268398267	0.02130217723033244
10.0	11.0	1.6749428571428573	0.020605976941515915
10.0	12.0	1.6751839826839825	0.02322410579885091
10.0	13.0	1.6762121212121217	0.021288758623784654
10.0	14.0	1.6816333333333333	0.021722540220314664
10.0	15.0	1.681432467532468	0.02196655031133617
10.0	16.0	1.682081818181818	0.023099403684789903
10.0	17.0	1.684669298245614	0.02081944671743004
10.0	18.0	1.6868355855855857	0.022468949804377733
10.0	19.0	1.686510784313726	0.02207093091602727
10.0	20.0	1.6926836956521742	0.022472469020184464
10.0	21.0	1.695784105960265	0.02246646120395238
10.0	22.0	1.694286607142857	0.022028722018996454
10.0	23.0	1.694011111111111	0.023200515513666392
10.0	24.0	1.6912156250000003	0.020234947129099692
10.0	25.0	1.6957261904761904	0.017952050762990276
10.0	26.0	1.6973875000000003	0.02441669622098423
10.0	27.0	1.7036764705882352	0.02495817825412555
10.0	28.0	1.6857090909090908	0.024557339210323815
10.0	29.0	1.7053875	0.026715454997328508
10.0	30.0	1.69296	0.025223461300939623
10.0	31.0	1.7026333333333332	0.02210301638540165
10.0	32.0	1.71705	0.016334166645409178
10.0	33.0	NaN	NaN
11.0	1.0	1.6449043290043288	0.019252114019549137
11.0	2.0	1.6512458874458875	0.020320875279962673
11.0	3.0	1.6570770562770563	0.019890498977091768
11.0	4.0	1.6604575757575757	0.020921840496229544
11.0	5.0	1.6622186147186147	0.020682295511810802
11.0	6.0	1.666033766233766	0.02081914426502022
11.0	7.0	1.6656623376623376	0.020142073890206343
11.0	8.0	1.667071428571428	0.021474270897029454
11.0	9.0	1.672548051948052	0.02112619398461422
11.0	10.0	1.6729818181818181	0.021857775816316795
11.0	11.0	1.6740588744588745	0.020686397474349656
11.0	12.0	1.6774952380952384	0.021526213015551302
11.0	13.0	1.677773593073593	0.021551879663585977
11.0	14.0	1.6789419913419914	0.02077863270012926
11.0	15.0	1.6799077922077923	0.02029435839083771
11.0	16.0	1.684991774891775	0.02134872915190222
11.0	17.0	1.6831290748898677	0.02091505027250584
11.0	18.0	1.6874753424657531	0.021711947293416297
11.0	19.0	1.6912421052631585	0.020929553253538704
11.0	20.0	1.692358918918919	0.024688052446629326
11.0	21.0	1.693371052631579	0.02218668723075523
11.0	22.0	1.6972500000000004	0.023340611477511555
11.0	23.0	1.6988721518987342	0.023650261215605525
11.0	24.0	1.6967137254901963	0.02299929581189687
11.0	25.0	1.6977206896551724	0.01958210515661003
11.0	26.0	1.6998349999999998	0.0216446000315625
11.0	27.0	1.6944333333333332	0.01478511155891371
11.0	28.0	1.69905	0.022339586899876716
11.0	29.0	1.7298571428571425	0.012314200088090315
11.0	30.0	1.6776499999999999	0.021849599538664423
11.0	31.0	NaN	NaN
12.0	1.0	1.6489203463203463	0.022165226817687674
12.0	2.0	1.6514	0.02181019306973532
12.0	3.0	1.6569389610389609	0.020888366780147122
12.0	4.0	1.6592904761904763	0.02017378400490609
12.0	5.0	1.663322943722944	0.018594586449014194
12.0	6.0	1.6668891774891776	0.02036576229038237
12.0	7.0	1.6658324675324676	0.021294792841107437
12.0	8.0	1.6697264069264066	0.020293304627040546
12.0	9.0	1.6726238095238097	0.019644063053516132
12.0	10.0	1.674300432900433	0.022400486209466042
12.0	11.0	1.6731632034632034	0.01992606303197084
12.0	12.0	1.6740614718614717	0.02026328089443595
12.0	13.0	1.6768346320346321	0.020112241885686444
12.0	14.0	1.676478354978355	0.020839336943354506
12.0	15.0	1.6800354978354974	0.021569681713173337
12.0	16.0	1.6844683982683981	0.023216300430606306
12.0	17.0	1.6856034934497819	0.02132870946380498
12.0	18.0	1.687031718061674	0.02136751852509221
12.0	19.0	1.6896632075471698	0.020014070053075702
12.0	20.0	1.6931880829015538	0.023325565216297722
12.0	21.0	1.6965768292682928	0.02293385152374112
12.0	22.0	1.6930023622047248	0.023319555335434027
12.0	23.0	1.6962794117647058	0.02132767614972582
12.0	24.0	1.694180303030303	0.022001861597440185
12.0	25.0	1.694911627906977	0.020529702167745773
12.0	26.0	1.6991551724137932	0.022996111258317707
12.0	27.0	1.6997947368421054	0.021000091896206614
12.0	28.0	1.69072	0.016213972026893647
12.0	29.0	1.70285	0.024539091262717888
12.0	30.0	1.68606	0.012339084244789026
12.0	31.0	1.6958333333333335	0.03200848845749099
12.0	32.0	NaN	NaN
12.0	33.0	NaN	NaN
12.0	34.0	NaN	NaN
13.0	1.0	1.648718181818182	0.021289808098096028
13.0	2.0	1.6527948051948051	0.02187625611461707
13.0	3.0	1.6568891774891772	0.020967957225015977
13.0	4.0	1.6598337662337668	0.020286156837411865
13.0	5.0	1.6616913419913422	0.02145739790172537
13.0	6.0	1.6674341991341992	0.021164052770722162
13.0	7.0	1.6681800865800869	0.02099028226484077
13.0	8.0	1.66868354978355	0.021312121218276484
13.0	9.0	1.6712688311688313	0.02020249829411071
13.0	10.0	1.6717844155844155	0.019970160772698062
13.0	11.0	1.674748917748918	0.02104836431003578
13.0	12.0	1.6745757575757574	0.01977620487643895
13.0	13.0	1.6801147186147187	0.020909223048870915
13.0	14.0	1.6792952380952382	0.02031762404394003
13.0	15.0	1.6822978354978357	0.021960202038128658
13.0	16.0	1.6820515151515152	0.02271085710190239
13.0	17.0	1.6830376623376622	0.02077138524380014
13.0	18.0	1.687663596491228	0.022870958428347007
13.0	19.0	1.691027358490566	0.022271825795587116
13.0	20.0	1.690068062827225	0.021224706951451167
13.0	21.0	1.6929619631901838	0.021077359594600987
13.0	22.0	1.696791472868217	0.02363071700340388
13.0	23.0	1.69260989010989	0.0187310618726403
13.0	24.0	1.6977196721311476	0.020537095053196876
13.0	25.0	1.7016673913043476	0.02300452181973339
13.0	26.0	1.6988275862068962	0.022610141475385464
13.0	27.0	1.700338888888889	0.023138741103812924
13.0	28.0	1.6879615384615385	0.016035197663345598
13.0	29.0	1.6950333333333332	0.012427818258514564
13.0	30.0	1.705	0.017389077031285984
13.0	31.0	1.70385	0.008838834764831813
13.0	32.0	NaN	NaN
13.0	33.0	NaN	NaN
14.0	1.0	1.6496025974025974	0.02165895320863251
14.0	2.0	1.6536471861471862	0.019208482690342785
14.0	3.0	1.658457142857143	0.02191370285165899
14.0	4.0	1.658153246753247	0.021723461076722825
14.0	5.0	1.6616865800865799	0.021185689222174443
14.0	6.0	1.663507792207792	0.0210768083936108
14.0	7.0	1.6683956709956709	0.021081223426979802
14.0	8.0	1.6689484848484848	0.02214181730981654
14.0	9.0	1.672003463203463	0.020971085397200676
14.0	10.0	1.6738424242424244	0.021136867054511774
14.0	11.0	1.6760943722943722	0.01997312571431735
14.0	12.0	1.6760194805194808	0.020593357132576425
14.0	13.0	1.6768090909090911	0.021151430305125212
14.0	14.0	1.6808008658008657	0.021171213005321512
14.0	15.0	1.6823821739130433	0.02119397180021508
14.0	16.0	1.6857613043478261	0.022505359440173844
14.0	17.0	1.686345851528384	0.022541494735435888
14.0	18.0	1.6893654708520183	0.0219342572293941
14.0	19.0	1.6897310679611652	0.023158678630851685
14.0	20.0	1.6918960674157304	0.02179904720449218
14.0	21.0	1.6918711267605633	0.02376153570086013
14.0	22.0	1.695542592592592	0.021002586417065382
14.0	23.0	1.6940947368421053	0.018010529473889002
14.0	24.0	1.6995793650793647	0.02406203782115104
14.0	25.0	1.699861111111111	0.026083188650138815
14.0	26.0	1.705265	0.02318829729796793
14.0	27.0	1.6973687499999996	0.021722790451505075
14.0	28.0	1.7034583333333335	0.030124724316606035
14.0	29.0	1.7010625	0.023973136006788978
14.0	30.0	1.7023333333333335	0.029513296438498142
14.0	31.0	1.702875	0.021591259805763985
14.0	32.0	1.7031999999999998	0.009616652224137085
14.0	33.0	NaN	NaN
14.0	34.0	NaN	NaN
14.0	35.0	NaN	NaN
15.0	1.0	1.6505852813852815	0.020532744787471413
15.0	2.0	1.6526714285714283	0.02055924328549204
15.0	3.0	1.65801645021645	0.020489303411799328
15.0	4.0	1.6630251082251082	0.021822986920685496
15.0	5.0	1.6657532467532468	0.02206565254012345
15.0	6.0	1.6653142857142855	0.020174689573296576
15.0	7.0	1.6707696969696966	0.021511397169143687
15.0	8.0	1.6686233766233767	0.02114791528077308
15.0	9.0	1.6725471861471857	0.02093850994148214
15.0	10.0	1.673739393939394	0.021566271121032394
15.0	11.0	1.6752575757575756	0.0207273694551981
15.0	12.0	1.675503896103896	0.020744034919811916
15.0	13.0	1.6762679653679653	0.02045143802148449
15.0	14.0	1.6807805194805197	0.021502491497464478
15.0	15.0	1.683121645021645	0.021183185679755714
15.0	16.0	1.686894372294372	0.021154054260814632
15.0	17.0	1.6859755458515282	0.02214538515317172
15.0	18.0	1.6883185520361992	0.02254604318607628
15.0	19.0	1.6901416666666664	0.022005726508774522
15.0	20.0	1.6942583333333334	0.021972193892947363
15.0	21.0	1.6927590604026845	0.02317302723001645
15.0	22.0	1.6978091743119268	0.025557536908521628
15.0	23.0	1.6989769230769234	0.02320570867448169
15.0	24.0	1.700470909090909	0.024531149304410627
15.0	25.0	1.6919833333333334	0.02057266563740759
15.0	26.0	1.698390476190476	0.020131018473040673
15.0	27.0	1.6943571428571433	0.0189062754858606
15.0	28.0	1.7022699999999997	0.019598075302323853
15.0	29.0	1.7058999999999997	0.024753424005579575
15.0	30.0	1.7188500000000002	0.026375304105671852
15.0	31.0	1.6961333333333333	0.030180512476320382
15.0	32.0	NaN	NaN
15.0	33.0	NaN	NaN
15.0	34.0	NaN	NaN
16.0	1.0	1.648670562770563	0.02068925575256287
16.0	2.0	1.6532640692640692	0.020989623914323637
16.0	3.0	1.6554580086580086	0.020554392599825246
16.0	4.0	1.6627545454545456	0.02168538405062094
16.0	5.0	1.6645627705627706	0.02176138181222793
16.0	6.0	1.6656316017316017	0.020034511453050994
16.0	7.0	1.6685675324675324	0.02050748606617535
16.0	8.0	1.6713792207792209	0.022003072933583848
16.0	9.0	1.670652813852814	0.021484699881644358
16.0	10.0	1.6723437229437228	0.020815768312201544
16.0	11.0	1.677130735930736	0.021412955421679508
16.0	12.0	1.675366233766234	0.020006774572561406
16.0	13.0	1.6773389610389609	0.019301327882980005
16.0	14.0	1.683742424242424	0.020310794328913123
16.0	15.0	1.6839519480519476	0.02176308767888942
16.0	16.0	1.6818226086956523	0.02083765092858977
16.0	17.0	1.6859982456140348	0.021226319720831256
16.0	18.0	1.6894408256880733	0.02230564874948438
16.0	19.0	1.6919736585365854	0.02341814883552564
16.0	20.0	1.691501086956521	0.0216460018876275
16.0	21.0	1.6930864864864865	0.023696033275918172
16.0	22.0	1.6934775	0.022064890787452014
16.0	23.0	1.695740476190476	0.023141998117685175
16.0	24.0	1.7007671875000006	0.022377518868150783
16.0	25.0	1.7003510204081633	0.020299262327001133
16.0	26.0	1.6929029411764707	0.018427868968595027
16.0	27.0	1.6948449999999997	0.02367077867662774
16.0	28.0	1.6918100000000003	0.01829143393929396
16.0	29.0	1.6842428571428572	0.019866123354667274
16.0	30.0	1.6861	0.01588773111554952
16.0	31.0	1.7094	0.03494261963085577
16.0	32.0	1.7325499999999998	0.0028991378028648397
16.0	33.0	1.6684999999999999	0.006929646455628187
16.0	34.0	NaN	NaN
17.0	1.0	1.649595670995671	0.02114290668090299
17.0	2.0	1.6543571428571429	0.021634767280456317
17.0	3.0	1.6585497835497836	0.02067708640323531
17.0	4.0	1.6605619047619047	0.021147422986378343
17.0	5.0	1.6631883116883117	0.020622429583340058
17.0	6.0	1.665254545454545	0.02132506106085073
17.0	7.0	1.669655411255411	0.020709009878703052
17.0	8.0	1.6696532467532468	0.020618003431460512
17.0	9.0	1.6711653679653677	0.021412572794233777
17.0	10.0	1.6732580086580087	0.021452676197092898
17.0	11.0	1.67737316017316	0.02070458609070166
17.0	12.0	1.6766432900432902	0.02216444735426212
17.0	13.0	1.6793857142857145	0.020761163875511374
17.0	14.0	1.6815870129870132	0.021743824814431805
17.0	15.0	1.6808242424242423	0.021117209573815694
17.0	16.0	1.6841666666666666	0.02297534721631307
17.0	17.0	1.6861084444444443	0.020647826541140255
17.0	18.0	1.6881262443438916	0.021932724386467633
17.0	19.0	1.6906521951219513	0.023676805841660768
17.0	20.0	1.6926178160919543	0.023206982053085332
17.0	21.0	1.6956874074074073	0.023080897411449492
17.0	22.0	1.6948747663551404	0.023889379867710312
17.0	23.0	1.6958125000000002	0.02072585601597522
17.0	24.0	1.699229824561404	0.01973926439605192
17.0	25.0	1.70064	0.02313707490790739
17.0	26.0	1.694216666666667	0.02072005259911628
17.0	27.0	1.7015250000000002	0.020722692875203265
17.0	28.0	1.6997538461538464	0.024156524839216684
17.0	29.0	1.6898833333333334	0.018042551556436408
17.0	30.0	1.69502	0.03059431319706323
17.0	31.0	1.7174399999999999	0.017716037931772472
17.0	32.0	1.7084799999999998	0.012422439373971554
17.0	33.0	NaN	NaN
17.0	34.0	NaN	NaN
17.0	35.0	NaN	NaN
17.0	36.0	NaN	NaN
17.0	37.0	NaN	NaN
17.0	38.0	NaN	NaN
18.0	1.0	1.6500374999999998	0.021218059086309807
18.0	2.0	1.652358482142857	0.020030374231555986
18.0	3.0	1.6574290178571431	0.022099311251155863
18.0	4.0	1.6593491071428572	0.020093313684024647
18.0	5.0	1.663445982142857	0.019625516060614037
18.0	6.0	1.665047767857143	0.02237040594758552
18.0	7.0	1.6688433035714285	0.022396084895219714
18.0	8.0	1.666404464285714	0.01946552379855425
18.0	9.0	1.6692642857142859	0.02091577110942501
18.0	10.0	1.6764861607142854	0.021193294385201695
18.0	11.0	1.675835714285714	0.01972845186375309
18.0	12.0	1.6778276785714283	0.02113067058637403
18.0	13.0	1.6786125	0.02133048987262783
18.0	14.0	1.680621428571428	0.02289592138105063
18.0	15.0	1.6816535714285714	0.020247568324669007
18.0	16.0	1.6847214285714285	0.020857915354311186
18.0	17.0	1.6858312217194569	0.02158385492678769
18.0	18.0	1.6894963133640553	0.02317254092697777
18.0	19.0	1.6895689999999999	0.021880519295097076
18.0	20.0	1.6914410714285713	0.022262334481579365
18.0	21.0	1.6955600000000004	0.023223821582351357
18.0	22.0	1.6970027027027024	0.021742616132042536
18.0	23.0	1.6911972222222222	0.020369336055213086
18.0	24.0	1.7008078431372546	0.026210576820339195
18.0	25.0	1.6966562499999998	0.02224193855411801
18.0	26.0	1.7008615384615384	0.01920841642453801
18.0	27.0	1.7089000000000003	0.023997307541279902
18.0	28.0	1.7064000000000001	0.01724084298016387
18.0	29.0	1.6909800000000001	0.031880119196765894
18.0	30.0	1.7041499999999998	0.013923720767093773
18.0	31.0	NaN	NaN
19.0	1.0	1.6519543269230774	0.020686607502912634
19.0	2.0	1.6556346153846158	0.02083902076213722
19.0	3.0	1.6603605769230774	0.021516071594592248
19.0	4.0	1.6594875	0.02026199501601423
19.0	5.0	1.6649663461538462	0.019629843249634037
19.0	6.0	1.6656341346153842	0.021856343405830224
19.0	7.0	1.6689745192307692	0.021584286527205794
19.0	8.0	1.6699533653846157	0.02033235417507357
19.0	9.0	1.671094230769231	0.022560128254179742
19.0	10.0	1.6716951923076924	0.020400330961640834
19.0	11.0	1.6750514423076919	0.021363355185213827
19.0	12.0	1.6785408653846146	0.022055912989450612
19.0	13.0	1.677882211538462	0.022788786990025917
19.0	14.0	1.6807288461538468	0.021031874466859665
19.0	15.0	1.6836105769230767	0.021812066944694893
19.0	16.0	1.685828846153846	0.021453579470385804
19.0	17.0	1.6882642156862744	0.021660134407120633
19.0	18.0	1.6880402061855668	0.023446977598541145
19.0	19.0	1.6938455555555556	0.0228605349532519
19.0	20.0	1.6977473684210524	0.023929153012379207
19.0	21.0	1.694832407407408	0.0241365191518381
19.0	22.0	1.6946166666666667	0.020980131446036235
19.0	23.0	1.6980078431372552	0.024254639499586502
19.0	24.0	1.6943823529411766	0.01984802059573266
19.0	25.0	1.6943909090909088	0.016186293704739962
19.0	26.0	1.7005937500000001	0.026867836254525608
19.0	27.0	1.6925000000000001	0.01666793328520364
19.0	28.0	1.6890399999999999	0.020133380242770896
19.0	29.0	1.688825	0.017551709318468067
19.0	30.0	1.6917666666666669	0.02636519169915767
19.0	31.0	NaN	NaN
19.0	32.0	NaN	NaN
19.0	33.0	NaN	NaN
19.0	34.0	NaN	NaN
19.0	35.0	NaN	NaN
19.0	36.0	NaN	NaN
19.0	37.0	NaN	NaN
19.0	38.0	NaN	NaN
20.0	1.0	1.6525175824175824	0.020149998798550034
20.0	2.0	1.6526192307692311	0.02001916246258463
20.0	3.0	1.657674175824176	0.021434145401577988
20.0	4.0	1.6615461538461542	0.021665652770854846
20.0	5.0	1.6645587912087914	0.02112308586693244
20.0	6.0	1.666829120879121	0.021412535139523525
20.0	7.0	1.6674478021978023	0.02019809001977281
20.0	8.0	1.669087912087912	0.021022008121271203
20.0	9.0	1.676086263736264	0.021392761679165005
20.0	10.0	1.6734670329670327	0.020545828332445257
20.0	11.0	1.6758087912087913	0.021381683431761278
20.0	12.0	1.6764549450549449	0.021454602018844807
20.0	13.0	1.6772208791208794	0.02074688030323594
20.0	14.0	1.6812928571428574	0.021082241055547915
20.0	15.0	1.680707142857143	0.021022087925368166
20.0	16.0	1.680968681318681	0.02200592731346501
20.0	17.0	1.6883679558011053	0.02143059522993112
20.0	18.0	1.6895193181818178	0.02059488623326283
20.0	19.0	1.6906121794871791	0.022174150434171182
20.0	20.0	1.6936833333333334	0.020954804753067633
20.0	21.0	1.6949460000000003	0.02376764807357882
20.0	22.0	1.6945599999999996	0.020889276078228842
20.0	23.0	1.70104693877551	0.0235015965950615
20.0	24.0	1.7080583333333332	0.020722112068305903
20.0	25.0	1.6925000000000001	0.02385870071902493
20.0	26.0	1.6938769230769233	0.02314811561251275
20.0	27.0	1.692322222222222	0.015004980654584135
20.0	28.0	1.7034166666666666	0.022113382072099872
20.0	29.0	1.7082333333333335	0.029344221464086138
20.0	30.0	1.71935	0.005444722215136444
21.0	1.0	1.6524775641025644	0.02199366939332683
21.0	2.0	1.6539378205128206	0.021270067846317065
21.0	3.0	1.6577679487179489	0.021163715105231833
21.0	4.0	1.6608320512820511	0.020031636227693515
21.0	5.0	1.6671660256410252	0.02129424425275789
21.0	6.0	1.666777564102564	0.019132902158215954
21.0	7.0	1.6694442307692305	0.02112954891778295
21.0	8.0	1.6709711538461538	0.020906918162348714
21.0	9.0	1.6738352564102563	0.021343808664831276
21.0	10.0	1.6753993589743585	0.02081417165111115
21.0	11.0	1.6716865384615387	0.0207039316401451
21.0	12.0	1.6759570512820512	0.020287091437436306
21.0	13.0	1.6771025641025643	0.02292992958563798
21.0	14.0	1.678399358974359	0.020091248285035734
21.0	15.0	1.6828448717948714	0.021409923218954376
21.0	16.0	1.6810574193548387	0.019940635755561726
21.0	17.0	1.685148026315789	0.02146204711292584
21.0	18.0	1.6908946308724833	0.0234951167589827
21.0	19.0	1.690897080291971	0.02219313931351519
21.0	20.0	1.6866216216216219	0.020226959531572997
21.0	21.0	1.6966580645161289	0.022920027897493478
21.0	22.0	1.6935430555555555	0.020811554390911896
21.0	23.0	1.690645283018868	0.019805210717207103
21.0	24.0	1.688867441860465	0.019412474155138495
21.0	25.0	1.7025749999999997	0.02544509885136144
21.0	26.0	1.7023050000000002	0.018030047289543043
21.0	27.0	1.6975133333333337	0.02889611606789957
21.0	28.0	1.6946	0.013210791043688467
21.0	29.0	1.6908750000000001	0.019062884656540595
21.0	30.0	1.71032	0.017997138661465042
21.0	31.0	1.6984	0.014707821048680295
21.0	32.0	1.6859	0.026445793616376792
21.0	33.0	1.6822	0.011596551211459359
21.0	34.0	NaN	NaN
22.0	1.0	1.6515218181818183	0.02090140411339854
22.0	2.0	1.6566472727272727	0.019949894617416863
22.0	3.0	1.656406363636364	0.019422989675638245
22.0	4.0	1.6625290909090906	0.02303556622035971
22.0	5.0	1.6665918181818185	0.021356494110705147
22.0	6.0	1.6648418181818179	0.020774968979842733
22.0	7.0	1.6671499999999992	0.01965067755677567
22.0	8.0	1.670101818181818	0.020160789365908944
22.0	9.0	1.6744018181818179	0.02105605006572478
22.0	10.0	1.6748563636363638	0.021020918053925666
22.0	11.0	1.673536363636363	0.020579618167090787
22.0	12.0	1.6779636363636363	0.021563980872260493
22.0	13.0	1.6777400000000002	0.02081243982276338
22.0	14.0	1.68269	0.021287722912256047
22.0	15.0	1.6816127272727277	0.022853390365749696
22.0	16.0	1.6852445454545455	0.020313567510923596
22.0	17.0	1.6805366972477063	0.02191114066604298
22.0	18.0	1.6868122641509435	0.023077545065569024
22.0	19.0	1.689451515151515	0.023408211378184968
22.0	20.0	1.693679775280899	0.022348343337905995
22.0	21.0	1.6943169014084507	0.021409697308299305
22.0	22.0	1.6938615384615388	0.023559071803731863
22.0	23.0	1.6959439024390246	0.020123730379585293
22.0	24.0	1.698032142857143	0.019489637390379188
22.0	25.0	1.6958299999999997	0.025655636499812798
22.0	26.0	1.6981818181818182	0.010744283892546617
22.0	27.0	1.6977375	0.02838736829245407
22.0	28.0	1.7028666666666668	0.02376633473353997
22.0	29.0	1.67848	0.02009942785255341
22.0	30.0	1.7127	0.01983204477606894
22.0	31.0	NaN	NaN
22.0	32.0	NaN	NaN
22.0	33.0	NaN	NaN
22.0	34.0	NaN	NaN
22.0	35.0	NaN	NaN
23.0	1.0	1.6542224999999995	0.02085437133546509
23.0	2.0	1.6533774999999995	0.02153871389388261
23.0	3.0	1.65839125	0.022218980332709165
23.0	4.0	1.6602412500000003	0.020481653993670912
23.0	5.0	1.6681137500000003	0.01990638052885289
23.0	6.0	1.6649025000000006	0.018683187968283894
23.0	7.0	1.6721637500000004	0.019410725494955264
23.0	8.0	1.6707999999999998	0.021023759916167672
23.0	9.0	1.6699587499999997	0.01917369435919293
23.0	10.0	1.6704725	0.019158268036991635
23.0	11.0	1.67521375	0.019748037837155397
23.0	12.0	1.67755125	0.021885397673542844
23.0	13.0	1.6791024999999997	0.020753678795440194
23.0	14.0	1.67930375	0.019649101784798388
23.0	15.0	1.6815037499999999	0.021695210016458195
23.0	16.0	1.6826324999999998	0.024061312900193383
23.0	17.0	1.6842862500000002	0.020972349148282565
23.0	18.0	1.6916093333333333	0.025100996929342208
23.0	19.0	1.689131884057971	0.02204908623392511
23.0	20.0	1.6983018181818181	0.02395879557744682
23.0	21.0	1.6963543478260867	0.01925408708729699
23.0	22.0	1.699577419354839	0.021775073052727342
23.0	23.0	1.697928	0.023065405553194432
23.0	24.0	1.7003789473684208	0.01893798589981312
23.0	25.0	1.7070181818181818	0.027266162846349244
23.0	26.0	1.6966142857142859	0.017556141239979117
23.0	27.0	1.6960666666666666	0.034625183513352406
23.0	28.0	1.7081666666666668	0.023252168357667913
23.0	29.0	1.6894	0.010465180361561006
23.0	30.0	NaN	NaN
23.0	31.0	NaN	NaN
23.0	32.0	NaN	NaN
24.0	1.0	1.651693103448276	0.02104430465994755
24.0	2.0	1.6563827586206896	0.02162073515743003
24.0	3.0	1.6647034482758625	0.02161703328978478
24.0	4.0	1.66291724137931	0.02241316293962675
24.0	5.0	1.666856896551724	0.020824547863240842
24.0	6.0	1.6655672413793108	0.02188699355766673
24.0	7.0	1.6704500000000002	0.022867653167815638
24.0	8.0	1.6768137931034486	0.02176153413287061
24.0	9.0	1.6722793103448277	0.022725499694355167
24.0	10.0	1.6776413793103448	0.02151615496272315
24.0	11.0	1.6765068965517242	0.020725845057742078
24.0	12.0	1.6768103448275862	0.021731977325487425
24.0	13.0	1.6797568965517242	0.02123837235701163
24.0	14.0	1.6831413793103447	0.023614640377727314
24.0	15.0	1.6821155172413795	0.021670829303702798
24.0	16.0	1.6838413793103448	0.022722490863604318
24.0	17.0	1.6883362068965517	0.022580823243239123
24.0	18.0	1.688709090909091	0.02433394422922108
24.0	19.0	1.6907466666666668	0.021084964483553844
24.0	20.0	1.691225	0.02462102239123598
24.0	21.0	1.6917096774193545	0.02290463351724141
24.0	22.0	1.69207	0.02255573447916818
24.0	23.0	1.6979285714285717	0.022740490102675686
24.0	24.0	1.6968222222222222	0.026513052341147817
24.0	25.0	1.7009571428571426	0.03387914093474319
24.0	26.0	1.6889750000000001	0.015690416395579446
24.0	27.0	1.7014	0.015273506473629314
24.0	28.0	1.70295	0.009687362902255733
24.0	29.0	NaN	NaN
24.0	30.0	NaN	NaN
24.0	31.0	NaN	NaN
25.0	1.0	1.654547619047619	0.021297569288710703
25.0	2.0	1.6622809523809523	0.020610750664963352
25.0	3.0	1.6583023809523807	0.022353135733485557
25.0	4.0	1.6563809523809523	0.016665361156767117
25.0	5.0	1.666802380952381	0.01868739614501185
25.0	6.0	1.6653119047619047	0.01796150629759414
25.0	7.0	1.6698214285714283	0.021203963455026294
25.0	8.0	1.6702476190476192	0.023730511779452852
25.0	9.0	1.6725023809523811	0.02198754068585915
25.0	10.0	1.679495238095238	0.02144724614059107
25.0	11.0	1.6761523809523808	0.018717426836067263
25.0	12.0	1.6800023809523807	0.017202445771873916
25.0	13.0	1.6769309523809524	0.019030918208308698
25.0	14.0	1.681797619047619	0.02090220536964343
25.0	15.0	1.6810595238095238	0.02050075619692506
25.0	16.0	1.6880317073170732	0.021735920029117596
25.0	17.0	1.6881878048780488	0.01883944260218372
25.0	18.0	1.688671052631579	0.023096962569634585
25.0	19.0	1.6945875	0.022071697685263764
25.0	20.0	1.6883185185185188	0.02121829829030081
25.0	21.0	1.694931818181818	0.023180254042809323
25.0	22.0	1.6973812499999998	0.02265630798843157
25.0	23.0	1.7180500000000003	0.020988369795357318
25.0	24.0	1.7017142857142857	0.016094039121304953
25.0	25.0	1.7091333333333336	0.025491933364628697
25.0	26.0	1.6770999999999998	0.004384062043356582
25.0	27.0	NaN	NaN
25.0	28.0	NaN	NaN
25.0	29.0	NaN	NaN
26.0	1.0	1.6493304347826085	0.0221767575870572
26.0	2.0	1.6564043478260875	0.018088506603538185
26.0	3.0	1.6568260869565221	0.020475822047906888
26.0	4.0	1.6689260869565214	0.025637600536415707
26.0	5.0	1.6749521739130437	0.01938537099711151
26.0	6.0	1.666882608695652	0.023366986271892876
26.0	7.0	1.6686782608695652	0.021213845318602213
26.0	8.0	1.6667652173913043	0.027630872205093873
26.0	9.0	1.6680608695652175	0.018516325453512495
26.0	10.0	1.6771217391304347	0.023903935707169414
26.0	11.0	1.6782173913043479	0.019209577444926976
26.0	12.0	1.6814999999999998	0.021629273093320887
26.0	13.0	1.6777826086956522	0.018534799019777833
26.0	14.0	1.6766217391304346	0.02265929382919831
26.0	15.0	1.6752565217391306	0.02238426448295068
26.0	16.0	1.6834086956521743	0.023322519609780944
26.0	17.0	1.6922454545454542	0.020827631081095508
26.0	18.0	1.6933	0.02350416376486758
26.0	19.0	1.6853318181818187	0.01955335524401634
26.0	20.0	1.6878111111111112	0.019250573372328376
26.0	21.0	1.69904	0.029713628426796257
26.0	22.0	1.6970833333333335	0.026576470568508304
26.0	23.0	1.6877571428571427	0.017598850070658707
26.0	24.0	1.6952333333333334	0.02955778521247261
26.0	25.0	1.6959499999999998	0.021400163550776917
26.0	26.0	1.6946	0.01125033332839519
26.0	27.0	NaN	NaN
26.0	28.0	NaN	NaN
26.0	29.0	NaN	NaN
26.0	30.0	NaN	NaN
26.0	31.0	NaN	NaN
27.0	1.0	1.6592333333333331	0.014544435570368691
27.0	2.0	1.651675	0.023182404181541712
27.0	3.0	1.6618083333333333	0.02940731072781771
27.0	4.0	1.6629416666666668	0.02097589345083077
27.0	5.0	1.662958333333333	0.024260272738230546
27.0	6.0	1.6704583333333334	0.025984346978109498
27.0	7.0	1.666825	0.029320273005054163
27.0	8.0	1.6685083333333335	0.021481935681080047
27.0	9.0	1.6789083333333334	0.02322007197284802
27.0	10.0	1.6751500000000001	0.025342328945139103
27.0	11.0	1.6730166666666664	0.02006728832219391
27.0	12.0	1.6813250000000002	0.020028757733909417
27.0	13.0	1.6796833333333334	0.018006505558387585
27.0	14.0	1.678775	0.022538215021683433
27.0	15.0	1.6821499999999998	0.01631560881208822
27.0	16.0	1.6740916666666668	0.024481549948456867
27.0	17.0	1.680009090909091	0.01721792406450059
27.0	18.0	1.6936545454545457	0.024133228695570903
27.0	19.0	1.6972545454545453	0.028542892762870514
27.0	20.0	1.697411111111111	0.022168978576179606
27.0	21.0	1.7051999999999998	0.029795435892095948
27.0	22.0	1.7023	0.016221590550867707
27.0	23.0	1.72525	0.010535891039679496
27.0	24.0	1.6672500000000001	7.071067811864696e-5
27.0	25.0	1.6766999999999999	0.007636753236814657
27.0	26.0	NaN	NaN
27.0	27.0	NaN	NaN
28.0	1.0	1.6581181818181818	0.020030317929669417
28.0	2.0	1.6659363636363635	0.020906758367918894
28.0	3.0	1.6581363636363633	0.02233702185732348
28.0	4.0	1.658872727272727	0.018588980117752084
28.0	5.0	1.6533272727272725	0.015600326336913002
28.0	6.0	1.661390909090909	0.01902190603201764
28.0	7.0	1.6622454545454544	0.010100531039144746
28.0	8.0	1.6740636363636368	0.025185482831475432
28.0	9.0	1.6644272727272726	0.017492174873873757
28.0	10.0	1.6771181818181817	0.022200487300139085
28.0	11.0	1.679181818181818	0.021774747676233514
28.0	12.0	1.671781818181818	0.018347851001238164
28.0	13.0	1.685418181818182	0.02331453701799879
28.0	14.0	1.6855363636363636	0.018281043336050212
28.0	15.0	1.697527272727273	0.024474398497576644
28.0	16.0	1.6793	0.023988455556788163
28.0	17.0	1.68606	0.023873285860513203
28.0	18.0	1.6800000000000002	0.019245836490582122
28.0	19.0	1.6890299999999996	0.020364896267842842
28.0	20.0	1.6830333333333332	0.013730938302485568
28.0	21.0	1.69	0.018603359911585883
28.0	22.0	1.712775	0.028120855250151944
28.0	23.0	1.7431	0.03266833329081851
29.0	1.0	1.6471500000000001	0.0203692660643431
29.0	2.0	1.6624333333333332	0.032759039464957874
29.0	3.0	1.67175	0.024458597670348938
29.0	4.0	1.6673499999999999	0.013313414287852677
29.0	5.0	1.6652666666666667	0.023236063923708517
29.0	6.0	1.6737000000000002	0.026125236841031723
29.0	7.0	1.6672166666666668	0.023270961876696597
29.0	8.0	1.6792833333333332	0.026040999724792967
29.0	9.0	1.670333333333333	0.010980285363626304
29.0	10.0	1.6667666666666667	0.018397463593296384
29.0	11.0	1.680983333333333	0.0325194967160727
29.0	12.0	1.6803333333333335	0.011503506711723389
29.0	13.0	1.66895	0.017408819603867413
29.0	14.0	1.6715833333333334	0.014674796988942132
29.0	15.0	1.6895166666666668	0.022376185257247622
29.0	16.0	1.7054333333333334	0.02638625905024558
29.0	17.0	1.6825833333333329	0.0166991516750602
29.0	18.0	1.6912799999999997	0.016912776235733708
29.0	19.0	1.6791749999999999	0.02009550115490192
29.0	20.0	1.697875	0.014673871336494702
29.0	21.0	1.7109666666666667	0.010814958776312176
29.0	22.0	1.703166666666667	0.01854517008100308
29.0	23.0	NaN	NaN
29.0	24.0	NaN	NaN
30.0	1.0	1.6514666666666666	0.013379960139452314
30.0	2.0	1.6506333333333334	0.007480864477674532
30.0	3.0	1.6572333333333333	0.02343764777731184
30.0	4.0	1.6448	0.016380476183554607
30.0	5.0	1.6489666666666667	0.007356856212631485
30.0	6.0	1.6630666666666667	0.030709010621205877
30.0	7.0	1.6890666666666665	0.010884086242461245
30.0	8.0	1.6839333333333333	0.018636076124907135
30.0	9.0	1.6522333333333332	0.0075182001392177875
30.0	10.0	1.6542666666666668	0.007956339191696943
30.0	11.0	1.6716	0.017827787299606147
30.0	12.0	1.6735666666666666	0.01658623927638002
30.0	13.0	1.7097666666666667	0.005564470624716519
30.0	14.0	1.691466666666667	0.029624033036258445
30.0	15.0	1.6669	0.014148144754701893
30.0	16.0	1.6761666666666668	0.04215404290614771
30.0	17.0	1.6957666666666666	0.01252850084141491
30.0	18.0	1.6927666666666668	0.04776885317163622
30.0	19.0	1.69815	0.018596908345206192
30.0	20.0	1.67685	0.01025304832720491
30.0	21.0	1.69055	0.03486036431249688
30.0	22.0	1.6943000000000001	0.04751757569573594
30.0	23.0	NaN	NaN
30.0	24.0	NaN	NaN
30.0	25.0	NaN	NaN
30.0	26.0	NaN	NaN
30.0	27.0	NaN	NaN
30.0	28.0	NaN	NaN
31.0	1.0	1.6314000000000002	0.012586500705120572
31.0	2.0	1.6631999999999998	0.0015556349186103902
31.0	3.0	1.65075	0.014778531726798785
31.0	4.0	1.6713	0.047093311627024056
31.0	5.0	1.6686	0.016687720036002412
31.0	6.0	1.6454	0.005515432893255091
31.0	7.0	1.6606	0.03309259735953039
31.0	8.0	1.6557499999999998	0.0026162950903902515
31.0	9.0	1.67325	0.04560838738653231
31.0	10.0	1.6598000000000002	0.02729432175380071
31.0	11.0	1.6776499999999999	0.019021172413918232
31.0	12.0	1.6594	0.00820243866176399
31.0	13.0	1.67195	0.014919953083036237
31.0	14.0	1.6846	0.030122748878546903
31.0	15.0	1.68075	0.01647558800164647
31.0	16.0	1.6876	0.019798989873223347
31.0	17.0	NaN	NaN
31.0	18.0	NaN	NaN
31.0	19.0	NaN	NaN
31.0	20.0	NaN	NaN
32.0	1.0	NaN	NaN
32.0	2.0	NaN	NaN
32.0	3.0	NaN	NaN
32.0	4.0	NaN	NaN
32.0	5.0	NaN	NaN
32.0	6.0	NaN	NaN
32.0	7.0	NaN	NaN
32.0	8.0	NaN	NaN
32.0	9.0	NaN	NaN
32.0	10.0	NaN	NaN
32.0	11.0	NaN	NaN
32.0	12.0	NaN	NaN
32.0	13.0	NaN	NaN
32.0	14.0	NaN	NaN
32.0	15.0	NaN	NaN
32.0	16.0	NaN	NaN
32.0	17.0	NaN	NaN
32.0	18.0	NaN	NaN
32.0	19.0	NaN	NaN
32.0	20.0	NaN	NaN
32.0	21.0	NaN	NaN
