# RLS IN LINEAGE
# original file "wt_decCap_highRe_3gen.txt" 
# mother	daughter	rlsMean	rlsStd
0.0	0.0	22.1	2.685351208149711
0.0	1.0	23.2	2.973961069759395
0.0	2.0	22.9	3.813717929323621
0.0	3.0	23.3	3.560586718193756
0.0	4.0	20.8	2.3475755815545343
0.0	5.0	21.8	4.022160834399562
0.0	6.0	22.3	2.62678510731274
0.0	7.0	21.6	2.3190036174568114
0.0	8.0	22.3	2.5407785333546014
0.0	9.0	22.0	2.0548046676563256
0.0	10.0	22.2	3.457680661303984
0.0	11.0	21.4	3.0983866769659336
0.0	12.0	21.7	3.368151487751767
0.0	13.0	21.9	2.766867462592951
0.0	14.0	21.3	1.2516655570345725
0.0	15.0	21.1	2.4244128727957572
0.0	16.0	20.9	2.024845673131659
0.0	17.0	20.9	2.024845673131659
0.0	18.0	23.3	3.0568684048294332
0.0	19.0	21.0	3.070597894314954
0.0	20.0	21.875	3.313931631332013
0.0	21.0	22.5	2.6186146828319083
0.0	22.0	21.4	1.6733200530681511
0.0	23.0	21.0	3.3166247903554
0.0	24.0	19.4	2.5099800796022267
0.0	25.0	21.5	4.949747468305833
1.0	1.0	22.766233766233768	3.1245010894796037
1.0	2.0	23.233766233766232	3.000997387374537
1.0	3.0	22.935064935064936	3.089973950942667
1.0	4.0	22.2987012987013	2.755539567134136
1.0	5.0	22.376623376623378	2.6525080553365092
1.0	6.0	22.7012987012987	3.056276229825816
1.0	7.0	22.68831168831169	3.32680708759618
1.0	8.0	22.432900432900432	2.991807623370975
1.0	9.0	22.48917748917749	2.8845336777243284
1.0	10.0	22.4025974025974	3.057107500178134
1.0	11.0	21.98701298701299	2.9992470351892444
1.0	12.0	22.26839826839827	3.2325513596641513
1.0	13.0	22.16017316017316	2.878007759811874
1.0	14.0	22.038961038961038	3.0364806220426726
1.0	15.0	21.948051948051948	3.019772971150259
1.0	16.0	22.03030303030303	3.2442510214812423
1.0	17.0	21.691304347826087	3.071976881320831
1.0	18.0	21.633187772925766	2.9148649369313144
1.0	19.0	21.68609865470852	2.9454705690443235
1.0	20.0	21.40776699029126	3.1651667954473752
1.0	21.0	21.59090909090909	2.9360278847891994
1.0	22.0	21.97872340425532	3.2655519881383053
1.0	23.0	20.855855855855857	3.0920627032535677
1.0	24.0	21.986842105263158	3.320616091641757
1.0	25.0	21.725806451612904	3.314990071635157
1.0	26.0	21.651162790697676	2.8442399681949726
1.0	27.0	22.483870967741936	3.5484359722929146
1.0	28.0	20.318181818181817	2.7147983111328675
1.0	29.0	22.818181818181817	6.27404465744677
1.0	30.0	20.714285714285715	1.7043362064926932
1.0	31.0	20.6	1.1401754250991378
1.0	32.0	18.5	0.7071067811865476
1.0	33.0	NaN	NaN
1.0	34.0	NaN	NaN
1.0	35.0	NaN	NaN
1.0	36.0	NaN	NaN
1.0	37.0	NaN	NaN
1.0	38.0	NaN	NaN
1.0	39.0	NaN	NaN
1.0	40.0	NaN	NaN
1.0	41.0	NaN	NaN
1.0	42.0	NaN	NaN
1.0	43.0	NaN	NaN
1.0	44.0	NaN	NaN
1.0	45.0	NaN	NaN
1.0	46.0	NaN	NaN
2.0	1.0	22.9004329004329	3.0365240115388494
2.0	2.0	23.116883116883116	3.014345524065357
2.0	3.0	22.653679653679653	3.066150661585427
2.0	4.0	22.89177489177489	3.218353867844738
2.0	5.0	22.41991341991342	2.9059671728811054
2.0	6.0	22.285714285714285	3.2591962580438762
2.0	7.0	22.32900432900433	2.9229196771570054
2.0	8.0	22.233766233766232	2.915756761621559
2.0	9.0	22.58008658008658	3.081690951881139
2.0	10.0	22.307359307359306	3.2324290833725278
2.0	11.0	22.060606060606062	2.9289792814380817
2.0	12.0	22.051948051948052	3.0441509299386236
2.0	13.0	22.285714285714285	3.1506678775355175
2.0	14.0	21.857142857142858	2.8147790972755975
2.0	15.0	21.974025974025974	2.6258283627508416
2.0	16.0	22.216450216450216	3.499799676986179
2.0	17.0	22.082251082251084	3.182449992391854
2.0	18.0	21.593073593073594	2.653749535828191
2.0	19.0	21.577092511013216	2.9097036928009388
2.0	20.0	21.56132075471698	3.100376700999091
2.0	21.0	21.53551912568306	3.0468134368775672
2.0	22.0	21.76691729323308	3.4616671803265824
2.0	23.0	21.861386138613863	3.3853499168337002
2.0	24.0	21.307692307692307	3.311952742572117
2.0	25.0	21.6875	2.9546663418209103
2.0	26.0	21.58823529411765	2.4999108718515197
2.0	27.0	22.2	3.3654592241585224
2.0	28.0	20.25	2.261335084333227
2.0	29.0	22.2	4.779586221049312
2.0	30.0	20.666666666666668	4.501851470969101
2.0	31.0	19.8	1.7888543819998317
2.0	32.0	21.5	1.2909944487358056
3.0	1.0	23.1991341991342	3.2322019865584344
3.0	2.0	22.82251082251082	3.0883532573644588
3.0	3.0	22.848484848484848	2.970651348351921
3.0	4.0	23.004329004329005	3.3290523987907163
3.0	5.0	22.471861471861473	3.160604716194493
3.0	6.0	22.41125541125541	2.826836252721203
3.0	7.0	22.350649350649352	2.674027578308407
3.0	8.0	22.324675324675326	3.16409843650079
3.0	9.0	22.16883116883117	2.93436578172138
3.0	10.0	22.22077922077922	3.0897729336440554
3.0	11.0	22.515151515151516	3.3255904802246374
3.0	12.0	21.792207792207794	2.9370393063541815
3.0	13.0	21.761904761904763	2.7250087849118563
3.0	14.0	21.666666666666668	2.814043457324379
3.0	15.0	21.826839826839826	3.161640736041688
3.0	16.0	21.874458874458874	3.078225990629715
3.0	17.0	21.765217391304347	3.1382425888419
3.0	18.0	21.81057268722467	3.165672226246658
3.0	19.0	21.497737556561084	3.056475145102369
3.0	20.0	21.658536585365855	3.1962735356327556
3.0	21.0	21.316939890710383	3.025185024165127
3.0	22.0	21.178343949044585	2.829567296614258
3.0	23.0	21.476635514018692	3.112196925890023
3.0	24.0	20.871794871794872	2.848371484413526
3.0	25.0	21.574074074074073	3.0131901971533135
3.0	26.0	21.324324324324323	3.0189591110371325
3.0	27.0	21.88	3.382799629498226
3.0	28.0	22.11111111111111	4.676460311576656
3.0	29.0	22.75	4.202272112689862
3.0	30.0	21.75	2.3145502494313788
3.0	31.0	20.333333333333332	2.581988897471611
3.0	32.0	21.25	2.8722813232690143
3.0	33.0	25.0	1.4142135623730951
3.0	34.0	NaN	NaN
3.0	35.0	NaN	NaN
3.0	36.0	NaN	NaN
3.0	37.0	NaN	NaN
3.0	38.0	NaN	NaN
3.0	39.0	NaN	NaN
3.0	40.0	NaN	NaN
3.0	41.0	NaN	NaN
4.0	1.0	22.97835497835498	2.9064334747259766
4.0	2.0	22.874458874458874	2.9630766232879044
4.0	3.0	22.913419913419915	3.4955054360336595
4.0	4.0	22.904761904761905	2.7755961066790693
4.0	5.0	22.523809523809526	3.055728083466004
4.0	6.0	22.28138528138528	2.7636695491682453
4.0	7.0	22.41991341991342	2.9725325158337106
4.0	8.0	22.307359307359306	2.9349301815097593
4.0	9.0	22.073593073593074	2.815908933301549
4.0	10.0	22.246753246753247	3.2483675264160294
4.0	11.0	22.476190476190474	3.2273417838289205
4.0	12.0	22.073593073593074	2.764486679097647
4.0	13.0	21.61904761904762	2.883593915868808
4.0	14.0	21.72294372294372	2.9519841509150933
4.0	15.0	22.09090909090909	2.9877219103254467
4.0	16.0	21.917748917748916	3.2540524764195644
4.0	17.0	21.64069264069264	3.073857150069365
4.0	18.0	21.38157894736842	2.793796330527895
4.0	19.0	21.81566820276498	3.017408386493682
4.0	20.0	21.364102564102563	2.8853957883461607
4.0	21.0	21.46153846153846	2.792421717366316
4.0	22.0	21.843971631205672	3.454363054670887
4.0	23.0	21.60185185185185	2.9763548389564907
4.0	24.0	21.586206896551722	3.200841910098069
4.0	25.0	21.28358208955224	3.2324395991415833
4.0	26.0	20.790697674418606	3.2112758148131695
4.0	27.0	21.035714285714285	2.2357721817477847
4.0	28.0	22.42105263157895	3.532638130879342
4.0	29.0	20.363636363636363	1.9632996344280855
4.0	30.0	21.857142857142858	2.115700942049815
4.0	31.0	22.0	3.521363372331802
4.0	32.0	23.8	2.949576240750525
4.0	33.0	22.333333333333332	8.504900548115382
4.0	34.0	NaN	NaN
4.0	35.0	NaN	NaN
4.0	36.0	NaN	NaN
4.0	37.0	NaN	NaN
4.0	38.0	NaN	NaN
4.0	39.0	NaN	NaN
4.0	40.0	NaN	NaN
5.0	1.0	23.16017316017316	3.1575124999398647
5.0	2.0	23.086580086580085	3.3207309294061718
5.0	3.0	22.6017316017316	3.008220120414488
5.0	4.0	22.653679653679653	3.021872707800487
5.0	5.0	22.506493506493506	3.3646113928591586
5.0	6.0	22.238095238095237	3.088481237778151
5.0	7.0	22.12121212121212	2.7159801342409646
5.0	8.0	22.233766233766232	2.612159379397939
5.0	9.0	22.82251082251082	3.057224475639232
5.0	10.0	22.09090909090909	2.9200140776096846
5.0	11.0	22.203463203463205	2.8873315719274126
5.0	12.0	21.974025974025974	2.7598394375509505
5.0	13.0	22.415584415584416	3.474192991125012
5.0	14.0	22.251082251082252	3.3631230500424873
5.0	15.0	21.97835497835498	3.1074187350889213
5.0	16.0	21.774891774891774	2.952003278758616
5.0	17.0	21.643478260869564	2.9380542066747863
5.0	18.0	21.788546255506606	2.9732213544249415
5.0	19.0	21.47222222222222	3.087735177623201
5.0	20.0	21.46969696969697	2.900479727359469
5.0	21.0	21.4375	3.121617666426481
5.0	22.0	21.890625	3.2633357529099687
5.0	23.0	21.224489795918366	3.199647571588007
5.0	24.0	21.77777777777778	3.2251253761297827
5.0	25.0	21.681818181818183	3.7464571001657907
5.0	26.0	21.88235294117647	3.2358288328176625
5.0	27.0	21.0	2.8844410203711917
5.0	28.0	21.428571428571427	2.656528346760647
5.0	29.0	22.53846153846154	3.4062536756037565
5.0	30.0	22.8	5.996295152471696
5.0	31.0	19.0	3.24037034920393
5.0	32.0	21.75	3.774917217635375
5.0	33.0	23.666666666666668	2.5166114784235836
5.0	34.0	23.5	2.1213203435596424
5.0	35.0	NaN	NaN
5.0	36.0	NaN	NaN
5.0	37.0	NaN	NaN
5.0	38.0	NaN	NaN
6.0	1.0	23.12121212121212	3.0535838250403557
6.0	2.0	23.22077922077922	3.2030829305124553
6.0	3.0	22.744588744588743	3.078629520003663
6.0	4.0	22.939393939393938	3.1019990154677854
6.0	5.0	22.350649350649352	2.687003667088162
6.0	6.0	22.541125541125542	3.0951289271168094
6.0	7.0	22.372294372294373	3.575266900333507
6.0	8.0	22.562770562770563	3.1628549478347443
6.0	9.0	22.086580086580085	3.113971599566393
6.0	10.0	22.307359307359306	3.157584030468127
6.0	11.0	22.082251082251084	2.8326030657308756
6.0	12.0	21.874458874458874	2.656705468252073
6.0	13.0	22.142857142857142	2.8255709036718613
6.0	14.0	21.623376623376622	2.579377887780869
6.0	15.0	22.22077922077922	3.142790410461392
6.0	16.0	21.857142857142858	3.0189875313233268
6.0	17.0	22.182608695652174	3.092694896678546
6.0	18.0	21.44298245614035	3.312144767374047
6.0	19.0	21.493150684931507	2.971377006044887
6.0	20.0	21.593908629441625	3.0131621893558815
6.0	21.0	21.45664739884393	2.810822994074753
6.0	22.0	21.734848484848484	3.254731959707231
6.0	23.0	20.956989247311828	2.765918270722746
6.0	24.0	20.925373134328357	2.7651151153406763
6.0	25.0	21.822222222222223	4.001641077499494
6.0	26.0	21.59259259259259	3.342721821179438
6.0	27.0	22.904761904761905	3.3452169123206628
6.0	28.0	21.5	3.180469244527388
6.0	29.0	21.22222222222222	2.048034287907418
6.0	30.0	22.428571428571427	3.7352886036263584
6.0	31.0	22.0	2.9154759474226504
6.0	32.0	18.666666666666668	1.1547005383792515
6.0	33.0	21.666666666666668	1.5275252316519468
6.0	34.0	19.666666666666668	1.1547005383792515
6.0	35.0	NaN	NaN
7.0	1.0	22.90909090909091	2.9964405761640287
7.0	2.0	22.532467532467532	2.613931316674006
7.0	3.0	22.675324675324674	3.2009844617808434
7.0	4.0	22.571428571428573	3.0076506999515837
7.0	5.0	22.441558441558442	2.9715762461675324
7.0	6.0	22.705627705627705	3.2208442614392974
7.0	7.0	22.376623376623378	2.9812703494766364
7.0	8.0	22.147186147186147	2.7194913774739367
7.0	9.0	21.939393939393938	2.9036345403884805
7.0	10.0	22.12121212121212	2.961055966613542
7.0	11.0	22.3982683982684	3.1105425972631036
7.0	12.0	22.242424242424242	3.1556879236403828
7.0	13.0	21.74025974025974	3.1196540948271982
7.0	14.0	21.99134199134199	3.0402965272877176
7.0	15.0	21.883116883116884	3.0344716292771023
7.0	16.0	21.917748917748916	3.0441942101084023
7.0	17.0	22.12987012987013	3.1291781780552124
7.0	18.0	21.482608695652175	2.6707459622142804
7.0	19.0	21.733644859813083	2.851420663137227
7.0	20.0	21.42931937172775	2.8235809771116838
7.0	21.0	21.929936305732483	3.760650942155832
7.0	22.0	21.483050847457626	3.126214091261343
7.0	23.0	21.40740740740741	2.553320278469672
7.0	24.0	21.672727272727272	2.956816014357495
7.0	25.0	21.736842105263158	3.218898674562179
7.0	26.0	21.6	3.685557397915997
7.0	27.0	19.25	2.179449471770337
7.0	28.0	22.166666666666668	4.167333280008532
7.0	29.0	20.8	2.3874672772626644
7.0	30.0	23.5	2.1213203435596424
7.0	31.0	25.5	4.949747468305833
7.0	32.0	24.0	7.0710678118654755
7.0	33.0	NaN	NaN
7.0	34.0	NaN	NaN
8.0	1.0	22.606060606060606	2.931946611969831
8.0	2.0	22.67099567099567	2.9347955050570245
8.0	3.0	22.528138528138527	2.7247393968463336
8.0	4.0	22.636363636363637	3.17151352254967
8.0	5.0	22.341991341991342	2.668644570452006
8.0	6.0	22.567099567099568	3.0164116002656542
8.0	7.0	22.454545454545453	3.301694378762363
8.0	8.0	22.255411255411257	2.778747556419537
8.0	9.0	22.116883116883116	2.9853585873349604
8.0	10.0	22.233766233766232	3.309654272878863
8.0	11.0	21.9004329004329	2.815106729546669
8.0	12.0	22.242424242424242	3.2224917731363547
8.0	13.0	22.203463203463205	3.413169653637172
8.0	14.0	21.80952380952381	3.0557280834660037
8.0	15.0	22.1991341991342	3.1296894045366246
8.0	16.0	21.861471861471863	3.2886941372758587
8.0	17.0	21.85217391304348	3.302092702236517
8.0	18.0	21.539823008849556	2.96808325199229
8.0	19.0	21.676056338028168	2.8801925113560434
8.0	20.0	21.61578947368421	2.877528914512739
8.0	21.0	21.469135802469136	3.0281758433031722
8.0	22.0	21.761904761904763	2.964937966106061
8.0	23.0	21.1875	2.680583204414568
8.0	24.0	21.45098039215686	3.276056931679888
8.0	25.0	21.071428571428573	2.974631415108287
8.0	26.0	21.571428571428573	2.410295378065479
8.0	27.0	20.05263157894737	1.6490294859747157
8.0	28.0	20.916666666666668	2.539088359425425
8.0	29.0	23.0	4.2895221179054435
8.0	30.0	21.75	1.5
8.0	31.0	21.0	2.0
8.0	32.0	NaN	NaN
8.0	33.0	NaN	NaN
9.0	1.0	23.233766233766232	3.4473535050229493
9.0	2.0	22.818181818181817	3.04485570184521
9.0	3.0	22.41991341991342	3.020414885314237
9.0	4.0	22.532467532467532	3.0994434938819837
9.0	5.0	22.203463203463205	2.8888370079363663
9.0	6.0	22.584415584415584	3.0589170406078834
9.0	7.0	22.67965367965368	3.2970964646082255
9.0	8.0	22.337662337662337	2.8905109655578483
9.0	9.0	22.8008658008658	3.6252974851486788
9.0	10.0	22.09090909090909	3.336941393793521
9.0	11.0	21.952380952380953	2.8056435288122485
9.0	12.0	22.285714285714285	3.191798496107101
9.0	13.0	22.515151515151516	3.6437540183866095
9.0	14.0	22.095238095238095	3.356955635500171
9.0	15.0	21.97835497835498	2.9904862007574553
9.0	16.0	21.705627705627705	3.15538372501644
9.0	17.0	21.96069868995633	2.8978563524639758
9.0	18.0	21.569506726457398	2.822586384812576
9.0	19.0	21.51658767772512	2.8390910208055797
9.0	20.0	21.54054054054054	3.069791405200906
9.0	21.0	21.788079470198674	3.2467609942283073
9.0	22.0	21.17241379310345	2.79526264479267
9.0	23.0	21.43820224719101	2.8918186169220075
9.0	24.0	21.776119402985074	2.784268009578689
9.0	25.0	21.8	3.4745830358083647
9.0	26.0	21.451612903225808	2.9870689053253003
9.0	27.0	21.428571428571427	2.9423023055326687
9.0	28.0	20.785714285714285	2.8332794651203277
9.0	29.0	22.333333333333332	2.598076211353316
9.0	30.0	21.5	3.696845502136472
9.0	31.0	NaN	NaN
10.0	1.0	23.11255411255411	3.2202306108843337
10.0	2.0	22.748917748917748	3.037044637141172
10.0	3.0	22.437229437229437	3.0078446904573197
10.0	4.0	22.571428571428573	3.194132820038905
10.0	5.0	22.445887445887447	2.717954468276523
10.0	6.0	22.385281385281385	2.895806530822861
10.0	7.0	22.532467532467532	3.0613342455654373
10.0	8.0	22.593073593073594	3.3723613954493423
10.0	9.0	22.528138528138527	3.0642164042428313
10.0	10.0	22.51082251082251	3.3072535195043136
10.0	11.0	22.038961038961038	2.8987623675791068
10.0	12.0	21.852813852813853	2.9657433051690583
10.0	13.0	22.125541125541126	2.92319011813799
10.0	14.0	21.705627705627705	2.942922744175521
10.0	15.0	21.904761904761905	2.767752786385093
10.0	16.0	21.826839826839826	3.309455224493703
10.0	17.0	21.67543859649123	2.5619912892625245
10.0	18.0	21.75225225225225	2.988192354407695
10.0	19.0	21.833333333333332	2.885613485696612
10.0	20.0	21.48913043478261	3.097661960614499
10.0	21.0	21.370860927152318	2.9203102438833106
10.0	22.0	21.758928571428573	3.6397345109454506
10.0	23.0	21.488888888888887	3.3994197933376555
10.0	24.0	20.9375	3.313632256325184
10.0	25.0	21.547619047619047	2.742638759211788
10.0	26.0	21.291666666666668	2.422344654087937
10.0	27.0	21.88235294117647	2.420804436059852
10.0	28.0	19.454545454545453	2.73362895666681
10.0	29.0	21.125	2.1671244937540095
10.0	30.0	20.6	2.0736441353327724
10.0	31.0	20.666666666666668	4.618802153517007
10.0	32.0	21.5	3.5355339059327378
10.0	33.0	NaN	NaN
11.0	1.0	22.874458874458874	2.9127600144128256
11.0	2.0	22.636363636363637	2.8509758401478464
11.0	3.0	22.727272727272727	2.917576556737951
11.0	4.0	22.4978354978355	2.843565518812236
11.0	5.0	22.2987012987013	2.831798944586907
11.0	6.0	22.28138528138528	3.0678628425139984
11.0	7.0	22.142857142857142	3.199378821696565
11.0	8.0	22.303030303030305	3.069334922144393
11.0	9.0	22.164502164502164	3.079913125362127
11.0	10.0	22.41125541125541	3.3517878006473523
11.0	11.0	22.16017316017316	2.8870577719506825
11.0	12.0	22.017316017316016	2.784999208438523
11.0	13.0	22.22077922077922	3.1455560507541285
11.0	14.0	22.255411255411257	3.337488469891001
11.0	15.0	21.662337662337663	3.1634202305500994
11.0	16.0	22.10822510822511	3.01755326475403
11.0	17.0	21.612334801762113	3.055450274998272
11.0	18.0	21.794520547945204	3.2830908355098667
11.0	19.0	21.61244019138756	3.1741198473435057
11.0	20.0	21.502702702702702	3.20855568943737
11.0	21.0	21.394736842105264	2.983748242173492
11.0	22.0	21.526785714285715	3.1075607346331497
11.0	23.0	20.974683544303797	2.556914624810905
11.0	24.0	20.92156862745098	2.7773594456238606
11.0	25.0	21.103448275862068	2.636892483671518
11.0	26.0	22.7	3.045272436174852
11.0	27.0	22.2	3.54964786985977
11.0	28.0	22.375	3.113908889391045
11.0	29.0	20.142857142857142	1.4638501094228
11.0	30.0	18.0	2.8284271247461903
11.0	31.0	NaN	NaN
12.0	1.0	22.683982683982684	2.6977693973796173
12.0	2.0	22.575757575757574	2.7078181834990347
12.0	3.0	22.8008658008658	3.230856547378478
12.0	4.0	22.51948051948052	3.201672346746807
12.0	5.0	22.51082251082251	2.759743957659639
12.0	6.0	22.63203463203463	3.365892183374232
12.0	7.0	22.181818181818183	2.833313957928017
12.0	8.0	22.082251082251084	2.9158019475871764
12.0	9.0	22.385281385281385	3.0048583535378
12.0	10.0	21.956709956709958	2.896449925690218
12.0	11.0	22.242424242424242	3.195393588347643
12.0	12.0	21.857142857142858	2.8271092274354968
12.0	13.0	21.896103896103895	2.866224977900597
12.0	14.0	21.735930735930737	2.6904757740655842
12.0	15.0	21.818181818181817	3.063362486438743
12.0	16.0	21.36796536796537	2.9382950866423734
12.0	17.0	21.633187772925766	2.8262458616912713
12.0	18.0	21.696035242290748	2.66410624548798
12.0	19.0	21.95754716981132	3.4521906806251006
12.0	20.0	21.435233160621763	3.1469565443818857
12.0	21.0	21.615853658536587	3.413073728024538
12.0	22.0	21.637795275590552	3.1689698174307415
12.0	23.0	21.598039215686274	2.9693477095532415
12.0	24.0	21.46969696969697	2.9985622040196684
12.0	25.0	21.3953488372093	2.6289553862769006
12.0	26.0	20.655172413793103	2.1592965466453835
12.0	27.0	22.105263157894736	2.5797230006793206
12.0	28.0	22.4	3.9214509786273974
12.0	29.0	19.833333333333332	2.562550812504343
12.0	30.0	22.0	4.301162633521313
12.0	31.0	20.666666666666668	4.041451884327381
12.0	32.0	NaN	NaN
12.0	33.0	NaN	NaN
12.0	34.0	NaN	NaN
13.0	1.0	23.246753246753247	3.147763225816807
13.0	2.0	22.696969696969695	2.9508936588827215
13.0	3.0	22.432900432900432	2.801172081321268
13.0	4.0	22.545454545454547	3.1562723798760426
13.0	5.0	22.428571428571427	3.3392080736315632
13.0	6.0	22.203463203463205	2.9232480665216793
13.0	7.0	22.376623376623378	2.956373929277558
13.0	8.0	22.31168831168831	2.9277966500710284
13.0	9.0	22.272727272727273	2.7376744985624297
13.0	10.0	22.07792207792208	3.0033296034476846
13.0	11.0	21.584415584415584	2.7975951599029822
13.0	12.0	22.07792207792208	3.10581320485746
13.0	13.0	21.761904761904763	2.7440883192663
13.0	14.0	22.29004329004329	3.5493827384778864
13.0	15.0	21.714285714285715	3.0368339184827353
13.0	16.0	21.242424242424242	2.557532984550136
13.0	17.0	21.705627705627705	3.004332150327245
13.0	18.0	21.67543859649123	3.485642329608345
13.0	19.0	21.580188679245282	3.0193976302467154
13.0	20.0	21.329842931937172	2.7949389366156656
13.0	21.0	21.650306748466257	3.182773350652045
13.0	22.0	21.68217054263566	3.196640072316242
13.0	23.0	21.967032967032967	3.0237965446348314
13.0	24.0	21.311475409836067	3.0688813575772595
13.0	25.0	21.717391304347824	4.009228484818277
13.0	26.0	20.620689655172413	2.9448962279006454
13.0	27.0	21.944444444444443	2.4845930480420906
13.0	28.0	21.0	2.857738033247041
13.0	29.0	23.166666666666668	3.125166662222459
13.0	30.0	20.6	2.0736441353327724
13.0	31.0	19.0	5.656854249492381
13.0	32.0	NaN	NaN
13.0	33.0	NaN	NaN
14.0	1.0	23.00865800865801	2.7834781838420635
14.0	2.0	22.376623376623378	2.614536093387328
14.0	3.0	22.83982683982684	2.9200011860283426
14.0	4.0	22.415584415584416	2.64747943794938
14.0	5.0	22.060606060606062	2.626910497433882
14.0	6.0	22.376623376623378	3.046190611976643
14.0	7.0	22.558441558441558	3.1971189741098485
14.0	8.0	22.194805194805195	3.1097558734281248
14.0	9.0	22.63203463203463	3.562926827960982
14.0	10.0	21.982683982683984	2.849813675015885
14.0	11.0	22.0995670995671	3.0264845130009492
14.0	12.0	22.38961038961039	3.0694391676763204
14.0	13.0	21.917748917748916	2.9616661214499644
14.0	14.0	22.047619047619047	3.5278249183093413
14.0	15.0	22.108695652173914	3.074250438480297
14.0	16.0	22.0	2.9597002090601876
14.0	17.0	21.641921397379914	3.09260404850218
14.0	18.0	21.614349775784753	2.906062380918636
14.0	19.0	21.28640776699029	3.0826832956383425
14.0	20.0	21.471910112359552	3.222764674943961
14.0	21.0	21.598591549295776	3.400166577385677
14.0	22.0	21.37962962962963	2.817560396959708
14.0	23.0	21.776315789473685	2.710958916253442
14.0	24.0	21.714285714285715	2.7440761500094517
14.0	25.0	20.916666666666668	2.9988092875101513
14.0	26.0	21.85	2.888725816360089
14.0	27.0	21.625	2.0936411663256274
14.0	28.0	20.75	2.8643577734887544
14.0	29.0	20.375	2.1339098923270936
14.0	30.0	21.833333333333332	2.316606713852541
14.0	31.0	23.25	5.315072906367325
14.0	32.0	20.0	4.242640687119285
14.0	33.0	NaN	NaN
14.0	34.0	NaN	NaN
14.0	35.0	NaN	NaN
15.0	1.0	22.913419913419915	3.076042345971594
15.0	2.0	22.714285714285715	3.025358661556659
15.0	3.0	22.99134199134199	3.3981981696076398
15.0	4.0	22.90909090909091	3.433271294065782
15.0	5.0	22.350649350649352	2.7777042464701442
15.0	6.0	22.761904761904763	3.147051595924669
15.0	7.0	22.5021645021645	3.0728466604938713
15.0	8.0	22.138528138528137	2.9632290697576784
15.0	9.0	21.89177489177489	2.8439824896225856
15.0	10.0	22.225108225108226	3.185766150629589
15.0	11.0	22.073593073593074	2.7328508110451395
15.0	12.0	21.761904761904763	2.648957762153424
15.0	13.0	22.09090909090909	3.3473486646903026
15.0	14.0	21.675324675324674	2.842724772688704
15.0	15.0	22.22077922077922	3.1510800493055653
15.0	16.0	21.80952380952381	3.081232847289093
15.0	17.0	21.733624454148472	3.2286757182217074
15.0	18.0	21.74660633484163	3.227587020692316
15.0	19.0	21.754901960784313	3.010445770012031
15.0	20.0	21.594444444444445	2.934474765223638
15.0	21.0	21.06711409395973	2.9924780238760484
15.0	22.0	21.587155963302752	3.4270465882509993
15.0	23.0	21.076923076923077	2.818165705216416
15.0	24.0	21.6	3.159934364062834
15.0	25.0	21.47222222222222	2.9128887096696015
15.0	26.0	20.19047619047619	2.441701202421124
15.0	27.0	23.071428571428573	2.0177781274036475
15.0	28.0	22.3	6.3604681868204915
15.0	29.0	21.666666666666668	3.8297084310253524
15.0	30.0	22.75	2.0615528128088303
15.0	31.0	19.0	1.7320508075688772
15.0	32.0	NaN	NaN
15.0	33.0	NaN	NaN
15.0	34.0	NaN	NaN
16.0	1.0	22.562770562770563	3.0280140046484383
16.0	2.0	22.805194805194805	2.6818502424176307
16.0	3.0	22.5021645021645	3.007056134977919
16.0	4.0	22.748917748917748	3.258058390485665
16.0	5.0	22.666666666666668	3.0894866137000636
16.0	6.0	22.458874458874458	2.93210067695894
16.0	7.0	22.03030303030303	3.046586028575677
16.0	8.0	22.07792207792208	2.8334933137593854
16.0	9.0	22.056277056277057	2.9710694885032183
16.0	10.0	22.017316017316016	2.79123685840146
16.0	11.0	22.19047619047619	3.062834043978286
16.0	12.0	22.445887445887447	3.000777865149659
16.0	13.0	22.09090909090909	2.911066522839225
16.0	14.0	21.805194805194805	2.5810629477304134
16.0	15.0	21.783549783549784	2.7687522611061444
16.0	16.0	21.517391304347825	3.301071967470851
16.0	17.0	21.74561403508772	2.9972422082274432
16.0	18.0	21.637614678899084	3.181434884541276
16.0	19.0	21.40487804878049	2.5642672021602206
16.0	20.0	21.28804347826087	2.9547902162662965
16.0	21.0	21.56081081081081	3.0865659127956415
16.0	22.0	21.416666666666668	3.288848827575426
16.0	23.0	21.69047619047619	2.6479188940195644
16.0	24.0	21.765625	2.6770167445859676
16.0	25.0	21.408163265306122	3.0270885857738694
16.0	26.0	21.11764705882353	3.121428440317252
16.0	27.0	21.65	2.906888370749727
16.0	28.0	22.1	3.956710193526379
16.0	29.0	20.142857142857142	2.115700942049815
16.0	30.0	19.75	2.0615528128088303
16.0	31.0	22.25	2.217355782608345
16.0	32.0	23.0	0.0
16.0	33.0	19.0	2.8284271247461903
16.0	34.0	NaN	NaN
17.0	1.0	22.99134199134199	3.1318717031740153
17.0	2.0	23.147186147186147	3.222877239359448
17.0	3.0	22.835497835497836	3.0982105057659934
17.0	4.0	22.536796536796537	2.936603502004987
17.0	5.0	22.554112554112553	2.8810275892266612
17.0	6.0	22.484848484848484	3.0713946483053913
17.0	7.0	22.38961038961039	3.055241444194938
17.0	8.0	22.07792207792208	2.9742353073465737
17.0	9.0	21.982683982683984	2.998500158362319
17.0	10.0	22.0995670995671	3.1156756240647256
17.0	11.0	22.25974025974026	2.8425459993338063
17.0	12.0	21.87878787878788	3.0033358704049617
17.0	13.0	22.28138528138528	3.3340861186485617
17.0	14.0	21.766233766233768	3.244645504437053
17.0	15.0	22.10822510822511	3.1679745087731375
17.0	16.0	21.528138528138527	2.9129150941872495
17.0	17.0	21.893333333333334	3.120668426566884
17.0	18.0	21.642533936651585	2.9945102657692817
17.0	19.0	21.814634146341465	3.413465332514641
17.0	20.0	21.74137931034483	3.2375703344206914
17.0	21.0	21.54074074074074	2.482063906963956
17.0	22.0	21.906542056074766	3.457375791518856
17.0	23.0	22.0	3.8876630577549944
17.0	24.0	21.964912280701753	3.8589641110050588
17.0	25.0	21.6	2.702939576265288
17.0	26.0	20.875	2.982740204985138
17.0	27.0	23.1875	3.3509948771471834
17.0	28.0	21.692307692307693	2.657837949180229
17.0	29.0	22.666666666666668	2.9439202887759492
17.0	30.0	19.6	1.5165750888103102
17.0	31.0	21.4	0.8944271909999159
17.0	32.0	21.6	1.1401754250991378
17.0	33.0	NaN	NaN
17.0	34.0	NaN	NaN
17.0	35.0	NaN	NaN
17.0	36.0	NaN	NaN
17.0	37.0	NaN	NaN
17.0	38.0	NaN	NaN
18.0	1.0	22.776785714285715	3.1358188764060655
18.0	2.0	22.691964285714285	3.4170146252820475
18.0	3.0	22.419642857142858	2.8478247315228886
18.0	4.0	22.616071428571427	3.004467632164243
18.0	5.0	22.857142857142858	3.185891383545811
18.0	6.0	21.924107142857142	2.9279156036660114
18.0	7.0	22.125	2.986141382912804
18.0	8.0	22.133928571428573	2.8379097206075854
18.0	9.0	21.950892857142858	2.9740731845155692
18.0	10.0	22.410714285714285	3.283478335665023
18.0	11.0	22.4375	3.3476616562941994
18.0	12.0	21.995535714285715	3.047453936727611
18.0	13.0	22.084821428571427	3.236138700665091
18.0	14.0	21.665178571428573	2.8076516150134503
18.0	15.0	21.629464285714285	3.033627330274407
18.0	16.0	21.866071428571427	3.0067056170368285
18.0	17.0	21.638009049773757	2.9962406172204137
18.0	18.0	21.930875576036865	3.2202794432751225
18.0	19.0	21.725	3.185926180585593
18.0	20.0	21.464285714285715	2.8660575211055543
18.0	21.0	21.56551724137931	3.250670428934298
18.0	22.0	21.92792792792793	3.3648225988944978
18.0	23.0	22.083333333333332	3.793062607400776
18.0	24.0	21.313725490196077	2.887837918432621
18.0	25.0	21.96875	2.95650594779629
18.0	26.0	21.03846153846154	2.3576389754289226
18.0	27.0	22.0	3.2581259360842107
18.0	28.0	22.571428571428573	2.9358214555806392
18.0	29.0	19.2	1.6431676725154984
18.0	30.0	21.5	2.516611478423583
18.0	31.0	NaN	NaN
19.0	1.0	23.26923076923077	3.2384488719519333
19.0	2.0	22.923076923076923	3.1275379883304995
19.0	3.0	22.716346153846153	3.033042208578534
19.0	4.0	22.509615384615383	3.3477808420403234
19.0	5.0	22.673076923076923	3.14525117908912
19.0	6.0	22.442307692307693	2.9086807377807347
19.0	7.0	22.60096153846154	3.051791117142219
19.0	8.0	22.673076923076923	3.0166760595331636
19.0	9.0	22.16826923076923	3.3035704421572514
19.0	10.0	21.97596153846154	3.0367155914004575
19.0	11.0	22.076923076923077	2.8239565477227573
19.0	12.0	21.860576923076923	3.235489144428721
19.0	13.0	21.75	2.9315870955082888
19.0	14.0	21.822115384615383	2.827076013932848
19.0	15.0	21.64423076923077	2.774689848118448
19.0	16.0	21.620192307692307	3.4000534183837834
19.0	17.0	21.637254901960784	3.119268626183247
19.0	18.0	21.7319587628866	3.246410417573071
19.0	19.0	21.427777777777777	3.256331272791918
19.0	20.0	21.25657894736842	3.084884555733465
19.0	21.0	21.62037037037037	3.146627307601848
19.0	22.0	21.27777777777778	2.638940366848199
19.0	23.0	21.568627450980394	3.054536966289878
19.0	24.0	22.470588235294116	3.4221674340283332
19.0	25.0	20.727272727272727	2.6579945569799546
19.0	26.0	19.4375	2.159282288168918
19.0	27.0	20.8	2.573367875415838
19.0	28.0	22.6	1.51657508881031
19.0	29.0	19.5	1.0
19.0	30.0	22.333333333333332	3.5118845842842465
19.0	31.0	NaN	NaN
19.0	32.0	NaN	NaN
19.0	33.0	NaN	NaN
19.0	34.0	NaN	NaN
19.0	35.0	NaN	NaN
19.0	36.0	NaN	NaN
19.0	37.0	NaN	NaN
19.0	38.0	NaN	NaN
20.0	1.0	23.373626373626372	3.1975417064683387
20.0	2.0	22.25824175824176	2.5585547514892397
20.0	3.0	22.346153846153847	2.872225836867385
20.0	4.0	22.85164835164835	3.21339952300438
20.0	5.0	22.52747252747253	2.972584341105724
20.0	6.0	22.208791208791208	2.9207449421233043
20.0	7.0	22.21978021978022	2.716034637173247
20.0	8.0	21.86263736263736	2.790637399284781
20.0	9.0	22.10989010989011	2.7267877179156566
20.0	10.0	21.994505494505493	2.7861085016277762
20.0	11.0	21.62087912087912	2.9139032880395743
20.0	12.0	21.763736263736263	2.8194673092553213
20.0	13.0	22.34065934065934	3.0200793236071006
20.0	14.0	21.708791208791208	2.7647804045614817
20.0	15.0	21.664835164835164	2.9699739986723377
20.0	16.0	21.708791208791208	3.1037011714548557
20.0	17.0	21.977900552486187	3.0947191599471733
20.0	18.0	21.477272727272727	2.882369155408784
20.0	19.0	21.525641025641026	3.213778236620723
20.0	20.0	21.818181818181817	2.9675552994408405
20.0	21.0	21.5	3.1893129623348617
20.0	22.0	20.857142857142858	2.955151308251134
20.0	23.0	22.020408163265305	3.585211499562982
20.0	24.0	21.583333333333332	3.0833655081976343
20.0	25.0	20.46153846153846	2.082897390286314
20.0	26.0	20.53846153846154	3.0717905911532175
20.0	27.0	22.555555555555557	2.8771127502720115
20.0	28.0	20.833333333333332	3.0605010483034745
20.0	29.0	22.666666666666668	1.5275252316519468
20.0	30.0	20.0	2.8284271247461903
21.0	1.0	23.173076923076923	3.767712511357284
21.0	2.0	23.064102564102566	3.057891930788346
21.0	3.0	22.692307692307693	3.2161194501476253
21.0	4.0	22.46153846153846	3.866121863447568
21.0	5.0	21.974358974358974	2.8825363337636056
21.0	6.0	22.21794871794872	3.0570803524317367
21.0	7.0	22.166666666666668	2.480461282109239
21.0	8.0	22.365384615384617	3.0226810113337987
21.0	9.0	22.044871794871796	2.6696452554429424
21.0	10.0	22.378205128205128	3.377998928012108
21.0	11.0	21.641025641025642	2.7449630538643377
21.0	12.0	22.096153846153847	2.919962099077594
21.0	13.0	22.153846153846153	3.2768077427017706
21.0	14.0	21.743589743589745	2.744782252064627
21.0	15.0	21.641025641025642	3.0521250512340665
21.0	16.0	21.6	2.897827220074136
21.0	17.0	21.657894736842106	2.63975029713615
21.0	18.0	22.187919463087248	3.2722608258494463
21.0	19.0	21.54014598540146	2.4284302559355755
21.0	20.0	21.792792792792792	3.1016626541761796
21.0	21.0	21.78494623655914	2.7852463101039446
21.0	22.0	21.555555555555557	2.8967630739722687
21.0	23.0	22.132075471698112	3.063668840365298
21.0	24.0	21.023255813953487	2.345089825602415
21.0	25.0	20.892857142857142	2.5724939004252017
21.0	26.0	21.85	3.1165939573093002
21.0	27.0	21.4	2.7464262493023806
21.0	28.0	22.333333333333332	1.9364916731037085
21.0	29.0	20.5	3.1622776601683795
21.0	30.0	23.0	2.345207879911715
21.0	31.0	21.0	1.4142135623730951
21.0	32.0	18.5	0.7071067811865476
21.0	33.0	18.5	2.1213203435596424
21.0	34.0	NaN	NaN
22.0	1.0	23.20909090909091	3.704932131868472
22.0	2.0	23.445454545454545	3.305781323449177
22.0	3.0	22.8	3.0252757854419903
22.0	4.0	22.21818181818182	2.9190353382733156
22.0	5.0	22.5	2.8373330286725826
22.0	6.0	22.072727272727274	2.9074693145148935
22.0	7.0	22.345454545454544	3.283085267558812
22.0	8.0	22.136363636363637	3.1139734572156414
22.0	9.0	22.054545454545455	3.5240624067315807
22.0	10.0	22.21818181818182	3.0481813443303
22.0	11.0	22.054545454545455	3.0405104702883823
22.0	12.0	22.381818181818183	3.010628932987832
22.0	13.0	21.754545454545454	2.6825510371141617
22.0	14.0	21.70909090909091	2.61381458579361
22.0	15.0	22.12727272727273	3.2314654014136965
22.0	16.0	22.245454545454546	3.0506018766534466
22.0	17.0	21.55045871559633	2.7604556740459367
22.0	18.0	21.745283018867923	3.001781441727457
22.0	19.0	22.07070707070707	3.444168467674746
22.0	20.0	21.730337078651687	2.9028357802164773
22.0	21.0	21.028169014084508	2.5688898713308355
22.0	22.0	22.192307692307693	3.181061985320228
22.0	23.0	20.658536585365855	2.0446241231282705
22.0	24.0	21.678571428571427	2.465368598818913
22.0	25.0	21.65	3.453068810569276
22.0	26.0	22.09090909090909	3.6729972898042123
22.0	27.0	21.0	2.138089935299395
22.0	28.0	23.0	5.253570214625479
22.0	29.0	20.2	1.4832396974191324
22.0	30.0	20.0	2.6457513110645907
22.0	31.0	NaN	NaN
22.0	32.0	NaN	NaN
22.0	33.0	NaN	NaN
22.0	34.0	NaN	NaN
22.0	35.0	NaN	NaN
23.0	1.0	22.95	3.1377650677278512
23.0	2.0	22.1375	2.564330544068082
23.0	3.0	22.2875	3.39095502025124
23.0	4.0	22.2375	2.7934994613399033
23.0	5.0	22.3625	2.887089331857707
23.0	6.0	22.05	2.4746819256040546
23.0	7.0	22.8125	3.241712900866696
23.0	8.0	22.15	3.1264490311380095
23.0	9.0	22.375	3.7259779108852835
23.0	10.0	21.8	2.4925204568564934
23.0	11.0	22.275	3.1741638986820138
23.0	12.0	21.9125	2.882482008902323
23.0	13.0	22.4	2.9321439859649425
23.0	14.0	22.05	3.7311551813535946
23.0	15.0	21.95	2.937750797265732
23.0	16.0	21.3875	2.79009890483011
23.0	17.0	21.6	2.888650861123295
23.0	18.0	21.413333333333334	3.0049208890667236
23.0	19.0	22.014492753623188	2.8153609820954646
23.0	20.0	21.527272727272727	2.7274635174566937
23.0	21.0	21.217391304347824	3.032513028117189
23.0	22.0	21.419354838709676	2.1721601160808732
23.0	23.0	22.16	4.346262762420146
23.0	24.0	21.894736842105264	2.9039195130050857
23.0	25.0	20.454545454545453	2.5831622621754273
23.0	26.0	21.0	3.605551275463989
23.0	27.0	20.333333333333332	2.5166114784235836
23.0	28.0	21.333333333333332	2.081665999466133
23.0	29.0	21.0	1.4142135623730951
23.0	30.0	NaN	NaN
23.0	31.0	NaN	NaN
23.0	32.0	NaN	NaN
24.0	1.0	23.155172413793103	3.0596509612764144
24.0	2.0	22.448275862068964	2.669991877201019
24.0	3.0	23.103448275862068	3.143858703871606
24.0	4.0	22.29310344827586	3.162325486147619
24.0	5.0	23.24137931034483	4.33796113814493
24.0	6.0	22.310344827586206	2.835903250717294
24.0	7.0	22.43103448275862	2.676158997751482
24.0	8.0	22.5	3.2565723019602584
24.0	9.0	21.689655172413794	3.0157882595395
24.0	10.0	22.448275862068964	2.956838127466351
24.0	11.0	23.03448275862069	3.4588585341621942
24.0	12.0	21.93103448275862	2.6876068332288026
24.0	13.0	21.620689655172413	2.918949499854035
24.0	14.0	21.137931034482758	2.416669274254387
24.0	15.0	21.482758620689655	2.9572472934722493
24.0	16.0	20.844827586206897	2.6741237235868893
24.0	17.0	21.551724137931036	3.0329906137203766
24.0	18.0	21.072727272727274	2.387114680595907
24.0	19.0	21.42222222222222	3.1513985992433793
24.0	20.0	21.225	3.149989824973392
24.0	21.0	21.451612903225808	2.643718463041773
24.0	22.0	20.9	2.5935141776118527
24.0	23.0	21.5	3.4137730085414515
24.0	24.0	19.444444444444443	2.1278575558006176
24.0	25.0	21.714285714285715	2.690370836538197
24.0	26.0	20.5	1.0
24.0	27.0	24.5	2.1213203435596424
24.0	28.0	28.0	4.242640687119285
24.0	29.0	NaN	NaN
24.0	30.0	NaN	NaN
24.0	31.0	NaN	NaN
25.0	1.0	23.80952380952381	3.101833409359581
25.0	2.0	22.761904761904763	2.869601177435245
25.0	3.0	22.761904761904763	2.843988300630492
25.0	4.0	22.666666666666668	4.004062977177464
25.0	5.0	23.166666666666668	3.9994918376400763
25.0	6.0	22.142857142857142	2.6464097038360275
25.0	7.0	22.30952380952381	3.008022567686613
25.0	8.0	22.142857142857142	3.4256665975588843
25.0	9.0	21.30952380952381	2.26842693144869
25.0	10.0	22.523809523809526	3.3512873044518665
25.0	11.0	21.785714285714285	2.6552820279743585
25.0	12.0	23.071428571428573	4.122471772997816
25.0	13.0	22.238095238095237	2.6208314060620457
25.0	14.0	22.19047619047619	2.751833936053264
25.0	15.0	21.142857142857142	2.5430098219833583
25.0	16.0	21.5609756097561	2.3350458291841387
25.0	17.0	21.634146341463413	2.6716670597304555
25.0	18.0	21.42105263157895	3.0011851618208145
25.0	19.0	20.84375	2.1115561453200127
25.0	20.0	20.77777777777778	2.6360420991930216
25.0	21.0	21.59090909090909	2.788737398367992
25.0	22.0	22.5625	4.289036410819257
25.0	23.0	21.5	2.8771127502720115
25.0	24.0	20.0	2.0
25.0	25.0	20.833333333333332	3.65604522218567
25.0	26.0	20.0	0.0
25.0	27.0	NaN	NaN
25.0	28.0	NaN	NaN
25.0	29.0	NaN	NaN
26.0	1.0	22.434782608695652	3.057421476825942
26.0	2.0	23.347826086956523	3.5497592191350096
26.0	3.0	22.47826086956522	2.9212320753313423
26.0	4.0	22.695652173913043	3.6110283426884933
26.0	5.0	24.695652173913043	4.204270368097566
26.0	6.0	22.391304347826086	2.3882121581327245
26.0	7.0	22.043478260869566	3.363956826951981
26.0	8.0	22.130434782608695	2.6509749120257107
26.0	9.0	21.565217391304348	2.4088112299435123
26.0	10.0	21.47826086956522	2.810201630058069
26.0	11.0	24.043478260869566	4.507350167625856
26.0	12.0	22.08695652173913	2.466374657786033
26.0	13.0	21.652173913043477	2.8059789355163134
26.0	14.0	22.08695652173913	3.369826586828533
26.0	15.0	21.304347826086957	2.3048325241602434
26.0	16.0	20.26086956521739	2.004934623834354
26.0	17.0	22.227272727272727	2.8272789910984186
26.0	18.0	21.954545454545453	3.538593650257828
26.0	19.0	21.40909090909091	2.9706355085528964
26.0	20.0	22.055555555555557	3.0959598382830227
26.0	21.0	22.333333333333332	3.086066999241838
26.0	22.0	21.916666666666668	3.1466673086799553
26.0	23.0	21.857142857142858	4.0178174601214955
26.0	24.0	22.333333333333332	3.011090610836324
26.0	25.0	20.333333333333332	1.2110601416389968
26.0	26.0	23.333333333333332	6.110100926607786
26.0	27.0	NaN	NaN
26.0	28.0	NaN	NaN
26.0	29.0	NaN	NaN
26.0	30.0	NaN	NaN
26.0	31.0	NaN	NaN
27.0	1.0	23.5	2.9076701075853593
27.0	2.0	22.5	2.3159525823376357
27.0	3.0	20.75	3.1370223287233854
27.0	4.0	22.083333333333332	2.353269807709857
27.0	5.0	23.166666666666668	3.4067668846078396
27.0	6.0	21.916666666666668	2.7784342658585555
27.0	7.0	23.25	4.673425840955336
27.0	8.0	22.666666666666668	2.870962250261094
27.0	9.0	21.75	3.4145410978769766
27.0	10.0	23.083333333333332	2.9987371079213068
27.0	11.0	22.0	2.5584085962673253
27.0	12.0	21.916666666666668	2.0652243256245835
27.0	13.0	23.083333333333332	2.8431203515386634
27.0	14.0	22.833333333333332	2.9180732539042804
27.0	15.0	23.0	1.651445647689541
27.0	16.0	20.166666666666668	2.587850400809463
27.0	17.0	22.818181818181817	3.2192602199319587
27.0	18.0	21.0	3.714835124201342
27.0	19.0	21.272727272727273	2.935673997258861
27.0	20.0	21.0	3.0
27.0	21.0	22.0	6.2289646009589745
27.0	22.0	21.0	2.160246899469287
27.0	23.0	23.5	0.7071067811865476
27.0	24.0	20.5	0.7071067811865476
27.0	25.0	23.0	5.656854249492381
27.0	26.0	NaN	NaN
27.0	27.0	NaN	NaN
28.0	1.0	23.09090909090909	6.139292230453694
28.0	2.0	23.636363636363637	2.975658826973525
28.0	3.0	22.363636363636363	3.35477949417625
28.0	4.0	21.545454545454547	1.8090680674665816
28.0	5.0	22.727272727272727	2.901410315377992
28.0	6.0	21.0	1.4142135623730951
28.0	7.0	22.181818181818183	3.2501748204729486
28.0	8.0	20.636363636363637	2.8025961989814827
28.0	9.0	22.454545454545453	3.1420896347378875
28.0	10.0	21.727272727272727	1.7939291563999449
28.0	11.0	22.09090909090909	2.7369525189358126
28.0	12.0	21.454545454545453	2.2522715805886446
28.0	13.0	22.0	2.5298221281347035
28.0	14.0	21.818181818181817	3.060005941764879
28.0	15.0	22.09090909090909	1.8683974659876552
28.0	16.0	20.636363636363637	2.4605985967941737
28.0	17.0	21.7	3.3015148038438356
28.0	18.0	19.7	2.2135943621178655
28.0	19.0	24.1	6.6072350915913045
28.0	20.0	20.833333333333332	3.6009258068817065
28.0	21.0	19.2	1.6431676725154982
28.0	22.0	22.75	6.075908711186061
28.0	23.0	19.0	0.0
29.0	1.0	25.166666666666668	5.036533199202271
29.0	2.0	22.333333333333332	3.669695718539436
29.0	3.0	21.166666666666668	3.125166662222459
29.0	4.0	23.333333333333332	2.6583202716502514
29.0	5.0	23.333333333333332	2.943920288775949
29.0	6.0	20.166666666666668	2.136976056643281
29.0	7.0	20.666666666666668	3.07679486912382
29.0	8.0	24.0	4.604345773288535
29.0	9.0	23.666666666666668	2.250925735484551
29.0	10.0	21.0	0.8944271909999159
29.0	11.0	21.833333333333332	0.9831920802501751
29.0	12.0	23.666666666666668	1.3662601021279464
29.0	13.0	20.0	3.3466401061363023
29.0	14.0	21.666666666666668	2.160246899469287
29.0	15.0	22.333333333333332	2.4221202832779936
29.0	16.0	21.833333333333332	2.9944392908634274
29.0	17.0	22.5	1.6431676725154984
29.0	18.0	22.4	2.9664793948382653
29.0	19.0	21.0	3.559026084010437
29.0	20.0	20.25	4.031128874149275
29.0	21.0	23.0	2.6457513110645907
29.0	22.0	21.666666666666668	3.7859388972001824
29.0	23.0	NaN	NaN
29.0	24.0	NaN	NaN
30.0	1.0	25.666666666666668	2.5166114784235836
30.0	2.0	23.666666666666668	3.0550504633038935
30.0	3.0	21.666666666666668	2.886751345948129
30.0	4.0	22.333333333333332	2.5166114784235836
30.0	5.0	24.333333333333332	3.7859388972001824
30.0	6.0	23.666666666666668	4.932882862316248
30.0	7.0	20.666666666666668	1.5275252316519465
30.0	8.0	25.333333333333332	2.081665999466133
30.0	9.0	18.666666666666668	1.5275252316519465
30.0	10.0	20.333333333333332	2.5166114784235836
30.0	11.0	21.666666666666668	4.509249752822894
30.0	12.0	20.333333333333332	2.081665999466133
30.0	13.0	20.666666666666668	2.886751345948129
30.0	14.0	20.0	1.0
30.0	15.0	21.333333333333332	1.5275252316519465
30.0	16.0	21.0	3.0
30.0	17.0	19.666666666666668	2.886751345948129
30.0	18.0	21.666666666666668	3.2145502536643185
30.0	19.0	20.5	2.1213203435596424
30.0	20.0	19.0	1.4142135623730951
30.0	21.0	21.5	6.363961030678928
30.0	22.0	21.0	1.4142135623730951
30.0	23.0	NaN	NaN
30.0	24.0	NaN	NaN
30.0	25.0	NaN	NaN
30.0	26.0	NaN	NaN
30.0	27.0	NaN	NaN
30.0	28.0	NaN	NaN
31.0	1.0	22.5	2.1213203435596424
31.0	2.0	22.0	1.4142135623730951
31.0	3.0	19.5	2.1213203435596424
31.0	4.0	24.0	2.8284271247461903
31.0	5.0	28.5	0.7071067811865476
31.0	6.0	22.0	1.4142135623730951
31.0	7.0	22.5	3.5355339059327378
31.0	8.0	21.0	0.0
31.0	9.0	19.5	0.7071067811865476
31.0	10.0	20.0	4.242640687119285
31.0	11.0	20.5	0.7071067811865476
31.0	12.0	20.0	0.0
31.0	13.0	21.5	2.1213203435596424
31.0	14.0	23.0	1.4142135623730951
31.0	15.0	19.5	2.1213203435596424
31.0	16.0	22.5	4.949747468305833
31.0	17.0	NaN	NaN
31.0	18.0	NaN	NaN
31.0	19.0	NaN	NaN
31.0	20.0	NaN	NaN
32.0	1.0	NaN	NaN
32.0	2.0	NaN	NaN
32.0	3.0	NaN	NaN
32.0	4.0	NaN	NaN
32.0	5.0	NaN	NaN
32.0	6.0	NaN	NaN
32.0	7.0	NaN	NaN
32.0	8.0	NaN	NaN
32.0	9.0	NaN	NaN
32.0	10.0	NaN	NaN
32.0	11.0	NaN	NaN
32.0	12.0	NaN	NaN
32.0	13.0	NaN	NaN
32.0	14.0	NaN	NaN
32.0	15.0	NaN	NaN
32.0	16.0	NaN	NaN
32.0	17.0	NaN	NaN
32.0	18.0	NaN	NaN
32.0	19.0	NaN	NaN
32.0	20.0	NaN	NaN
32.0	21.0	NaN	NaN
