# GROWTH PER CELL CYCLE IN LINEAGE
# original file "wt_decCap_highRe_3gen_perturbed.txt" 
# mother	daughter	growthCycleMean	growthCycleStd
0.0	0.0	1.61851	0.004231745108896171
0.0	1.0	1.62223	0.005325421214430933
0.0	2.0	1.6195799999999998	0.0061095189845209626
0.0	3.0	1.6203300000000003	0.005763496238299194
0.0	4.0	1.6181999999999999	0.004136826480931149
0.0	5.0	1.62014	0.004531666360181464
0.0	6.0	1.6202400000000001	0.006412869006060291
0.0	7.0	1.62037	0.0055880924990355935
0.0	8.0	1.61802	0.007606254736143867
0.0	9.0	1.61673	0.0029765938774228323
0.0	10.0	1.6177499999999998	0.0031405059748037187
0.0	11.0	1.6169199999999997	0.00547637349590644
0.0	12.0	1.61857	0.006696607764798189
0.0	13.0	1.62084	0.0043364604101604485
0.0	14.0	1.6170099999999998	0.005056667765326156
0.0	15.0	1.6159	0.003856884177098852
0.0	16.0	1.6179375	0.005406328963089757
0.0	17.0	1.6160666666666665	0.004838043681765065
0.0	18.0	1.61402	0.0030962881002904344
0.0	19.0	1.6125500000000001	0.0027577164466275456
1.0	1.0	1.6229298342541436	0.0049304377172302745
1.0	2.0	1.6219502762430935	0.005246148050494793
1.0	3.0	1.620974585635359	0.004823981236099179
1.0	4.0	1.6211596685082874	0.0053248033767092145
1.0	5.0	1.6200237569060771	0.004894763554216704
1.0	6.0	1.6197602209944753	0.005061803362856309
1.0	7.0	1.6185906077348073	0.005338431955145417
1.0	8.0	1.6190541436464088	0.005223073484424236
1.0	9.0	1.6184	0.0048035172298824666
1.0	10.0	1.6184674033149173	0.004345622113472375
1.0	11.0	1.6181817679558008	0.005060077861859304
1.0	12.0	1.6174552486187848	0.004806978442161041
1.0	13.0	1.6174762430939225	0.004895455855123806
1.0	14.0	1.6174248618784526	0.005001543162724301
1.0	15.0	1.6165044198895027	0.004860164871510933
1.0	16.0	1.616991011235955	0.0049433089046130385
1.0	17.0	1.6163301282051283	0.005310821816871117
1.0	18.0	1.6161403361344537	0.004672808456282683
1.0	19.0	1.615061038961039	0.0047152093173428375
1.0	20.0	1.6157325581395352	0.005922383727385173
1.0	21.0	1.6148906250000004	0.004585908245427938
1.0	22.0	1.6159999999999999	0.006090471751338009
1.0	23.0	1.6169999999999998	0.0055854722271263925
1.0	24.0	1.61494	0.0036773631857623212
2.0	1.0	1.622996132596685	0.005201082842819945
2.0	2.0	1.6220740331491712	0.004951659629637717
2.0	3.0	1.621018232044199	0.005288430682082313
2.0	4.0	1.6209265193370168	0.004932383189573842
2.0	5.0	1.6200519337016577	0.004982932995739011
2.0	6.0	1.6198828729281765	0.004877247006980095
2.0	7.0	1.618946408839779	0.004757643070626146
2.0	8.0	1.6183149171270719	0.005336035629856119
2.0	9.0	1.6185955801104972	0.00547009875194649
2.0	10.0	1.6181232044198897	0.004894590291239037
2.0	11.0	1.6184154696132598	0.004790776256448358
2.0	12.0	1.61796408839779	0.005032216528741821
2.0	13.0	1.6170966850828727	0.004516942187814014
2.0	14.0	1.6168917127071822	0.005211630992874802
2.0	15.0	1.6167093922651932	0.0049153241292180525
2.0	16.0	1.6168605555555557	0.005295106808574763
2.0	17.0	1.61575325443787	0.005305096780039957
2.0	18.0	1.6160847826086957	0.005427234676128204
2.0	19.0	1.6159319148936169	0.005373655626142956
2.0	20.0	1.6163339285714282	0.004991020183041979
2.0	21.0	1.6158514285714283	0.004269892644233241
2.0	22.0	1.6137866666666665	0.0053480125369372656
2.0	23.0	1.6199000000000001	0.008289270172940398
2.0	24.0	NaN	NaN
3.0	1.0	1.6228580110497235	0.00497230154845481
3.0	2.0	1.6218154696132598	0.004848056131116931
3.0	3.0	1.621108287292818	0.004966396843375813
3.0	4.0	1.6205806629834256	0.005227960256820998
3.0	5.0	1.6199254143646409	0.005594592177532118
3.0	6.0	1.6195906077348066	0.005243331231801418
3.0	7.0	1.6197397790055252	0.005534233657256648
3.0	8.0	1.618896132596685	0.0053099002359417065
3.0	9.0	1.6178900552486184	0.0051055536751917555
3.0	10.0	1.6191629834254142	0.005035839325910867
3.0	11.0	1.6179513812154696	0.004783973333895468
3.0	12.0	1.6170751381215474	0.0046377066420250366
3.0	13.0	1.6171696132596685	0.00489009365561766
3.0	14.0	1.6168828729281768	0.004502787350369985
3.0	15.0	1.6167729281767957	0.0053036242053410435
3.0	16.0	1.616229824561403	0.004825250919861946
3.0	17.0	1.6159044871794872	0.005336174090944452
3.0	18.0	1.6166247706422017	0.005253819703290712
3.0	19.0	1.6153268656716417	0.005001896067448943
3.0	20.0	1.6166472222222223	0.004701761743438692
3.0	21.0	1.6154714285714287	0.005229449574968967
3.0	22.0	1.6150363636363636	0.00430192345986599
3.0	23.0	1.6172571428571427	0.006145962670148351
3.0	24.0	1.61815	0.0021920310216782127
3.0	25.0	1.6154000000000002	0.006929646455628187
3.0	26.0	NaN	NaN
3.0	27.0	NaN	NaN
4.0	1.0	1.622992817679558	0.005043709317877207
4.0	2.0	1.6218585635359115	0.004964048094112591
4.0	3.0	1.620683425414365	0.004991453961101412
4.0	4.0	1.620296685082873	0.005169449793981799
4.0	5.0	1.6197629834254144	0.004928658815173802
4.0	6.0	1.6201988950276243	0.005150242593534099
4.0	7.0	1.6194524861878454	0.005287044638240978
4.0	8.0	1.6192535911602206	0.005036174786121494
4.0	9.0	1.617804419889503	0.004944265176325439
4.0	10.0	1.6176204419889502	0.004766814895504631
4.0	11.0	1.6177552486187845	0.005060076588030482
4.0	12.0	1.6171160220994472	0.00492192573870092
4.0	13.0	1.6179287292817677	0.0049259351101732796
4.0	14.0	1.6176502762430938	0.004847366115386703
4.0	15.0	1.6169955801104972	0.004956004474982506
4.0	16.0	1.6168289017341042	0.004974081363900902
4.0	17.0	1.6166348993288588	0.0049238927438877466
4.0	18.0	1.615318103448276	0.004486842583801441
4.0	19.0	1.615014814814815	0.005111191424489771
4.0	20.0	1.6144163265306122	0.0050980121509424095
4.0	21.0	1.6153652173913042	0.004488430450072533
4.0	22.0	1.6116799999999998	0.0041584719415776825
4.0	23.0	1.6142500000000002	0.005944465212840077
4.0	24.0	NaN	NaN
4.0	25.0	NaN	NaN
5.0	1.0	1.6234508287292821	0.005812607167800877
5.0	2.0	1.6219668508287295	0.005389589298397619
5.0	3.0	1.6208535911602207	0.00506388638944978
5.0	4.0	1.6205121546961325	0.0049950604821544075
5.0	5.0	1.6198751381215468	0.005362533668139303
5.0	6.0	1.6190823204419886	0.005520076199863728
5.0	7.0	1.6194922651933699	0.005228080788327757
5.0	8.0	1.6186734806629837	0.005013355888237341
5.0	9.0	1.6188027624309391	0.00497965227410762
5.0	10.0	1.6184475138121552	0.005222627787498613
5.0	11.0	1.6178171270718233	0.005396447857452853
5.0	12.0	1.6178657458563535	0.0050227414074550305
5.0	13.0	1.6172044198895028	0.004712770159711685
5.0	14.0	1.6173966850828727	0.004992471004227667
5.0	15.0	1.6160849162011173	0.005240802148131494
5.0	16.0	1.6163965116279069	0.005048384552558107
5.0	17.0	1.6160294117647056	0.00502302438714049
5.0	18.0	1.6158550458715601	0.0055737560684729825
5.0	19.0	1.6151585714285714	0.004741781382901361
5.0	20.0	1.6150499999999999	0.005119479443013899
5.0	21.0	1.6149866666666666	0.006090726753102007
5.0	22.0	1.616377777777778	0.004015525425700156
5.0	23.0	1.6164666666666667	0.003666969684448814
5.0	24.0	1.6158000000000001	0.007778174593051951
5.0	25.0	NaN	NaN
5.0	26.0	NaN	NaN
5.0	27.0	NaN	NaN
5.0	28.0	NaN	NaN
6.0	1.0	1.6227165745856358	0.0052238184609021045
6.0	2.0	1.6218906077348068	0.00561396771610733
6.0	3.0	1.6214292817679559	0.004792769326246585
6.0	4.0	1.6210762430939227	0.00506109773188467
6.0	5.0	1.6194237569060774	0.004590114889208387
6.0	6.0	1.6196773480662985	0.005025511100083825
6.0	7.0	1.6193011049723758	0.005381088169075472
6.0	8.0	1.6188585635359116	0.005122433897691471
6.0	9.0	1.6188226519337015	0.004620351794609862
6.0	10.0	1.6181171270718233	0.004946107844713942
6.0	11.0	1.6183370165745852	0.004832886179862044
6.0	12.0	1.6171287292817682	0.004870928845789982
6.0	13.0	1.617203314917127	0.004954256313206143
6.0	14.0	1.6167027624309396	0.005239788279641604
6.0	15.0	1.6167718232044195	0.0052485586901667835
6.0	16.0	1.616470520231214	0.004407379945455111
6.0	17.0	1.6165682119205296	0.004990542667364978
6.0	18.0	1.6157570175438598	0.005016767800868511
6.0	19.0	1.6165468750000003	0.005490828391834113
6.0	20.0	1.6148257142857143	0.005494079318960078
6.0	21.0	1.61664375	0.005131987107024642
6.0	22.0	1.6148599999999997	0.005394894706005741
6.0	23.0	1.6153375	0.006124409592535618
6.0	24.0	1.62012	0.009832954794973876
6.0	25.0	1.6146500000000001	0.004213074886588191
6.0	26.0	NaN	NaN
7.0	1.0	1.62233591160221	0.005622473049481193
7.0	2.0	1.621489502762431	0.0051573518480625795
7.0	3.0	1.6211513812154694	0.005357296247328977
7.0	4.0	1.62020773480663	0.005090584539274838
7.0	5.0	1.619786187845304	0.004862598453509567
7.0	6.0	1.6188591160221	0.005225821285035566
7.0	7.0	1.6189016574585633	0.00506273394672749
7.0	8.0	1.6195585635359118	0.005340109875336183
7.0	9.0	1.6186099447513813	0.005043126289783792
7.0	10.0	1.6180464088397792	0.005764146928184531
7.0	11.0	1.6174093922651938	0.005459341654015909
7.0	12.0	1.6173558011049725	0.004880691212909973
7.0	13.0	1.61766408839779	0.004992069585622586
7.0	14.0	1.6165154696132595	0.004694948044371659
7.0	15.0	1.6162564971751414	0.005343536361092856
7.0	16.0	1.6167	0.004961001284250116
7.0	17.0	1.6152685314685316	0.004627085286739732
7.0	18.0	1.6166479591836738	0.005032927241364956
7.0	19.0	1.6161	0.004601822920707451
7.0	20.0	1.6150911764705882	0.0053128413699695416
7.0	21.0	1.6154499999999998	0.004121488404286309
7.0	22.0	1.6137666666666668	0.004432907247695006
7.0	23.0	1.61265	0.00530330085889915
8.0	1.0	1.6217906077348068	0.0051519543396167135
8.0	2.0	1.6213303867403313	0.0048739801628011024
8.0	3.0	1.6212259668508286	0.005339531791688341
8.0	4.0	1.6202348066298342	0.005126245495395917
8.0	5.0	1.6201121546961321	0.005402454822510721
8.0	6.0	1.6198618784530385	0.005147656943441988
8.0	7.0	1.6188751381215472	0.005117735025025422
8.0	8.0	1.6190607734806624	0.005392758257202548
8.0	9.0	1.6180756906077347	0.004857315810354764
8.0	10.0	1.6179469613259674	0.005094741749386365
8.0	11.0	1.6177226519337018	0.004297128968581371
8.0	12.0	1.6178281767955802	0.00472741784013603
8.0	13.0	1.6181690607734807	0.004877400685435436
8.0	14.0	1.6166055248618783	0.004840279190259196
8.0	15.0	1.616747752808989	0.004713608200331785
8.0	16.0	1.6158879518072289	0.004958479669008074
8.0	17.0	1.6165021739130432	0.0047988664627386475
8.0	18.0	1.6169011235955053	0.005692528883266503
8.0	19.0	1.6162474576271184	0.004790700615819669
8.0	20.0	1.6176473684210528	0.005998050892518827
8.0	21.0	1.6157045454545453	0.0058644593200808445
8.0	22.0	1.6159833333333333	0.002860361282542278
8.0	23.0	NaN	NaN
9.0	1.0	1.6219055248618783	0.005277075408015173
9.0	2.0	1.6205403314917126	0.005819848976711086
9.0	3.0	1.62186408839779	0.00528672161309489
9.0	4.0	1.6200182320441991	0.005009696062112479
9.0	5.0	1.6195027624309393	0.004693274513590069
9.0	6.0	1.6193176795580106	0.005417699094128828
9.0	7.0	1.619710497237569	0.005270141288032573
9.0	8.0	1.6189121546961323	0.005161057847890246
9.0	9.0	1.618017127071823	0.005051037795497152
9.0	10.0	1.6181	0.005188791338602424
9.0	11.0	1.6180071823204418	0.005049807841769506
9.0	12.0	1.6179856353591164	0.0046808253379159726
9.0	13.0	1.6168812154696133	0.0057113610620492805
9.0	14.0	1.6166427777777779	0.00526192214338818
9.0	15.0	1.6165050561797751	0.005652440825427683
9.0	16.0	1.6166648484848487	0.005229172462401414
9.0	17.0	1.6155262411347517	0.005101969443125038
9.0	18.0	1.6155633333333332	0.005082807549403152
9.0	19.0	1.616814	0.005575017525368269
9.0	20.0	1.6161714285714286	0.005186631166483954
9.0	21.0	1.6196000000000004	0.005892707357403743
9.0	22.0	1.6154	0.003325657829663155
9.0	23.0	1.6132499999999999	0.006252732735905749
9.0	24.0	1.6159333333333334	0.004445597072760142
10.0	1.0	1.6220397790055245	0.005149419379977718
10.0	2.0	1.6207348066298344	0.005057431670451824
10.0	3.0	1.620538674033149	0.00543979640232158
10.0	4.0	1.6201635359116022	0.004804869831175094
10.0	5.0	1.6198458563535911	0.004907833529881476
10.0	6.0	1.618911049723757	0.00513757287082815
10.0	7.0	1.619093370165746	0.004917616882302343
10.0	8.0	1.6193281767955803	0.004890390974112479
10.0	9.0	1.6182696132596683	0.004883943575595549
10.0	10.0	1.6186740331491716	0.0049385827678039935
10.0	11.0	1.6180591160220994	0.005143279033286249
10.0	12.0	1.61760773480663	0.005128021695260226
10.0	13.0	1.6173016574585637	0.004901331736694079
10.0	14.0	1.6171055248618789	0.005494994932329144
10.0	15.0	1.6173511111111114	0.005025293441932474
10.0	16.0	1.615334117647059	0.004796844449475904
10.0	17.0	1.616431468531468	0.005266535590310084
10.0	18.0	1.61564375	0.005378041367205012
10.0	19.0	1.615142857142857	0.004952767694340348
10.0	20.0	1.6155592592592596	0.004539930468737244
10.0	21.0	1.6153846153846152	0.004122265993731685
10.0	22.0	1.6145285714285715	0.007886214614907532
10.0	23.0	1.6150333333333335	0.0020744477176668726
10.0	24.0	1.6172000000000002	0.0017320508075689429
10.0	25.0	NaN	NaN
10.0	26.0	NaN	NaN
10.0	27.0	NaN	NaN
10.0	28.0	NaN	NaN
10.0	29.0	NaN	NaN
10.0	30.0	NaN	NaN
10.0	31.0	NaN	NaN
10.0	32.0	NaN	NaN
10.0	33.0	NaN	NaN
10.0	34.0	NaN	NaN
10.0	35.0	NaN	NaN
11.0	1.0	1.621903314917127	0.005324856811350646
11.0	2.0	1.6218016574585636	0.0050382478781828
11.0	3.0	1.62048729281768	0.004878092052728468
11.0	4.0	1.6203546961325968	0.005358341632076153
11.0	5.0	1.6200872928176795	0.0049189772951750916
11.0	6.0	1.6194088397790056	0.00497492928836045
11.0	7.0	1.61914861878453	0.005323820763895954
11.0	8.0	1.6192066298342542	0.004924525946840469
11.0	9.0	1.6187983425414365	0.004990674360334723
11.0	10.0	1.618013812154696	0.004875229606908135
11.0	11.0	1.6179497237569065	0.004420792089777983
11.0	12.0	1.6169563535911606	0.005075083575321791
11.0	13.0	1.617575690607735	0.004914396672970157
11.0	14.0	1.6166618784530387	0.004726172377378946
11.0	15.0	1.616940677966101	0.0051891972134009805
11.0	16.0	1.6157303030303032	0.005741753622693189
11.0	17.0	1.6162648854961834	0.00521633416320051
11.0	18.0	1.615261627906977	0.0046992907751414546
11.0	19.0	1.6163595238095239	0.004950883612871524
11.0	20.0	1.6145520000000002	0.004911137003451082
11.0	21.0	1.614790909090909	0.004744144716480457
11.0	22.0	1.6164333333333334	0.0070107536446994655
11.0	23.0	1.61495	0.0047927027865286515
11.0	24.0	NaN	NaN
11.0	25.0	NaN	NaN
12.0	1.0	1.6228149171270716	0.005016910140136564
12.0	2.0	1.6219696132596686	0.005794692434043113
12.0	3.0	1.6207906077348069	0.005063263129395452
12.0	4.0	1.6209906077348069	0.004949205342021626
12.0	5.0	1.6196077348066298	0.005193398144263276
12.0	6.0	1.620154696132597	0.005187425238169339
12.0	7.0	1.618840883977901	0.005119503805471966
12.0	8.0	1.6183364640883975	0.005203321234780185
12.0	9.0	1.6184756906077347	0.004672456550344342
12.0	10.0	1.618268508287293	0.004395749523521788
12.0	11.0	1.6180320441988951	0.0050193592683431465
12.0	12.0	1.6172546961325969	0.0053996031275390455
12.0	13.0	1.6173729281767957	0.0052852821579606555
12.0	14.0	1.617241111111111	0.004766512479437735
12.0	15.0	1.6171404494382022	0.004631840651346179
12.0	16.0	1.615886746987952	0.005076356867946582
12.0	17.0	1.615718604651163	0.005376493505323953
12.0	18.0	1.616114893617021	0.004696760664676147
12.0	19.0	1.6148553191489365	0.005303354496700072
12.0	20.0	1.6157107142857143	0.003414602551104674
12.0	21.0	1.6155	0.006636586902488781
12.0	22.0	1.61236	0.003306508732787504
12.0	23.0	1.61105	0.006434671708797502
13.0	1.0	1.6226878453038673	0.0052575201482514
13.0	2.0	1.6213513812154696	0.005142271522875706
13.0	3.0	1.620231491712707	0.005049681231544098
13.0	4.0	1.619800552486188	0.005237371024533096
13.0	5.0	1.6193950276243094	0.0052134684151627225
13.0	6.0	1.6195480662983428	0.005266219297035493
13.0	7.0	1.618793922651934	0.005258898973759267
13.0	8.0	1.6187060773480662	0.005207731066467496
13.0	9.0	1.617741988950276	0.004795994210436866
13.0	10.0	1.61861546961326	0.00485600240543304
13.0	11.0	1.6178574585635361	0.004969407762019322
13.0	12.0	1.6175972375690608	0.005377467711966981
13.0	13.0	1.616741988950276	0.005006529560915592
13.0	14.0	1.6169696132596687	0.00499690063546515
13.0	15.0	1.6157398876404492	0.00492052475139714
13.0	16.0	1.6162162499999997	0.004843602893891149
13.0	17.0	1.615989256198347	0.005729991298028474
13.0	18.0	1.6158699999999997	0.005558421595463178
13.0	19.0	1.6157113636363638	0.004845674931226001
13.0	20.0	1.6154727272727276	0.0047234150093602
13.0	21.0	1.6137583333333334	0.007382960521403737
13.0	22.0	1.613675	0.003829164399709161
13.0	23.0	1.616	0.0029698484809836433
13.0	24.0	NaN	NaN
14.0	1.0	1.62192817679558	0.005282185100432996
14.0	2.0	1.622107182320442	0.004893556229587041
14.0	3.0	1.6208165745856353	0.005414245754510911
14.0	4.0	1.6209088397790055	0.005270202323943331
14.0	5.0	1.6192955801104973	0.004764344693244463
14.0	6.0	1.6188861878453038	0.004806740330927244
14.0	7.0	1.6191585635359116	0.005089138339269091
14.0	8.0	1.6190303867403313	0.005055625509671917
14.0	9.0	1.6184187845303866	0.004684475621428653
14.0	10.0	1.6178226519337016	0.004771010332711875
14.0	11.0	1.6167480662983424	0.004898260361940552
14.0	12.0	1.617144198895028	0.005013740236611882
14.0	13.0	1.6172773480662983	0.005024726154545815
14.0	14.0	1.61720497237569	0.005214011851018938
14.0	15.0	1.61642768361582	0.004946437164930433
14.0	16.0	1.6161433734939756	0.005212018576470642
14.0	17.0	1.6159802919708033	0.005760384987849681
14.0	18.0	1.6166392857142857	0.005008643561586547
14.0	19.0	1.6154359999999999	0.005096888206323049
14.0	20.0	1.615527272727273	0.00509202755184463
14.0	21.0	1.6175545454545455	0.004259662812092881
14.0	22.0	1.6143	0.0016832508230603413
14.0	23.0	NaN	NaN
15.0	1.0	1.6222335195530726	0.004932419058420923
15.0	2.0	1.6208765363128492	0.005316141126305568
15.0	3.0	1.6215642458100559	0.005175021670249564
15.0	4.0	1.6200418994413408	0.004942100582708368
15.0	5.0	1.6194743016759778	0.004792035637276688
15.0	6.0	1.618849162011173	0.005039923406711158
15.0	7.0	1.6188882681564245	0.0053798862624920936
15.0	8.0	1.6185005586592178	0.005200059390398785
15.0	9.0	1.6181765363128493	0.0047058184475513255
15.0	10.0	1.6183759776536313	0.004897997013174972
15.0	11.0	1.6178279329608936	0.004982351062283759
15.0	12.0	1.617322346368715	0.004674885454659417
15.0	13.0	1.6170703910614526	0.005225839576987987
15.0	14.0	1.617247191011236	0.005201229534943915
15.0	15.0	1.6164011695906433	0.005144534373306161
15.0	16.0	1.6163807692307692	0.004523959376113424
15.0	17.0	1.6136525423728814	0.004795630344821431
15.0	18.0	1.61591375	0.00560166665411264
15.0	19.0	1.6158208333333333	0.005284580473428508
15.0	20.0	1.6143880000000002	0.004877868386908357
15.0	21.0	1.6138166666666667	0.003781225550885114
15.0	22.0	1.61075	0.006717514421272089
15.0	23.0	NaN	NaN
15.0	24.0	NaN	NaN
16.0	1.0	1.6219550898203592	0.0053670756512369565
16.0	2.0	1.6205131736526945	0.005344026627005616
16.0	3.0	1.6206431137724548	0.005042380378806052
16.0	4.0	1.6196077844311378	0.005611315955141963
16.0	5.0	1.6197856287425147	0.004988447804667472
16.0	6.0	1.6193305389221553	0.004787366816227335
16.0	7.0	1.6187610778443118	0.005057939605028967
16.0	8.0	1.619223952095809	0.005238219250217963
16.0	9.0	1.6183556886227546	0.005024681309685804
16.0	10.0	1.6186628742514972	0.005217711853879643
16.0	11.0	1.6173730538922155	0.004920922103884581
16.0	12.0	1.6174784431137725	0.005298875986294642
16.0	13.0	1.6172198795180721	0.005371679043183042
16.0	14.0	1.6173521472392638	0.005282855305203584
16.0	15.0	1.616269230769231	0.005021445819098713
16.0	16.0	1.6152079136690647	0.005058986332965392
16.0	17.0	1.6166046296296297	0.005102745902883501
16.0	18.0	1.6162064516129033	0.005263915857359228
16.0	19.0	1.6154705882352942	0.005239970472491693
16.0	20.0	1.6161117647058825	0.0036088229301500024
16.0	21.0	1.61844	0.006401015544427271
16.0	22.0	1.61075	0.004171930009000642
16.0	23.0	1.6186	0.0026870057685088986
17.0	1.0	1.6212255639097746	0.005380121297147595
17.0	2.0	1.6206646616541354	0.005032759281263077
17.0	3.0	1.6201142857142858	0.005174883146933431
17.0	4.0	1.6197503759398495	0.0050585305097631435
17.0	5.0	1.6196075187969925	0.0056829839587825975
17.0	6.0	1.6187135338345868	0.005226343265856039
17.0	7.0	1.6187278195488723	0.0045612058709834265
17.0	8.0	1.6184007518796992	0.00561825347930003
17.0	9.0	1.618475939849624	0.004686863498214972
17.0	10.0	1.6187007518796994	0.0047220869846922725
17.0	11.0	1.6173984962406014	0.00536560291964227
17.0	12.0	1.6180022556390978	0.005283141658392141
17.0	13.0	1.6164864661654135	0.004966292165383814
17.0	14.0	1.6167265151515156	0.005035566022574589
17.0	15.0	1.6162829268292682	0.005688696115508554
17.0	16.0	1.6160790476190476	0.004491738040303628
17.0	17.0	1.6159766233766233	0.00489553760565615
17.0	18.0	1.6154307692307692	0.005507910121496682
17.0	19.0	1.6143090909090914	0.004172005237967417
17.0	20.0	1.61705	0.004303818902191053
17.0	21.0	1.614875	0.0034759890678769576
17.0	22.0	1.6165500000000002	0.010677312395916948
18.0	1.0	1.6210305263157891	0.005318955938267988
18.0	2.0	1.6203136842105257	0.005152041746194934
18.0	3.0	1.6204242105263154	0.005433597526765007
18.0	4.0	1.6200210526315786	0.005716361265194994
18.0	5.0	1.6198747368421054	0.005312689914924338
18.0	6.0	1.6191357894736846	0.004338077714043332
18.0	7.0	1.619278947368421	0.005006737901278046
18.0	8.0	1.6184378947368423	0.005097729551922751
18.0	9.0	1.6181473684210526	0.005187625253145934
18.0	10.0	1.617644210526316	0.005091894179790645
18.0	11.0	1.618224210526316	0.005387292293265665
18.0	12.0	1.6174115789473682	0.005375077696774303
18.0	13.0	1.6173210526315789	0.005155907471910503
18.0	14.0	1.6163905263157896	0.005088808615412853
18.0	15.0	1.61662688172043	0.004622114606055325
18.0	16.0	1.61514375	0.005224621450765338
18.0	17.0	1.6154890909090909	0.004555122176971558
18.0	18.0	1.614881818181818	0.005182087811964311
18.0	19.0	1.6172125000000002	0.0037695048304341684
18.0	20.0	1.6187499999999997	0.004263130975502154
18.0	21.0	1.616575	0.0060378666210288215
18.0	22.0	NaN	NaN
19.0	1.0	1.621849152542373	0.006389063200483914
19.0	2.0	1.6193457627118644	0.005468635397897496
19.0	3.0	1.6210627118644072	0.005509612236968539
19.0	4.0	1.6203322033898306	0.003899488944321394
19.0	5.0	1.6199983050847457	0.004986273970833859
19.0	6.0	1.6185016949152544	0.005265092969196668
19.0	7.0	1.6193067796610165	0.00471826474556424
19.0	8.0	1.61864406779661	0.005452499306279606
19.0	9.0	1.6192694915254238	0.0053271346453885905
19.0	10.0	1.6184966101694918	0.0052248070778340054
19.0	11.0	1.6172491525423727	0.004716090318274541
19.0	12.0	1.617793220338983	0.005668055203986743
19.0	13.0	1.6169440677966103	0.005050137286848146
19.0	14.0	1.6165844827586207	0.004726365085427717
19.0	15.0	1.6153363636363636	0.004898426188540479
19.0	16.0	1.6156510638297874	0.005116294189642295
19.0	17.0	1.6157171428571429	0.005924052950585817
19.0	18.0	1.6150666666666664	0.004258325179379028
19.0	19.0	1.61518	0.006313970400803457
19.0	20.0	1.61314	0.004113149644736956
19.0	21.0	1.61732	0.006361760762556267
19.0	22.0	NaN	NaN
19.0	23.0	NaN	NaN
20.0	1.0	1.622748484848485	0.004718654549506223
20.0	2.0	1.620490909090909	0.00532889315643756
20.0	3.0	1.6195151515151516	0.005256966878112904
20.0	4.0	1.6213787878787882	0.004960894423876443
20.0	5.0	1.619209090909091	0.0045076576259435635
20.0	6.0	1.6202424242424243	0.0047072437731005695
20.0	7.0	1.617487878787879	0.005279012548275337
20.0	8.0	1.618542424242424	0.006019968350364785
20.0	9.0	1.6182363636363637	0.004078052398343642
20.0	10.0	1.6188696969696974	0.0041831122421353865
20.0	11.0	1.616957575757576	0.005194229388407287
20.0	12.0	1.6167424242424244	0.0052789694959711544
20.0	13.0	1.6174878787878786	0.0037608806794218325
20.0	14.0	1.6175060606060605	0.005922411850016198
20.0	15.0	1.6171437500000003	0.005120353912919334
20.0	16.0	1.6171919999999997	0.005322352236871721
20.0	17.0	1.617073684210526	0.003947269394469351
20.0	18.0	1.6147545454545453	0.0056052410539358015
20.0	19.0	1.6103333333333332	0.0013051181300300703
20.0	20.0	1.61185	0.0013435028842544493
21.0	1.0	1.6234388888888889	0.006035009516917174
21.0	2.0	1.622177777777778	0.002722143522938699
21.0	3.0	1.6208333333333333	0.004046058357870529
21.0	4.0	1.6208944444444444	0.005015912587452773
21.0	5.0	1.6214222222222223	0.00672506772811344
21.0	6.0	1.6174777777777778	0.004539701409662196
21.0	7.0	1.6203611111111111	0.006351390666514883
21.0	8.0	1.6189777777777778	0.004379169348518796
21.0	9.0	1.617633333333333	0.006241700371646485
21.0	10.0	1.6182444444444444	0.005607476335186189
21.0	11.0	1.6167944444444444	0.006524205808978476
21.0	12.0	1.6180333333333334	0.0044700309250147435
21.0	13.0	1.6171222222222221	0.005250608430352534
21.0	14.0	1.6169277777777777	0.003950548071516091
21.0	15.0	1.6166312499999997	0.006806244069480095
21.0	16.0	1.6137363636363633	0.0056947823008913715
21.0	17.0	1.6151833333333334	0.004367798835416607
21.0	18.0	1.61708	0.004501888492621665
21.0	19.0	1.617	0.0019467922333931752
21.0	20.0	1.6180666666666665	0.005614564393907505
21.0	21.0	NaN	NaN
21.0	22.0	NaN	NaN
21.0	23.0	NaN	NaN
22.0	1.0	1.6228454545454547	0.004332058087413758
22.0	2.0	1.6182	0.0037142967032804354
22.0	3.0	1.6205363636363634	0.0053145597611227976
22.0	4.0	1.6193363636363636	0.004734400221204944
22.0	5.0	1.6193818181818183	0.00532049211667832
22.0	6.0	1.6199545454545452	0.004286575238197444
22.0	7.0	1.6171636363636361	0.007520674534544488
22.0	8.0	1.6206818181818183	0.005907591418136168
22.0	9.0	1.6190909090909094	0.005072564350593243
22.0	10.0	1.6174454545454544	0.005441573970160407
22.0	11.0	1.617690909090909	0.0049990908264312345
22.0	12.0	1.6201090909090907	0.005708844812298631
22.0	13.0	1.6166727272727273	0.0054920107263352665
22.0	14.0	1.6153727272727272	0.0043694601289154785
22.0	15.0	1.615872727272727	0.005001417980751216
22.0	16.0	1.6116125000000003	0.004068849433720303
22.0	17.0	1.6114799999999998	0.004330357952871798
22.0	18.0	1.6155	0.006081118318204267
22.0	19.0	1.61205	0.002050609665440919
22.0	20.0	NaN	NaN
23.0	1.0	1.6211	0.0024999999999999467
23.0	2.0	1.6214666666666666	0.0026006409466386516
23.0	3.0	1.6172666666666666	0.0017785762095939026
23.0	4.0	1.623	0.005022947341949704
23.0	5.0	1.6164666666666667	0.004501481237696417
23.0	6.0	1.6209333333333333	0.0011372481406154637
23.0	7.0	1.6212	0.003345145736735556
23.0	8.0	1.6179	0.007019259220174099
23.0	9.0	1.6193333333333335	0.005220472520120516
23.0	10.0	1.6150333333333335	0.0042770706486254155
23.0	11.0	1.6173666666666666	0.0009451631252505038
23.0	12.0	1.6168000000000002	0.00671043962792302
23.0	13.0	1.6130333333333333	0.0058449408323209984
23.0	14.0	1.6142666666666667	0.004244211744639243
23.0	15.0	1.6176000000000001	0.007916438593205934
23.0	16.0	NaN	NaN
24.0	1.0	NaN	NaN
24.0	2.0	NaN	NaN
24.0	3.0	NaN	NaN
24.0	4.0	NaN	NaN
24.0	5.0	NaN	NaN
24.0	6.0	NaN	NaN
24.0	7.0	NaN	NaN
24.0	8.0	NaN	NaN
24.0	9.0	NaN	NaN
24.0	10.0	NaN	NaN
24.0	11.0	NaN	NaN
24.0	12.0	NaN	NaN
24.0	13.0	NaN	NaN
24.0	14.0	NaN	NaN
24.0	15.0	NaN	NaN
24.0	16.0	NaN	NaN
24.0	17.0	NaN	NaN
24.0	18.0	NaN	NaN
24.0	19.0	NaN	NaN
