# HEALTH SPAN IN LINEAGE
# original file "wt_decCap_highRe_3gen_perturbed.txt" 
# four measures for health with tau and eta: 
# product, weighted sum 0.1-0.9, 0.5-0.5, 0.9-0.1 
# mother	daughter	health	healthStd
0.0	0.0	0.41934411051858556	0.028481653545115795	0.7060000510065468	0.021421616482812964	0.6508929278913514	0.021984441877496	0.595785804776156	0.022768201385586054
0.0	1.0	0.4217506225376069	0.03134047790108092	0.7084451311775782	0.021716255007885595	0.652762581982093	0.023698486663590295	0.5970800327866078	0.025782783986650012
0.0	2.0	0.40705495848288875	0.0346409004007885	0.6961530087961271	0.02651678365356541	0.6412141847353352	0.026424340046151313	0.5862753606745432	0.026681397554988467
0.0	3.0	0.41885343076572007	0.03215816339238753	0.7061301252025183	0.0237405248991366	0.6505076000760535	0.024535235209447406	0.5948850749495888	0.025704332598044194
0.0	4.0	0.41124600929901334	0.027959373647797207	0.6993787502198023	0.02060615962740949	0.6446097433970475	0.0215679433876346	0.5898407365742926	0.022722254829747816
0.0	5.0	0.40438962429331343	0.021494077125158117	0.696150531266103	0.015208210077975407	0.6396432652056441	0.01655889434379135	0.5831359991451851	0.018260341873457445
0.0	6.0	0.4075126994403959	0.02656305860259888	0.6984100028591743	0.02101304256945573	0.6419698003921288	0.02061728869598718	0.5855295979250832	0.02082894481589055
0.0	7.0	0.4158313787079956	0.030644110323161316	0.7052647840944088	0.02145626864533938	0.6483891325217758	0.02338543537654463	0.591513480949143	0.02558308955401593
0.0	8.0	0.40583869247693877	0.02662150360168032	0.6955480431804196	0.019748315884923217	0.6404810698194228	0.020653196207653955	0.585414096458426	0.022271159259850393
0.0	9.0	0.4184973303456303	0.026966625553621826	0.7049513863085399	0.020000736624717946	0.6502264877862497	0.020704997503345486	0.5955015892639591	0.021504941312937207
0.0	10.0	0.4064079663448985	0.018514090246489798	0.6958239862977337	0.015499341157367562	0.6410239562564695	0.014611331083708235	0.5862239262152054	0.01385349086837469
0.0	11.0	0.38494244310799275	0.01625257804566269	0.6798921215517935	0.012443957039294568	0.6242233836827334	0.01280316476942856	0.5685546458136734	0.014077957051348828
0.0	12.0	0.39429722504375186	0.02934869260848904	0.6871524694965394	0.023264280199326998	0.6314143562926008	0.023197839994474164	0.5756762430886623	0.023645444341432117
0.0	13.0	0.38701471971501766	0.02400727875793895	0.6834991325381098	0.017829119984008466	0.6259923947166925	0.019016731059142804	0.5684856568952752	0.020484709974039214
0.0	14.0	0.387426950768746	0.022813504019336232	0.6817608194205179	0.01900306328772718	0.6260814929093963	0.018405676728987977	0.5704021663982747	0.01825909568690231
0.0	15.0	0.40562933419462643	0.03168455745137117	0.6950051613528945	0.02322072964071245	0.640158245704961	0.02436689737293036	0.5853113300570275	0.025665388459202867
0.0	16.0	0.3836210549794458	0.024398744426796886	0.6793563548314006	0.01749114899291671	0.6230997136134868	0.01931597625332148	0.5668430723955731	0.021453295347679566
0.0	17.0	0.38142865312882757	0.03354642219591431	0.6759742158267249	0.025213614702355686	0.6209529504786541	0.026512525634346532	0.5659316851305835	0.028011207134760283
0.0	18.0	0.37596492773585033	0.024575385295916054	0.6720467236580644	0.019650126646833806	0.6167867658651411	0.019874328679567815	0.5615268080722179	0.020318902680574097
0.0	19.0	0.36947233161452975	0.016713043481757606	0.6639292810194641	0.014539695429119048	0.6113130717639873	0.01377291204671633	0.5586968625085105	0.013006128664313533
1.0	1.0	0.42459470710431674	0.026605968769357297	0.7109695444753864	0.01961650175995026	0.6550479508710875	0.020172703911101958	0.5991263572667884	0.02106860510272876
1.0	2.0	0.4175729148818236	0.02781671702640816	0.7056144041001491	0.02055376145192777	0.6496390323269101	0.0212945981717518	0.5936636605536713	0.022393741561908022
1.0	3.0	0.416938312529313	0.028676922351997872	0.7048839649440666	0.020948363610301352	0.6491047912151323	0.02187229828664336	0.5933256174861979	0.023124556634177843
1.0	4.0	0.41405550979687344	0.0293839710669127	0.7030199233173536	0.021475532634542244	0.6469057339960349	0.022492202078542446	0.5907915446747161	0.023862454525451524
1.0	5.0	0.4121028454729803	0.026227165088902108	0.7010346483536488	0.019765846508690958	0.645403354787315	0.020163011341916635	0.5897720612209814	0.02090201906307342
1.0	6.0	0.4094833126500094	0.024752623425562583	0.6993799433762756	0.018105834018521456	0.6434478574579978	0.01905795834602295	0.5875157715397198	0.020439679464094928
1.0	7.0	0.41335088471489595	0.02579164086115214	0.7015855892977366	0.019365402489077952	0.6463314230643517	0.019846535530344843	0.5910772568309667	0.020779320020646877
1.0	8.0	0.40681947700340343	0.028297566302159967	0.6970220535121465	0.021333940180595857	0.6412589184093977	0.021919462500844717	0.5854957833066491	0.022850145635446004
1.0	9.0	0.4034590664569381	0.027763531693506486	0.6942661280599985	0.02072944803682316	0.6386275457444217	0.021590695603279055	0.582988963428845	0.0227805982884918
1.0	10.0	0.4068364950182621	0.02652777451852347	0.6968036549808584	0.020289392346504394	0.6412807103974029	0.020585793270344356	0.5857577658139475	0.021154112191243614
1.0	11.0	0.40185356088580654	0.02879640446098577	0.6929148667547862	0.021588840648712526	0.6373351942855725	0.022363074671822553	0.5817555218163589	0.023476466907073123
1.0	12.0	0.40326905045855194	0.026579192275508194	0.6938109884085945	0.020189157307551494	0.638467090311833	0.02072301079409643	0.5831231922150717	0.02161556239816361
1.0	13.0	0.3993361409891551	0.027430251026415043	0.6908609285744134	0.020932062170613067	0.6353759130954506	0.02142717723567357	0.5798908976164878	0.022281149067800123
1.0	14.0	0.3984977647929982	0.03002968864085262	0.6901476990200991	0.022914716590617747	0.6346445695075702	0.02352467545833576	0.5791414399950414	0.0244605788763271
1.0	15.0	0.40021716572114824	0.028515081443621984	0.6910173658112466	0.021769374516904777	0.6359793641591229	0.022279299820775093	0.5809413625069995	0.023145377675232545
1.0	16.0	0.3928792984803268	0.028022721292719793	0.6858389088387945	0.021529212886366545	0.6302652957195538	0.02205641633116694	0.5746916826003132	0.02294266963615943
1.0	17.0	0.39688541810086664	0.027223325898879568	0.6888171095799666	0.020920827298009263	0.6334333405782578	0.021403323212554042	0.5780495715765489	0.022306476792453147
1.0	18.0	0.3918840727942337	0.028757869248325647	0.6847939989568956	0.022552092541108532	0.6294214952082706	0.022784475588368668	0.5740489914596454	0.02332960029835485
1.0	19.0	0.39056934022038964	0.027405208282237258	0.683175018053658	0.021681524001285514	0.6283454865752826	0.02159958446939175	0.5735159550969071	0.021872544683380214
1.0	20.0	0.3871103249290535	0.029420210119220063	0.6805460966360574	0.02294482909328785	0.6255585983908625	0.023295043909420575	0.5705711001456679	0.024157168186880684
1.0	21.0	0.39227774051441305	0.02740925789788411	0.6843464099323261	0.02168270866397785	0.6296815276030752	0.021777447747949694	0.5750166452738239	0.022212936151440755
1.0	22.0	0.39119676852000923	0.027222558336251822	0.6837331123454431	0.021679455353749814	0.6288627040119293	0.02193380147393924	0.5739922956784156	0.022614305830539895
1.0	23.0	0.38598868640736084	0.02812935379903105	0.6813703167337984	0.021271769114635342	0.6249343723400164	0.02230612968402562	0.568498427946234	0.023904021723218087
1.0	24.0	0.37305288620259414	0.02697429586370892	0.6693362724738765	0.021703079026991243	0.6143284211929121	0.022096122842016463	0.5593205699119478	0.022807377562488903
2.0	1.0	0.42169747506558436	0.02751366333047675	0.7090683724843828	0.019619809918874586	0.6528533131026969	0.02084366448621464	0.5966382537210111	0.022414637895769984
2.0	2.0	0.4199980275936836	0.029926053446125363	0.7075455891419058	0.021828986759876642	0.6514676064446514	0.02277075198348543	0.5953896237473968	0.024052650871443627
2.0	3.0	0.41653711304028473	0.027241237763220485	0.7045845569625705	0.020215836631353745	0.6488281750453271	0.020803489131186292	0.5930717931280836	0.021787174725440128
2.0	4.0	0.4115282021785248	0.027657866996905957	0.7011084472906557	0.020684646714935532	0.6449904399962747	0.021236850280382448	0.5888724327018939	0.02213572522568646
2.0	5.0	0.4119865981867922	0.026688937202030975	0.7011078306175215	0.019922036063852053	0.6453256883244048	0.020477182467658873	0.5895435460312882	0.021432909478959705
2.0	6.0	0.41223641681513445	0.027431569407251912	0.7013935502171452	0.020610024560490447	0.6455112865413924	0.02111497960389467	0.5896290228656399	0.021973335924712994
2.0	7.0	0.41102493656833755	0.027697020775796607	0.6999132204303607	0.020741112812828304	0.6445001769402121	0.021383045164157857	0.5890871334500635	0.022366784492574517
2.0	8.0	0.40595541068252833	0.027769438475032472	0.6958318652934011	0.021171074054096267	0.6405335880520657	0.02159044993272004	0.5852353108107303	0.02239239363357019
2.0	9.0	0.40655377103314927	0.02803616374161859	0.69655480411661	0.020905516153860573	0.6410270816765549	0.021759814699293084	0.5854993592365	0.02300874219484174
2.0	10.0	0.4095338027459843	0.028424535945953247	0.698758969911542	0.021503459427623516	0.6433250183372135	0.021972279466571445	0.5878910667628852	0.02277151418016005
2.0	11.0	0.4058627997321902	0.029132651135089414	0.6962431448951147	0.02199610908944648	0.6404863052851428	0.022625001179958776	0.5847294656751713	0.02355133120022192
2.0	12.0	0.40417198067462196	0.028385410514536146	0.6946294437276608	0.02160805345466164	0.6391469131592329	0.022100382144888343	0.5836643825908052	0.02294002173793366
2.0	13.0	0.4006814489339077	0.028248898161766785	0.691701112673354	0.021291147551894197	0.636391109066779	0.021949385071802358	0.5810811054602038	0.022908522825227713
2.0	14.0	0.4015952370828543	0.025363426451259177	0.6923662311144304	0.01945838447370109	0.6371638482149382	0.019861755195529563	0.581961465315446	0.020679393022329243
2.0	15.0	0.397288509666608	0.02707670227920249	0.6889749292355312	0.020522039322566858	0.6337373484851676	0.021176059607888605	0.5784997677348039	0.02219017850429715
2.0	16.0	0.39472575897206613	0.027802438207390787	0.6871347098134628	0.021092148482250377	0.63171613885581	0.021819850149879916	0.5762975678981572	0.02292630455715214
2.0	17.0	0.3948349597492803	0.02948940126646549	0.6865286673468148	0.022743496825396038	0.6316738783429925	0.02329101179446045	0.5768190893391704	0.024215993891882195
2.0	18.0	0.38476741885943844	0.024956706286025816	0.6791498872760664	0.019249588823624906	0.6238382952438568	0.01976788146324972	0.5685267032116477	0.020727904157578247
2.0	19.0	0.386817248523965	0.02769568835505899	0.6804338697482882	0.021510664329039864	0.625374104740479	0.021902676872847592	0.57031433973267	0.02267069834334579
2.0	20.0	0.3928552604411038	0.028687982932023508	0.6854826019794578	0.02249926220861761	0.6301933767367011	0.02255796608261031	0.5749041514939444	0.022954067560251555
2.0	21.0	0.3837739324003059	0.029666129170504936	0.6784708298807415	0.02298331689510197	0.6229510899343058	0.023448887954239113	0.5674313499878699	0.024232588359482363
2.0	22.0	0.38668960664724117	0.028197589133158323	0.6790784114504173	0.021819293654253925	0.6251269411046175	0.022382032126491494	0.5711754707588177	0.02333351646603229
2.0	23.0	0.3740624912688244	0.027774865494258925	0.6731323944616029	0.02007016000028992	0.6155206877240058	0.02225836051582663	0.5579089809864085	0.025181500114432976
2.0	24.0	NaN	NaN	NaN	NaN	NaN	NaN	NaN	NaN
3.0	1.0	0.4220896184838194	0.027926903124843354	0.7093086187670147	0.02050028149300764	0.6531347402319624	0.021207618275035263	0.5969608616969103	0.022247070018624287
3.0	2.0	0.4226391160297089	0.030937991311937144	0.7093341725243879	0.02272654302832389	0.6534387832507638	0.023514623925445795	0.5975433939771393	0.024574854374823332
3.0	3.0	0.41490152085706616	0.027771379837488917	0.7036644536221649	0.02061546599392145	0.6475924985266326	0.021288679555868096	0.5915205434311	0.02230853426957508
3.0	4.0	0.40909958966758975	0.0264062932745868	0.699048182668806	0.019769943938250427	0.6431091186534855	0.020383335664938784	0.5871700546381652	0.021391683470007593
3.0	5.0	0.4097100864563557	0.027053329084495068	0.6993711251811598	0.02016693806718194	0.6435563020791478	0.0207902342842285	0.587741478977136	0.021895634451247953
3.0	6.0	0.41044073393017844	0.02781725737383533	0.6998737131423396	0.02032114358496134	0.6440967488789608	0.02141444810242168	0.5883197846155822	0.02287725728832406
3.0	7.0	0.40889173377356824	0.02768129192139225	0.698944976574957	0.02076321068272246	0.6429264456577736	0.021400592136986772	0.5869079147405901	0.02245056504037658
3.0	8.0	0.41081142889882	0.02791210069046413	0.7000252159473364	0.02070848905204339	0.6443651189086513	0.02152766828144224	0.5887050218699662	0.02274977459314626
3.0	9.0	0.40374664503525515	0.02766614799733884	0.6941435904680383	0.02065739797970566	0.6388154016907047	0.021480314681427876	0.5834872129133712	0.022679118634497692
3.0	10.0	0.4058597587619151	0.029289866753673392	0.6966403659552509	0.022027831886863986	0.6405277040324577	0.02280015207609263	0.5844150421096644	0.02390573510270471
3.0	11.0	0.40338881886778494	0.029620286930784345	0.6940865683651652	0.02222575251107229	0.6385123210114755	0.023046969035163147	0.5829380736577856	0.024151474223793525
3.0	12.0	0.4021831460069825	0.0275420466119962	0.6926365422669796	0.020594696078974514	0.6375585632210884	0.02135691456007075	0.5824805841751977	0.022422432407232455
3.0	13.0	0.4035649466039816	0.027824708301721332	0.6939960744136355	0.02110637953085909	0.638666470299868	0.02162872170452758	0.5833368661861003	0.02247764797409368
3.0	14.0	0.4005693217296296	0.028165623911385863	0.6914612685397861	0.02143559408738801	0.6362813454257075	0.02204428679626859	0.5811014223116292	0.02292918113966324
3.0	15.0	0.39483441044379636	0.029558657473748636	0.6871479499296198	0.02249185718736499	0.6317495798648637	0.023231077718075192	0.5763512098001075	0.024335154019785872
3.0	16.0	0.395549779574317	0.029915693809386683	0.687429117006071	0.02286699146035958	0.6322717856532696	0.023481791589289716	0.577114454300468	0.02440905924256293
3.0	17.0	0.38956892862239306	0.028619143023588707	0.6825777036269038	0.02175310769433631	0.6275414034378959	0.022604473352362448	0.5725051032488884	0.02381130450088275
3.0	18.0	0.39207639788992726	0.030429435870505818	0.684978554072944	0.0235349574191162	0.6295391914739616	0.02402585302376213	0.5740998288749792	0.024841005769891743
3.0	19.0	0.3877741896841572	0.02659410766880877	0.6809867488412163	0.020511170077722345	0.6261373407573981	0.021098168364291587	0.57128793267358	0.022012956394618956
3.0	20.0	0.39073595106381137	0.032870039087606245	0.6839733191381833	0.02544542255537275	0.6284126066879077	0.026180526020868417	0.572851894237632	0.027124822143648787
3.0	21.0	0.38920000360578316	0.027150296079002715	0.6825645570350768	0.02094019074144688	0.6273309174392224	0.021464851601100798	0.5720972778433681	0.022463045069100726
3.0	22.0	0.39524252781406355	0.030986269708814084	0.686689539968249	0.02574477010705676	0.6319622571793319	0.02478216237341095	0.5772349743904147	0.024141551761065597
3.0	23.0	0.3876145725589076	0.03141369614374794	0.6819746165032298	0.023286876485314988	0.626086234443586	0.02490720665438859	0.5701978523839422	0.02700573768690105
3.0	24.0	0.37255191899798357	0.03019315386267073	0.6718885895780616	0.027164594960307868	0.6143449086746217	0.024904264027178553	0.5568012277711818	0.022643933094049162
3.0	25.0	0.39387418278598657	0.0203495025767386	0.6856333397423156	0.020337362142029216	0.6311742175085697	0.016621333274170595	0.5767150952748239	0.012905304406311817
3.0	26.0	NaN	NaN	NaN	NaN	NaN	NaN	NaN	NaN
3.0	27.0	NaN	NaN	NaN	NaN	NaN	NaN	NaN	NaN
4.0	1.0	0.4211309333504702	0.02893428614527686	0.7084141425695402	0.020956235257112658	0.6523586839844138	0.02199520724493039	0.5963032253992874	0.023329781214156138
4.0	2.0	0.41822101408102713	0.029109971302252683	0.70609378307424	0.021313101052985502	0.6501091302494434	0.02217772059011588	0.5941244774246469	0.023362001997705557
4.0	3.0	0.4156064162437792	0.027184751993291813	0.703880866655171	0.020105011962793667	0.6481119395931797	0.020791776323328057	0.5923430125311884	0.021841057650334134
4.0	4.0	0.4130159333450151	0.02860575486238308	0.7018390948480489	0.021056760418363463	0.6460768202432865	0.021848254564024287	0.590314545638524	0.023050290540053996
4.0	5.0	0.40987127733393436	0.025689875619825518	0.6994799904771597	0.019234161465199583	0.6437032561773238	0.01980868440349105	0.5879265218774882	0.02073695818018551
4.0	6.0	0.41241853158485164	0.025188924472486458	0.7017712239973429	0.018756232162542134	0.6457298631323549	0.01936755934069538	0.5896885022673669	0.020416458659585617
4.0	7.0	0.40967715932084997	0.025903648182959125	0.6992949430053371	0.019067504671559134	0.643545804587228	0.01995984283363099	0.5877966661691185	0.02124363255474112
4.0	8.0	0.40804027365494067	0.0263745870659927	0.6981009901846623	0.019470555573705268	0.6422687064511718	0.020434617303703762	0.5864364227176815	0.021754994648845873
4.0	9.0	0.40829656498371736	0.028163092411285243	0.697520936763362	0.021185890803046843	0.6423358888383506	0.021784761251643765	0.5871508409133396	0.02272049177593247
4.0	10.0	0.40456561334117336	0.026836473587616285	0.6947195676259366	0.01987292273480318	0.6394658489790825	0.020826538500289215	0.5842121303322285	0.022091809548315283
4.0	11.0	0.40238519217851054	0.028020575718598083	0.6930233308817167	0.02115775636078771	0.6377302850402914	0.021854415265973537	0.5824372391988663	0.022887672838724494
4.0	12.0	0.40271451932561275	0.026885589204828	0.693140873944523	0.02032416907303038	0.6380001575470274	0.02087683476079397	0.582859441149532	0.021782827330685466
4.0	13.0	0.39942311613037074	0.029727921577687	0.6911247897552546	0.022419305409677178	0.6354131125494946	0.023215814587041358	0.5797014353437348	0.024332989064600245
4.0	14.0	0.40038362386738824	0.02932255782164901	0.691825718562175	0.02206959476062861	0.6361732556097756	0.02285492071800594	0.580520792657376	0.02396256578052563
4.0	15.0	0.3953337238800578	0.027191675901650243	0.6877472107631549	0.020835458968519183	0.6322286862695782	0.02126815047859169	0.5767101617760015	0.022077991517489914
4.0	16.0	0.39234938152083426	0.02950610803024389	0.6852555609519744	0.02284405196349802	0.6297880381329605	0.02323459278516931	0.5743205153139468	0.023971920697449963
4.0	17.0	0.3947192512944095	0.02809929020786855	0.6871585992024359	0.02161995761284993	0.6317036030371298	0.02217766033712442	0.5762486068718236	0.02310551224694983
4.0	18.0	0.3911645477705636	0.027745622906097507	0.6834630618030892	0.020965392182170785	0.6287879041581058	0.02182072627247682	0.5741127465131226	0.022950314673264076
4.0	19.0	0.39304589712907606	0.02886595432497985	0.6848119145369022	0.02206496970468079	0.6302376159970573	0.022798197541672748	0.5756633174572123	0.023870141849967545
4.0	20.0	0.3871120987494961	0.02748416905780642	0.6800894085865694	0.02101373430817994	0.6255485622373107	0.02179414665168435	0.5710077158880519	0.02301279051418341
4.0	21.0	0.3988622187064803	0.030586857786148926	0.6895927852589215	0.024189122335511595	0.634828786655228	0.02405676078532312	0.5800647880515344	0.024280352527308167
4.0	22.0	0.3856753675191881	0.03088644894616816	0.677018169978705	0.02259469087238578	0.6241151262707434	0.02449313346942514	0.5712120825627813	0.026556996204180103
4.0	23.0	0.39811642445851336	0.02999821668057241	0.6885249080222466	0.02188819917861699	0.6342912067778996	0.023217842102553905	0.5800575055335527	0.025076006884899915
4.0	24.0	NaN	NaN	NaN	NaN	NaN	NaN	NaN	NaN
4.0	25.0	NaN	NaN	NaN	NaN	NaN	NaN	NaN	NaN
5.0	1.0	0.42105501195382095	0.030575110730454675	0.7088426700458865	0.02225219198374824	0.6523264089720167	0.023129215780531544	0.5958101478981467	0.024399232189868125
5.0	2.0	0.41730476154579166	0.027448747872324736	0.7055290749833742	0.02061565191870015	0.6494552844168394	0.021007412725487333	0.5933814938503046	0.021790104732947436
5.0	3.0	0.41405980210281373	0.027182991311414623	0.7028072634731519	0.020257289961056933	0.6469298874593357	0.020866760480687568	0.5910525114455194	0.021843227029414637
5.0	4.0	0.4136745062732462	0.027761849492842258	0.7024595442934917	0.02041518762899241	0.6466155904830668	0.021211100185699026	0.5907716366726418	0.02232424787856863
5.0	5.0	0.41093184420326173	0.025617186555207925	0.7002902432902305	0.01882766286741742	0.6445293154400136	0.019713912385249333	0.5887683875897967	0.021008894086161703
5.0	6.0	0.4124042486343262	0.026057517138432622	0.7009971851014632	0.019739628604294245	0.6456067567526602	0.02014195141193524	0.5902163284038574	0.02095170590137743
5.0	7.0	0.4071262024935362	0.028026151323569656	0.6974611946593902	0.02116303544221679	0.6415293648319383	0.021695122014599246	0.5855975350044864	0.022608553554931913
5.0	8.0	0.40798368765964166	0.027164965355188683	0.6977300952912727	0.02012991317659644	0.6421698655322067	0.020978001087277414	0.5866096357731405	0.022166461425678685
5.0	9.0	0.40477958280519066	0.02679650988614533	0.6955394879250362	0.020274659136772854	0.6397090082787432	0.02091156135343744	0.5838785286324499	0.021901000772152398
5.0	10.0	0.4055122829375983	0.02709974256568921	0.6960290474712926	0.020265160313759828	0.6402689566656654	0.021039692104929463	0.584508865860038	0.022201358220952046
5.0	11.0	0.4011240957554399	0.02772568966683859	0.6922394548813615	0.020875317539944628	0.636772885481296	0.02164469563898812	0.5813063160812304	0.02279845935846842
5.0	12.0	0.40273018405178984	0.02974110175515779	0.69360104807928	0.022149759886366294	0.6379995047766341	0.023106602859059265	0.5823979614739884	0.02438776682740176
5.0	13.0	0.3967170662108179	0.028615439740221998	0.688633278712312	0.021820292106810742	0.6332619225173409	0.022388949930234946	0.57789056632237	0.023263495639535205
5.0	14.0	0.40320629713353673	0.028714940407357867	0.6938123432843581	0.021597766562261825	0.6383781085594545	0.022294461137471508	0.5829438738345508	0.023334670540583833
5.0	15.0	0.3976185070797088	0.02878579693406793	0.688889476641383	0.021946175242305677	0.633915398339301	0.022536780103239135	0.5789413200372192	0.023476607198825303
5.0	16.0	0.3963562869500743	0.030359117842618123	0.6880662009082346	0.023131025150799133	0.6328991211955618	0.023808088706920996	0.577732041482889	0.024811750117317823
5.0	17.0	0.39347700001412705	0.026722416264938157	0.6859016160147072	0.0209211347261084	0.6307203645733616	0.02103573863868786	0.5755391131320158	0.021542713698158997
5.0	18.0	0.3905072166089806	0.027320644637396817	0.6834505559254241	0.02093181546130294	0.628337469294194	0.02156972633549885	0.5732243826629639	0.02264240714535855
5.0	19.0	0.390251915407935	0.02853858413594694	0.6829145841066669	0.022095094562096372	0.6280605963053982	0.022644856893743577	0.5732066085041295	0.023519733569508185
5.0	20.0	0.3841743729526574	0.026681083454250732	0.6779918680454867	0.02038740303521231	0.623244810646098	0.021142542335475908	0.5684977532467094	0.022268675225155375
5.0	21.0	0.37963069290785506	0.0227987212607028	0.6740722604972248	0.017744723632024444	0.6196470242176663	0.018212311595544376	0.5652217879381077	0.01914068963346411
5.0	22.0	0.37026705338687965	0.018978897832751054	0.6679533798524302	0.01350335883299534	0.6122987190075929	0.015214448768443169	0.5566440581627558	0.017120479757808827
5.0	23.0	0.39461477389134814	0.02929674482417513	0.6870719746237405	0.021399917065898645	0.6316561694149981	0.022730203554286527	0.576240364206256	0.02420975680790303
5.0	24.0	0.3754956609331554	0.002643562480505118	0.6720192333071691	0.0015222905377359798	0.616675113904266	0.0016925839058802795	0.561330994501363	0.00490745834949646
5.0	25.0	NaN	NaN	NaN	NaN	NaN	NaN	NaN	NaN
5.0	26.0	NaN	NaN	NaN	NaN	NaN	NaN	NaN	NaN
5.0	27.0	NaN	NaN	NaN	NaN	NaN	NaN	NaN	NaN
5.0	28.0	NaN	NaN	NaN	NaN	NaN	NaN	NaN	NaN
6.0	1.0	0.4192627798947494	0.027816437776252215	0.7071484644874604	0.020178568669585416	0.650971332774515	0.021118152531511055	0.5947942010615698	0.022404818181291756
6.0	2.0	0.4203810237126313	0.031210826102536237	0.7076463665028188	0.022887083492759495	0.65170928424413	0.023741641458743804	0.5957722019854415	0.024969834286174306
6.0	3.0	0.41467494406187483	0.02818924662072317	0.703627652715716	0.021001323132633778	0.6474259048492003	0.021554591560803114	0.5912241569826846	0.022441463747550714
6.0	4.0	0.4114403988907126	0.02967114090396889	0.7010439934395517	0.021821790334694304	0.6448783262296341	0.02276020596058536	0.5887126590197167	0.024033495077303294
6.0	5.0	0.4106062873118122	0.0246186195119459	0.6998355984616241	0.018223415550288894	0.6442704965711596	0.018965611085744363	0.5887053946806948	0.02005892750008052
6.0	6.0	0.410396095291772	0.02680569859872295	0.7000780597450207	0.019571715282797875	0.6441133179436976	0.020614254681530303	0.5881485761423746	0.022038262228361128
6.0	7.0	0.40762211625144246	0.027871675976658978	0.6976636394020821	0.020974707792516697	0.6418979645352517	0.021573606636701395	0.5861322896684215	0.022577863206715537
6.0	8.0	0.4047561979216122	0.02924956882475645	0.6953361780341497	0.02196420296302631	0.6396158983944681	0.022702031828238354	0.5838956187547865	0.02378916435857793
6.0	9.0	0.40176079015717847	0.028608067559809606	0.6932089914717734	0.021159396867473156	0.6373095482630065	0.022250106441730078	0.5814101050542398	0.023634957321037132
6.0	10.0	0.39772216637390884	0.027468223284472938	0.6895360616452183	0.02070221253947135	0.634097037778167	0.021457900132851267	0.5786580139111155	0.02254647353887624
6.0	11.0	0.4025982107996198	0.027532424226366863	0.6937446530386605	0.020603042295723385	0.6379751493519987	0.02146346254597767	0.5822056456653371	0.02264783484757893
6.0	12.0	0.40356271214109046	0.029155472455611647	0.6936627871780707	0.02207359259304309	0.6385943705865205	0.022645837139020013	0.5835259539949702	0.02352704412933708
6.0	13.0	0.40148978927370843	0.02860497012421951	0.6922473375726128	0.021556705950004494	0.6370050252530588	0.02231817432692744	0.5817627129335047	0.023405241857892292
6.0	14.0	0.396404252792061	0.0283415404308696	0.6881715521763788	0.02178601020032771	0.6329965303189025	0.022207137830856236	0.5778215084614261	0.023017931100573055
6.0	15.0	0.39977652006346015	0.02874864168844215	0.6910738883821634	0.02185181965793727	0.6356774124303223	0.022443314891827236	0.5802809364784813	0.02344124944487904
6.0	16.0	0.3927558535330494	0.025355095118687228	0.6855119457119614	0.01947904243002801	0.630198650526866	0.01997976789919106	0.5748853553417707	0.02080531109214737
6.0	17.0	0.3904984146162571	0.02798862307632674	0.6838570806984489	0.021957175158512983	0.6283604181492405	0.022129412182315157	0.572863755600032	0.02266017697447631
6.0	18.0	0.3883438552398284	0.02722076037654903	0.6817236448078625	0.020937892888591866	0.6266111474461191	0.021579705910802608	0.5714986500843756	0.022588024576449126
6.0	19.0	0.3896141664390663	0.03284845842836744	0.6832146060974511	0.024946342753442416	0.6275359918679794	0.02609092905759285	0.5718573776385081	0.027506799178697958
6.0	20.0	0.3854180751353222	0.02840137309510363	0.678890579611527	0.021506596887721687	0.6241901964857782	0.02258033442454671	0.5694898133600296	0.024031906505477613
6.0	21.0	0.39577428901634776	0.024561790221162137	0.6881811402743263	0.019908559080381354	0.6326517638317033	0.019437270060194373	0.57712238738908	0.019317181252383554
6.0	22.0	0.3927019410345348	0.03305275759309397	0.6844628478412484	0.027826906915349343	0.6298810841260292	0.026286883346409762	0.5752993204108094	0.0250851398559162
6.0	23.0	0.3927362265906195	0.01205747187136839	0.6851881803783348	0.010683331823517501	0.6303692521791576	0.009659843126747725	0.5755503239799804	0.009742092314074408
6.0	24.0	0.38284943171990293	0.020049543436806008	0.6808778503432703	0.0187313044283724	0.6228471611959324	0.016494252038946895	0.5648164720485948	0.01628622608446547
6.0	25.0	0.3784063070249475	0.046189437525717095	0.6734000637050654	0.03568152783788886	0.6181871090310033	0.03701606372196818	0.5629741543569411	0.038601534542657245
6.0	26.0	NaN	NaN	NaN	NaN	NaN	NaN	NaN	NaN
7.0	1.0	0.41499167409389753	0.026510521438406792	0.7036921121433186	0.019126250333254855	0.6476889590628911	0.02023168048170842	0.5916858059824639	0.021752977760320962
7.0	2.0	0.41717735613159634	0.02784932967499951	0.7052813603780074	0.02090233195686145	0.6493310666480069	0.02129500402566418	0.5933807729180064	0.022067291757858407
7.0	3.0	0.4142858493439976	0.02706206303738136	0.7031089312924336	0.020100686814580323	0.6471260709876807	0.02068044383545738	0.5911432106829279	0.02168272437384654
7.0	4.0	0.41400965206439877	0.029275704570393784	0.702406001368395	0.021850595860672294	0.6467991048745723	0.02251774827445654	0.5911922083807494	0.023502975755825124
7.0	5.0	0.412677556086831	0.025164230396972284	0.7016433929166108	0.018888625131826257	0.6458907257622278	0.019349319580188644	0.590138058607845	0.02021071231027488
7.0	6.0	0.4093216986903084	0.02812659109782849	0.6987408013992149	0.020838468753655918	0.6431862465953259	0.021715325601078368	0.5876316917914368	0.022938404604887642
7.0	7.0	0.4078300453932371	0.027956826980971856	0.6976237088537599	0.021218035516716277	0.6420332319353809	0.02162197640206728	0.5864427550170017	0.022394010918706218
7.0	8.0	0.40727579819363346	0.028241903246562783	0.6977354311941776	0.021602362823347394	0.6416591483307772	0.021891540116717532	0.5855828654673769	0.022576642629672405
7.0	9.0	0.4031892986135315	0.02814438719779305	0.6941066870261255	0.021032562366497982	0.638413102493506	0.021914127200701284	0.5827195179608866	0.023127397904639975
7.0	10.0	0.4071607381705674	0.02942884118151872	0.6968057697031118	0.02257183968333814	0.6414399966964912	0.022886360905388845	0.5860742236898705	0.02363046659942491
7.0	11.0	0.40016357571007777	0.027512125070551015	0.691390928789504	0.0202261380507887	0.6360159435153603	0.021377162561169373	0.5806409582412164	0.022921026140530345
7.0	12.0	0.39720534945079705	0.028372078227495764	0.6891507833703585	0.02128416733524082	0.6336689524193608	0.02222025080372019	0.578187121468363	0.023457363120319964
7.0	13.0	0.39621396258668895	0.029065968509338215	0.6885960491906287	0.022197233048504565	0.6328962876743771	0.0227734179973468	0.5771965261581256	0.023661628191888887
7.0	14.0	0.4014011055651826	0.03019165805558527	0.6918855686245485	0.022617587608312287	0.6368623181332391	0.023505266450099413	0.5818390676419296	0.024659742939556816
7.0	15.0	0.39763107270618425	0.028369686833806466	0.6890155055713337	0.02193364788893061	0.6339499310090008	0.022207729295910725	0.578884356446668	0.022875807653203673
7.0	16.0	0.39433927532741925	0.029431715444005718	0.6867416858791899	0.022889069359395116	0.6313580187252941	0.023136986116793646	0.5759743515713983	0.0237373975867068
7.0	17.0	0.3982620087223292	0.029624024221714704	0.6889692536865196	0.022880278130642556	0.634350174453424	0.02318155053883436	0.5797310952203285	0.02376389307019308
7.0	18.0	0.38698777144035	0.02641771701267552	0.6812931679139652	0.020288760947842682	0.6256287543983758	0.020898790399565884	0.5699643408827865	0.021921099103371727
7.0	19.0	0.3929306160787849	0.028916781756266795	0.6854175178545472	0.02266045022495691	0.6302273263948062	0.022872577639481664	0.5750371349350654	0.02340199237366948
7.0	20.0	0.3871643332209574	0.028721630569180305	0.680629915991833	0.022423146290918627	0.625624307724368	0.02273968086365094	0.5706186994569031	0.02349945664093307
7.0	21.0	0.3816102767695182	0.02086773158389131	0.6761727552558948	0.017340459462547708	0.6213314377030182	0.016766957177926325	0.5664901201501413	0.01645394654612281
7.0	22.0	0.37508192094086307	0.03787744125213915	0.6702993944796308	0.03106851647317935	0.6156180594294579	0.030509298611857957	0.560936724379285	0.030128978889917203
7.0	23.0	0.39653720664473247	0.05683522956644931	0.6865029052043362	0.04674062181623545	0.6325145260216813	0.045141300764764455	0.5785261468390264	0.043541979713293544
8.0	1.0	0.42169103563441745	0.0308143357931421	0.7084135577523777	0.022380706824800933	0.652694320352768	0.023403583226741395	0.5969750829531585	0.024712654149112976
8.0	2.0	0.4175454641190618	0.02750824125927922	0.7053288299619219	0.020420499430262157	0.6495954466787838	0.02095486584788669	0.5938620633956455	0.021832795822998328
8.0	3.0	0.4136745957413092	0.027372108317394183	0.7027781904609092	0.02015429126019569	0.6466627454807264	0.02095379630594956	0.5905473005005439	0.022149946621248896
8.0	4.0	0.41285824842801844	0.02655907212345316	0.7017212514989615	0.02019134945399078	0.6459950081885172	0.020371750557317794	0.590268764878073	0.020917071316302396
8.0	5.0	0.40865832602038926	0.02831067610491471	0.6986837430582925	0.021203511893196594	0.642725166011077	0.021744204060859203	0.5867665889638616	0.022694195163538322
8.0	6.0	0.4059492839362004	0.028071197038225842	0.69665113870785	0.020862788457147168	0.6406248233280969	0.021704228723290742	0.5845985079483436	0.022931846366349123
8.0	7.0	0.40674067704225936	0.02638630688196161	0.6968584364659386	0.019825537049482176	0.6412279944474152	0.020465747425841965	0.5855975524288917	0.02149926213655911
8.0	8.0	0.40472108328549816	0.029851214083698136	0.6954301247486115	0.02201142292534862	0.639590186966022	0.023136627888965134	0.5837502491834323	0.024600940158429837
8.0	9.0	0.4053418099999557	0.026308351381438052	0.69552174480525	0.019992972220168596	0.6401069342347029	0.02044068891417769	0.5846921236641557	0.021259509405914402
8.0	10.0	0.4043587490045108	0.02991235693327802	0.6946130109652097	0.022379687621137984	0.6392385716134056	0.02323868982411757	0.5838641322616014	0.02441528732968205
8.0	11.0	0.40292598149795145	0.029361951966569974	0.693362609463824	0.022289779229000967	0.6381120211230971	0.02281851746667117	0.5828614327823699	0.02358347759954122
8.0	12.0	0.40241773299236533	0.027904200282982478	0.6934413348756923	0.021002619662120494	0.6378067847616309	0.021691328486654095	0.5821722346475696	0.02268518172839487
8.0	13.0	0.39778549300654675	0.028845538870501744	0.6900150997523361	0.021861242090951794	0.6341657100141475	0.022557114031269792	0.5783163202759588	0.02358919859246227
8.0	14.0	0.4012226555364519	0.030304202350190372	0.6918436344147527	0.02281168127589997	0.6367276804290541	0.023722665902559215	0.5816117264433555	0.024928058580122984
8.0	15.0	0.39478259794400516	0.027758577401325424	0.6870918620210044	0.021148791490484826	0.6317508210474002	0.02176149391522356	0.5764097800737961	0.02270146619549311
8.0	16.0	0.39359599078911967	0.028697104187323432	0.6857428091613607	0.022110764958089568	0.6307395107674928	0.02252561614664993	0.5757362123736247	0.02331048945185331
8.0	17.0	0.3917764329487015	0.02873800227693843	0.6845667133302517	0.022131233778034713	0.6293224553618448	0.022655555810364283	0.5740781973934383	0.023478616740851364
8.0	18.0	0.390562025974538	0.030445132535520412	0.6841218701799442	0.023214531975070576	0.6283845808529172	0.023921561412119936	0.5726472915258902	0.025047142557880563
8.0	19.0	0.3855457834985102	0.0298499060394336	0.679673666011884	0.0231390491408994	0.6243307294751442	0.023727399912709633	0.5689877929384044	0.024590068545488397
8.0	20.0	0.3911948984206644	0.028521232244816334	0.6853495788739349	0.02100127847810343	0.6290291343036756	0.022466285133731043	0.5727086897334166	0.024331729809035522
8.0	21.0	0.38944954216401195	0.026251420468686646	0.6826457698391976	0.021468878002389346	0.6275280776593032	0.02097177108873996	0.5724103854794088	0.020946945214292072
8.0	22.0	0.4012270538448162	0.02386939449562625	0.6919702841930272	0.0175482636098735	0.6369289186308688	0.01855161894398675	0.5818875530687101	0.01968063836947324
8.0	23.0	NaN	NaN	NaN	NaN	NaN	NaN	NaN	NaN
9.0	1.0	0.4225450739761627	0.02877549273432564	0.7089913025295718	0.02123233716114892	0.6533855671530862	0.021908569177702283	0.5977798317766008	0.022952298424625223
9.0	2.0	0.4214771444894615	0.028170487859738032	0.707911979779684	0.020786512116895417	0.6525543021872112	0.0213889567757256	0.5971966245947387	0.022458484642796213
9.0	3.0	0.4166831125353114	0.027559888106525997	0.7054058806438716	0.020116994892279055	0.6490191460443293	0.021041401144039674	0.5926324114447873	0.022366288452128794
9.0	4.0	0.4114631250012842	0.0248667559914402	0.7007475608163387	0.018351936902208228	0.6449631026492054	0.019073393794898426	0.589178644482072	0.020209947531820698
9.0	5.0	0.4094652696423009	0.027679352754347	0.6991427727411768	0.020618387564416817	0.6433425819046542	0.021330422200193797	0.5875423910681319	0.022361240846937226
9.0	6.0	0.40820249709041506	0.026180485104310234	0.6980502602461874	0.01969216412382055	0.6423803499509553	0.020250947146886585	0.5867104396557228	0.021267416525237254
9.0	7.0	0.4046437916933163	0.026720682839417077	0.6957685594446504	0.019891202727867454	0.6396520307485107	0.020664637004875266	0.5835355020523709	0.02186176254425419
9.0	8.0	0.4057416108731984	0.029171181745974734	0.6961576546769874	0.021854820444486552	0.6403963255490984	0.022550872658596125	0.5846349964212094	0.0235904495527347
9.0	9.0	0.406592618681953	0.028648834345337076	0.6963697038791812	0.021550964114063716	0.6410160722816703	0.022234369563928484	0.5856624406841597	0.023262214395524193
9.0	10.0	0.40434771322255453	0.02940308308285121	0.6948149782685865	0.02201528147371813	0.639267874885589	0.022857976458718125	0.5837207715025913	0.024054715548593196
9.0	11.0	0.4029193880291073	0.02961517292155513	0.6937743851921799	0.022159114247873576	0.6381526983399386	0.023037911598000567	0.5825310114876969	0.02423938394252192
9.0	12.0	0.40139187270237825	0.030888229365544428	0.6925961337219678	0.02319880028516534	0.6369221099462137	0.024081976298666274	0.5812480861704596	0.025229441405666325
9.0	13.0	0.40133127041797134	0.029681904754753363	0.6921232924676843	0.022065640714447124	0.6368580815471647	0.023139523456371863	0.581592870626645	0.024618723234213366
9.0	14.0	0.39912572730984724	0.02922542570781156	0.6901943810958711	0.021967222778978928	0.6351076783145941	0.022829109514524853	0.5800209755333172	0.024006139574242743
9.0	15.0	0.3924986234111832	0.028912823225315704	0.685129041066236	0.022058398062833627	0.629897528573311	0.022668512964762542	0.574666016080386	0.0237231685092293
9.0	16.0	0.39453164939098395	0.027748061478191723	0.6869302985279768	0.02104338926888209	0.6315578751593064	0.02178073643721593	0.5761854517906361	0.022903441689837004
9.0	17.0	0.39145521391933924	0.030879671669877533	0.6838470164214967	0.023278364038549545	0.6289607449785252	0.024275415076169198	0.5740744735355535	0.02560045477603689
9.0	18.0	0.3859713115356295	0.028277485752569016	0.6796349345621125	0.02193584421826675	0.6246660923721574	0.022433641604997737	0.5696972501822024	0.02328155692763774
9.0	19.0	0.39045036051209	0.028881602653404607	0.6841851951651767	0.022240059901020414	0.6283508615696549	0.022860215799849672	0.5725165279741329	0.02389234680996107
9.0	20.0	0.3878560859289465	0.02818782659914912	0.6818141440646386	0.021613172485766993	0.6262695296714933	0.022365234436649995	0.5707249152783481	0.02347353074106689
9.0	21.0	0.37757824256640765	0.03221350066234643	0.6753036603796828	0.02526121712409455	0.6181276729195495	0.02609006865762649	0.5609516854594162	0.027268496529076442
9.0	22.0	0.3954717648319542	0.025220009086058676	0.6877535814132045	0.018083891856573685	0.6324096912650821	0.01962601497664738	0.5770658011169597	0.02125093441652055
9.0	23.0	0.39543676850724435	0.033189392571045605	0.6864178034911518	0.027015948602888265	0.632089017455759	0.026462938657607807	0.5777602314203661	0.02632529337238897
9.0	24.0	0.3755590812775593	0.029530308782100997	0.6726545159510168	0.020388063830026792	0.6165405536112932	0.023488760047337444	0.5604265912715695	0.026625857922187624
10.0	1.0	0.4199514475499459	0.026495004659864388	0.7073780269672216	0.01929087567456821	0.6514909913509139	0.020142004402871585	0.5956039557346062	0.021332093579899035
10.0	2.0	0.4214533710471011	0.028302118336520937	0.7080690910152599	0.0211465540792614	0.6525478400875364	0.021577344321689236	0.5970265891598129	0.02234063529839012
10.0	3.0	0.4153167809179348	0.027571778915290317	0.7035331839636498	0.02041263829554165	0.6478662629725673	0.021106708336716656	0.5921993419814847	0.022219266242472384
10.0	4.0	0.4155947513191219	0.028678956895380255	0.7039301066889566	0.021326335763066504	0.6480766661556402	0.0219176589949456	0.592223225622324	0.02283300640094851
10.0	5.0	0.4072917172995947	0.02547420778683685	0.6977069251959421	0.018952016483260187	0.6417302414129437	0.019618267516066476	0.5857535576299452	0.020665628337579223
10.0	6.0	0.41068332425805715	0.024918790597463204	0.6997689053164552	0.018849296135202986	0.6443084861228459	0.019255158341244933	0.5888480669292364	0.020066953085705653
10.0	7.0	0.40910770097145777	0.02490444544953039	0.6986928288152231	0.018220660385271897	0.6431032513521381	0.01923863484364617	0.5875136738890531	0.020638122482955372
10.0	8.0	0.4087427112188406	0.029514133918734288	0.6986526967169894	0.0226018245001012	0.6427406599012686	0.02294523420275841	0.5868286230855481	0.023607508983257985
10.0	9.0	0.40363909644985235	0.02822358632710641	0.6942625506579855	0.021501085853134656	0.6387398550354864	0.021965610874305413	0.5832171594129874	0.02277650417064691
10.0	10.0	0.4001037038832209	0.02918192042986764	0.691936950971058	0.021900598779329504	0.6359979589651159	0.02270752252217703	0.5800589669591738	0.023844426641825588
10.0	11.0	0.40292891051557495	0.027733742419553	0.6938543185022863	0.02097959635780911	0.6382121744475977	0.0216183843821649	0.5825700303929091	0.022613786956383226
10.0	12.0	0.40099323537253556	0.029785120368678468	0.6920167344705583	0.0224549779832304	0.6366063378629513	0.02321879677476124	0.5811959412553444	0.024309348284236962
10.0	13.0	0.40135762263676794	0.029749598426934643	0.6922778104439727	0.02261103883892845	0.6368911456014185	0.02315024209652077	0.5815044807588642	0.02401257367798144
10.0	14.0	0.3982578006918311	0.029497517979252624	0.6899272278751857	0.022133439094687558	0.6344685540107304	0.02308598258552683	0.5790098801462751	0.024448065556425994
10.0	15.0	0.3954632102140761	0.028786446789159703	0.6878770830848177	0.021660919875987818	0.6322964723753929	0.022524143579495615	0.5767158616659681	0.02371793746066604
10.0	16.0	0.3945987269021821	0.028475398204630555	0.6861785118152528	0.021862322185763703	0.6314958473646178	0.02234490099075967	0.5768131829139829	0.02316611336006753
10.0	17.0	0.38853679763463894	0.029658382673275984	0.6820859129275665	0.022316718914683394	0.6267325006500061	0.023426050670361506	0.5713790883724462	0.024857997019051403
10.0	18.0	0.389898539764671	0.029603754832585028	0.6829391037507784	0.022701277553825564	0.6277956637150718	0.023288738399232456	0.5726522236793655	0.02424683430343899
10.0	19.0	0.3874797986023284	0.02753260293872712	0.6808027910389137	0.021221838605320908	0.6258847700699538	0.021874756788332513	0.570966749100994	0.022806488731310918
10.0	20.0	0.3808963888372157	0.02194773609781605	0.6756968483986744	0.016744429226487927	0.6207510802526417	0.017440186299435938	0.5658053121066096	0.018514411545332492
10.0	21.0	0.38291909107620137	0.02643061265878735	0.6769199832966988	0.020421384912821562	0.6222517383458421	0.02079142172792637	0.5675834933949854	0.0213978051535817
10.0	22.0	0.4000541607818633	0.030844095961530423	0.689914051296654	0.023235130725459588	0.6357368443305301	0.024276530995764867	0.5815596373644061	0.026035507588626446
10.0	23.0	0.38195108415401563	0.02872969711242071	0.6770012839922445	0.021516268669073243	0.6216077271507648	0.023071177201572833	0.5662141703092852	0.024741576592559822
10.0	24.0	0.3948102425261348	0.04221771737411265	0.6879015647098253	0.03351975012633672	0.6316646862942246	0.033576634930501954	0.5754278078786238	0.03363586663732699
10.0	25.0	NaN	NaN	NaN	NaN	NaN	NaN	NaN	NaN
10.0	26.0	NaN	NaN	NaN	NaN	NaN	NaN	NaN	NaN
10.0	27.0	NaN	NaN	NaN	NaN	NaN	NaN	NaN	NaN
10.0	28.0	NaN	NaN	NaN	NaN	NaN	NaN	NaN	NaN
10.0	29.0	NaN	NaN	NaN	NaN	NaN	NaN	NaN	NaN
10.0	30.0	NaN	NaN	NaN	NaN	NaN	NaN	NaN	NaN
10.0	31.0	NaN	NaN	NaN	NaN	NaN	NaN	NaN	NaN
10.0	32.0	NaN	NaN	NaN	NaN	NaN	NaN	NaN	NaN
10.0	33.0	NaN	NaN	NaN	NaN	NaN	NaN	NaN	NaN
10.0	34.0	NaN	NaN	NaN	NaN	NaN	NaN	NaN	NaN
10.0	35.0	NaN	NaN	NaN	NaN	NaN	NaN	NaN	NaN
11.0	1.0	0.4181183798381416	0.0295599919890805	0.7059488584550033	0.021567523477739964	0.650013891011189	0.02248310948572464	0.5940789235673747	0.023738584617095514
11.0	2.0	0.4171348343597143	0.02996746321990944	0.705418988500313	0.02207012653479571	0.6492716157347223	0.022848768282656022	0.5931242429691318	0.023930857112726127
11.0	3.0	0.41292826855199355	0.028186790085665023	0.7017927742518761	0.02104170255064425	0.6460160930670362	0.021634301514343333	0.5902394118821963	0.02258416570980072
11.0	4.0	0.41350720264586244	0.026470932273717718	0.702307122550994	0.019715561123283636	0.6465100871817469	0.020304851630259236	0.5907130518125	0.021291216294577597
11.0	5.0	0.40889074944744347	0.026199545439920688	0.6988526819013331	0.019906434525573485	0.6429467753348397	0.02020020248783226	0.5870408687683464	0.020864885790032702
11.0	6.0	0.40827846121904254	0.02493299645721303	0.6983590332542837	0.018950580296494046	0.6424937670210732	0.0192829289061395	0.5866285007878627	0.020035162704340203
11.0	7.0	0.4080469019352861	0.029088776265426775	0.6980322170986679	0.021698979884743726	0.6422049140457768	0.022523862193190546	0.5863776109928859	0.023728481776544564
11.0	8.0	0.40088429542732235	0.026895390113209162	0.6926480721444767	0.020467120253444347	0.6366758135122991	0.02091280877868932	0.5807035548801218	0.021695425437359698
11.0	9.0	0.39992595027454536	0.02859592266667822	0.6917064129151399	0.02141460161051475	0.635857116041248	0.022366338692613435	0.5800078191673561	0.02361265820625236
11.0	10.0	0.4036189171013571	0.029804441779065462	0.6941807430754564	0.022190647840986427	0.6386794825347095	0.02316203327005037	0.5831782219939625	0.024438282750693516
11.0	11.0	0.404800321418855	0.029732502654333463	0.6949338039824512	0.022450966501391726	0.6395822657869643	0.02312863444402733	0.5842307275914776	0.02405483795408751
11.0	12.0	0.39907536045563746	0.028585422818928067	0.6903427040576595	0.021527273301522737	0.6351084397756839	0.022272845185880196	0.5798741754937085	0.023377191554604375
11.0	13.0	0.400245882257257	0.029505660147469137	0.6916065035488113	0.02247860027636183	0.6360434343162858	0.023101320286060736	0.5804803650837602	0.02403806032555761
11.0	14.0	0.3987901842857815	0.02974652930542005	0.690046354115879	0.02265627661658412	0.6348436748126646	0.023218864600704152	0.5796409955094503	0.02406365865658933
11.0	15.0	0.3937176443863109	0.025089895396512324	0.6863909178693384	0.019503205097312112	0.6309828319781066	0.019784757771687415	0.5755747460868751	0.020505096385239986
11.0	16.0	0.3895267597052287	0.02738563041995346	0.682520994018653	0.021107132803025612	0.6275355118144423	0.021668208387132577	0.572550029610232	0.022692784338085373
11.0	17.0	0.3930857292045873	0.02861568057585911	0.6857089619659529	0.021679894961231346	0.6303820909726144	0.0224966650416743	0.5750552199792759	0.023701451349172373
11.0	18.0	0.38851267270254825	0.02665433028493787	0.6816461549037455	0.020304320947646406	0.6267346706434025	0.021063673307886454	0.5718231863830595	0.02211606695745097
11.0	19.0	0.3864582283340622	0.02623375018825284	0.6806157725182909	0.02118251011252999	0.6251736364668942	0.021001189753315004	0.5697315004154975	0.02117846949190614
11.0	20.0	0.3922407882342098	0.03163722082199477	0.6839872044369002	0.02331203523645823	0.629523028917019	0.024787673218474925	0.5750588533971376	0.026519072336412864
11.0	21.0	0.3948007211017691	0.03389150458321367	0.686197677892763	0.02701090542390801	0.6315212700013455	0.026962165160357064	0.5768448621099282	0.02712583924972179
11.0	22.0	0.3806709856473842	0.05133098642809937	0.675899811202984	0.036434324171082	0.6198613997828367	0.04059163103437106	0.5638229883626895	0.04476623279775569
11.0	23.0	0.3809285275365077	0.032300587181107634	0.6762615779456167	0.023642684711305595	0.6207084745234053	0.02536006285491269	0.5651553711011938	0.027305619656950754
11.0	24.0	NaN	NaN	NaN	NaN	NaN	NaN	NaN	NaN
11.0	25.0	NaN	NaN	NaN	NaN	NaN	NaN	NaN	NaN
12.0	1.0	0.4184954666819459	0.027719066706968047	0.7067733874446686	0.020223956964711208	0.6504063037351184	0.02112668374921533	0.5940392200255684	0.022349819350432936
12.0	2.0	0.4186095954949508	0.02997445640694739	0.7065145168508602	0.022238522093965082	0.6504025730213744	0.022864108577975016	0.5942906291918887	0.023858658125277734
12.0	3.0	0.41245016119553995	0.027580041643615723	0.7017082873837223	0.020274467559028484	0.6456960819427446	0.021110112004867513	0.5896838765017672	0.022330138765195382
12.0	4.0	0.41531248101980317	0.028557651023713573	0.7039693987431903	0.021332975230459492	0.6478920637116723	0.02183336733246776	0.5918147286801542	0.02267053279679134
12.0	5.0	0.4088373229564303	0.02479607315152228	0.6987030786630618	0.018774089380114718	0.642922424597833	0.019114369065737744	0.5871417705326042	0.019892723632132986
12.0	6.0	0.4094466140779519	0.029355153208317074	0.6994630893878969	0.02175033464241975	0.6433303535777581	0.022628796508554195	0.5871976177676193	0.02383642503797522
12.0	7.0	0.4105121937246596	0.02755879225754297	0.6997770689693894	0.020538982428768508	0.6441375260246003	0.021272763084535587	0.588497983079811	0.02238432777558937
12.0	8.0	0.40770264508644594	0.02744076945027362	0.697417755446157	0.02062956851329801	0.6419323250805742	0.02128455333719412	0.5864468947149915	0.022345378255540997
12.0	9.0	0.4058983033652998	0.028798820798518976	0.696074034068451	0.021991056254369177	0.6404974655004242	0.02239070582215933	0.5849208969323976	0.023094593890236232
12.0	10.0	0.4039468573512804	0.02673222422577663	0.6946506597770228	0.020274158522723386	0.6390336845992518	0.020708396121904966	0.5834167094214808	0.02144990867083249
12.0	11.0	0.40326050606841235	0.02827911770946218	0.6940431406331566	0.02123992034873844	0.6384530188713078	0.021971965379363245	0.5828628971094589	0.023055181006807424
12.0	12.0	0.3995273129872231	0.02854556868138178	0.6906656673003762	0.021472839443794252	0.6354580198487445	0.022367937365897525	0.5802503723971126	0.02363568102219591
12.0	13.0	0.39849713983862367	0.028151061069241208	0.6902385957736371	0.02148286859684623	0.6347032773794256	0.022010887022790953	0.5791679589852138	0.022920053459437807
12.0	14.0	0.3963598882114969	0.025957864289228055	0.6884795442488258	0.01983091567889944	0.6330556351682969	0.020336959152105087	0.5776317260877679	0.021172107581492575
12.0	15.0	0.39664942135292863	0.02808636974688198	0.688737315802635	0.021848094311493312	0.6332368397665177	0.022069365069418652	0.5777363637304004	0.02259876190296028
12.0	16.0	0.3918191629259444	0.02927444311490759	0.6842897502290888	0.02246016876957522	0.6293097518796195	0.022981751342919122	0.5743297535301504	0.02385768345014195
12.0	17.0	0.3877963701935053	0.02616095816630081	0.6811943245107174	0.020305875012870213	0.6261871845986531	0.02078047156002048	0.5711800446865896	0.021686499145765314
12.0	18.0	0.3906549416035037	0.026951435205717866	0.6839892144192465	0.02100348361248902	0.628512024182045	0.021288341227205087	0.5730348339448439	0.021922236182206654
12.0	19.0	0.3902758887058949	0.027142434598172453	0.682678007781718	0.02090599636448871	0.6280883080786966	0.021471081259583327	0.5734986083756749	0.022431423452604488
12.0	20.0	0.3933290627445704	0.030013327244289074	0.68581945718941	0.02282566165468547	0.6305359315807414	0.02358611711927293	0.5752524059720729	0.024527044752195568
12.0	21.0	0.3901708594009836	0.028384209880739725	0.6830421993544529	0.022818002198475663	0.6280452958294731	0.022590243455585118	0.5730483923044934	0.022974319302611377
12.0	22.0	0.3891631750453722	0.022694437514234198	0.6803963727598898	0.017838167012200073	0.6271624623546606	0.018249722972911064	0.5739285519494313	0.018997768707294638
12.0	23.0	0.38091712304941305	0.003895944588813405	0.6728100148702323	0.001337007165562063	0.6206290217195822	0.002619000766749628	0.5684480285689322	0.0065750086990612406
13.0	1.0	0.4198528848929385	0.029819182453553382	0.707748933106588	0.02196741409005419	0.6513934438490632	0.02277066925223862	0.5950379545915383	0.02391977917215999
13.0	2.0	0.4189394087370768	0.029080797686865993	0.7063306764542331	0.02153816263761068	0.6506221230945317	0.0222207824802496	0.5949135697348302	0.02320820922031606
13.0	3.0	0.4086990006071024	0.026815648752797055	0.6985296008673193	0.019657408484398665	0.6427679254365279	0.020562128374237924	0.5870062500057366	0.021835917963729128
13.0	4.0	0.41053061718747774	0.02725382313920004	0.6998124337939164	0.02043892348735594	0.6441633825439811	0.020961877154367776	0.5885143312940457	0.02188892921803389
13.0	5.0	0.4114128835161968	0.025951770198185887	0.7004295651404575	0.01917897744495445	0.644867234014873	0.019975361043515775	0.5893049028892884	0.02117018999140249
13.0	6.0	0.4052446162192115	0.025710982162704562	0.6958752469879881	0.019152674361001643	0.6400981537887235	0.019879423182192147	0.5843210605894591	0.02098216059564058
13.0	7.0	0.4053139298334617	0.028986153805971294	0.695639668550723	0.02175543867806966	0.6400422559793237	0.022524276911284228	0.5844448434079245	0.023676231302685494
13.0	8.0	0.40647134612266467	0.028888421659952923	0.696567220637815	0.02154551923295199	0.6409506321265324	0.022418198862117877	0.58533404361525	0.0236160283619982
13.0	9.0	0.4052274449855547	0.02757219111437115	0.6952508375602927	0.02091108764935656	0.639968314372849	0.02139179721681114	0.584685791185405	0.02220754701845774
13.0	10.0	0.40235474883033456	0.030078659991143678	0.693601042522185	0.02255735499049932	0.6377305484975414	0.02340705229328957	0.5818600544728978	0.024569973974470156
13.0	11.0	0.40110228367713685	0.027615205190576003	0.6923761815546674	0.02080424818779219	0.6367735058198956	0.02160293306430206	0.5811708300851237	0.022704554050627095
13.0	12.0	0.4006749541930118	0.027489185368951494	0.6918297763044183	0.021102377531496352	0.6364163927787921	0.021542889895834486	0.5810030092531661	0.02239586209085266
13.0	13.0	0.3964720002030676	0.028112718947878607	0.6882863055044922	0.021141493115516934	0.6330636039008537	0.021995820598453716	0.5778409022972152	0.023202816901892503
13.0	14.0	0.394642381919956	0.027640851508024415	0.6870630216928357	0.02117941252489406	0.6316532573284883	0.021680141354252107	0.576243492964141	0.02256187528932566
13.0	15.0	0.39061385371321566	0.025536442699161502	0.6832985064914014	0.019974430296493574	0.6284309625803599	0.020171601940102972	0.573563418669318	0.02075516265541424
13.0	16.0	0.3913924848238078	0.02718143517736974	0.6843870874217995	0.021112893301616004	0.6290684716189074	0.02150134005855448	0.5737498558160155	0.022250400255790927
13.0	17.0	0.3877360561434291	0.02787734586133759	0.6813680001021506	0.020845866620206852	0.6261308953460027	0.0219943548353883	0.5708937905898547	0.023534077856358877
13.0	18.0	0.3874496044599403	0.027053393809433838	0.6811310140958733	0.020251586524778396	0.6259208699963263	0.021352419539626015	0.5707107258967794	0.022823644495402327
13.0	19.0	0.38912001591846546	0.02858472200379217	0.6826603641792484	0.02218967105693875	0.6272428728861251	0.022569657638578877	0.571825381593002	0.023306601558121354
13.0	20.0	0.3899311951263508	0.02384210793120728	0.682500027399049	0.018118726895779882	0.6278999246860546	0.018850001328451427	0.5732998219730602	0.019833518614654544
13.0	21.0	0.38356566652842217	0.025203302988655737	0.6768124969942199	0.017951050598313017	0.6227335089362408	0.019966642778332093	0.5686545208782615	0.022651525263630328
13.0	22.0	0.4051975904454177	0.029681416943625017	0.6934048685381267	0.024381320647080366	0.6397582608192881	0.02331413939964234	0.5861116531004497	0.022344893399872067
13.0	23.0	0.37506328254132565	0.03816737917170444	0.672231335808171	0.028312704466279287	0.6160586398251684	0.030644811557035488	0.559885943842166	0.03297691864779169
13.0	24.0	NaN	NaN	NaN	NaN	NaN	NaN	NaN	NaN
14.0	1.0	0.4179600835053412	0.02960689233331627	0.7057867238177342	0.02153143405390855	0.6498849115069416	0.022540446737479555	0.593983099196149	0.023852628379791605
14.0	2.0	0.41617899123682645	0.028137503311864733	0.7049728366814951	0.02063631925042171	0.6486096295454932	0.021497418377455238	0.5922464224094914	0.022648117490700635
14.0	3.0	0.4162849259973443	0.02815272402589063	0.7046262942611712	0.020817412011680254	0.6486426247945487	0.021499862725738995	0.5926589553279262	0.022589181506783816
14.0	4.0	0.4093548547367167	0.02591268969569804	0.6996351747591231	0.019402693610729202	0.6433677813508609	0.019898444730249595	0.5871003879425989	0.02082265457529148
14.0	5.0	0.4075954231849873	0.024672047774150156	0.697695866979375	0.018195674768574897	0.6419520460902626	0.019044819539777387	0.5862082252011502	0.020256719573174948
14.0	6.0	0.4119675166761294	0.026738090985551046	0.7008199828860622	0.02007889595823663	0.6452733805368112	0.020623225140069916	0.5897267781875604	0.021521810114909574
14.0	7.0	0.4060601917255797	0.028647317956243597	0.6965816310205056	0.02139934358720109	0.6406774985512564	0.022175592462615256	0.5847733660820076	0.02329504561038648
14.0	8.0	0.40143679067738053	0.02624661225522742	0.693050866099365	0.019516216278663845	0.6371227135102724	0.020369642860095558	0.5811945609211798	0.02160250581452927
14.0	9.0	0.4027859418453971	0.028791214470778984	0.6937036327732048	0.02191146523852406	0.6380706903149972	0.02241160811745439	0.5824377478567897	0.02322989119034164
14.0	10.0	0.4032907060118267	0.027381519509011475	0.6938867230352583	0.02047869433689337	0.6384754376388578	0.02125970289568198	0.5830641522424574	0.022365114283583568
14.0	11.0	0.40071592146454105	0.027604378361040127	0.6913172800708599	0.020898100653506592	0.636381991012725	0.021541251355147475	0.5814467019545901	0.022515231425705787
14.0	12.0	0.40447650925719364	0.028202959130153627	0.6946518550515491	0.02131681157152813	0.639363015229982	0.021986171934833442	0.584074175408415	0.023000697956865577
14.0	13.0	0.4030324933431189	0.029459008472865894	0.6934410649471906	0.02255328981766373	0.6381915383937858	0.022989668294558018	0.5829420118403812	0.02374551088958814
14.0	14.0	0.39600344585291963	0.025594054342222526	0.6882462322366283	0.019250428604128008	0.6327900692907549	0.020062193633209338	0.5773339063448812	0.02129454376298624
14.0	15.0	0.395513980216186	0.028410613327100005	0.6875180994086435	0.021965100962706596	0.6322929621397627	0.022362828962414868	0.5770678248708823	0.02310012510598317
14.0	16.0	0.39212816042523496	0.027732151687318133	0.6848214908061337	0.02120403010356824	0.6296272796735877	0.021777017041245815	0.5744330685410414	0.0227276985235309
14.0	17.0	0.3964032443221114	0.027761380228907447	0.6881892684665365	0.021250035411125513	0.6330124925856285	0.02180697502834955	0.5778357167047208	0.022825265880670017
14.0	18.0	0.3853034558560704	0.033018355396603735	0.6795164366782739	0.02588547318410594	0.6240465596788326	0.026373931188830167	0.5685766826793912	0.027100534306616752
14.0	19.0	0.37882600523133314	0.027511289180078495	0.673888505205047	0.02089604915932004	0.6189398212996192	0.02190452450313253	0.5639911373941916	0.023235794926106185
14.0	20.0	0.3883220827423635	0.029486436293246068	0.6816087867175135	0.023260615167672936	0.6265349025429324	0.023517595648322873	0.5714610183683511	0.024123696074470548
14.0	21.0	0.3971109478835301	0.03739249623566585	0.6892175981809208	0.028185967066515386	0.6333938223280827	0.029696024793689702	0.5775700464752446	0.031341672035143056
14.0	22.0	0.3913167411800851	0.01440630842690366	0.6831763835643332	0.010743846771163752	0.6291172119393129	0.011354913721277813	0.5750580403142928	0.012089955796936242
14.0	23.0	NaN	NaN	NaN	NaN	NaN	NaN	NaN	NaN
15.0	1.0	0.419444612331796	0.02952992033725452	0.7072327751882973	0.02165985892264913	0.6510655931891735	0.02244892463784879	0.5948984111900497	0.023586155307221336
15.0	2.0	0.41659043607746166	0.026965652770126965	0.7045817886835075	0.01992836055204367	0.6488673882778252	0.020666663653813405	0.5931529878721428	0.02176816613493593
15.0	3.0	0.4131176578498324	0.026655991376768984	0.7026647484850406	0.01986177008870846	0.6462832012444775	0.020445651734671076	0.5899016540039143	0.02140806181219904
15.0	4.0	0.4151188782311955	0.025274409660415782	0.7033722153714035	0.018670581665393052	0.647758233060744	0.019367379433412886	0.5921442507500846	0.0204270850241457
15.0	5.0	0.40948266502818886	0.026373271496474227	0.6991418836337973	0.02039466665879854	0.6433814370263637	0.02035099904858678	0.5876209904189302	0.020643256718784076
15.0	6.0	0.4081714596071953	0.024607414565250292	0.6979184163745791	0.01866655056153896	0.6423743552469459	0.019017013739054955	0.5868302941193128	0.019770452778041844
15.0	7.0	0.40771366133075826	0.026175976612234756	0.6976986053088997	0.019810078577404445	0.6420007106692116	0.02029649488256388	0.5863028160295236	0.021189431646321984
15.0	8.0	0.406430907199807	0.02889049387708645	0.6964447332338508	0.02124125750983179	0.6409105913699017	0.022382365564861024	0.5853764495059527	0.02387146964975208
15.0	9.0	0.40403882523903023	0.027836480769866955	0.6943670281734822	0.020848058932383073	0.6390360003981553	0.021665159511424493	0.5837049726228285	0.0227745005439831
15.0	10.0	0.399687307862266	0.0285734699484355	0.6913831416132651	0.021195116271451406	0.6356554976755295	0.022307113144193723	0.579927853737794	0.023721010513394737
15.0	11.0	0.4002992095128012	0.028323780421632357	0.6916164315369729	0.021301538336220747	0.6361154414969139	0.022007766969462047	0.580614451456855	0.023035978979300067
15.0	12.0	0.4013908705752146	0.028552278045661683	0.692373684721654	0.021373968844149886	0.6369545159851246	0.02220385855811138	0.5815353472485955	0.02332501687630289
15.0	13.0	0.3961783620678332	0.028609836258119817	0.6881711490727138	0.021444881146845233	0.6328355285725226	0.02233534836800751	0.5774999080723313	0.023579741791594763
15.0	14.0	0.40000903395932047	0.027035712425871876	0.6914520423292597	0.0208369612302354	0.6359222621305736	0.0211151478928508	0.5803924819318874	0.021788518549476422
15.0	15.0	0.39599046056628856	0.029744567878741492	0.68773867214664	0.02259545736365928	0.6326224781238351	0.023311554106499943	0.5775062841010301	0.024390335273182795
15.0	16.0	0.3888232164754179	0.026525214198817273	0.6824882567296872	0.020358070807489827	0.6270542377737738	0.020999642394495782	0.5716202188178606	0.02193289764349407
15.0	17.0	0.3946858423194354	0.028124119903512098	0.6854517580738626	0.021748212451271284	0.6314751646449037	0.022223226867339876	0.5774985712159447	0.023039119174140928
15.0	18.0	0.39094797892993083	0.026455289131258258	0.6839443552003062	0.020098850976598342	0.6287254600110198	0.020955279518030567	0.5735065648217335	0.022281125173910763
15.0	19.0	0.38177735692627673	0.024619228992025333	0.676690241143958	0.019204170025525956	0.6214387635409395	0.019582280876591942	0.5661872859379209	0.020418614747134998
15.0	20.0	0.3855558493600094	0.029761364679462353	0.6788393429067233	0.022428855348177814	0.6242465449921155	0.023795671995217867	0.5696537470775076	0.02547446667329821
15.0	21.0	0.38773462463652203	0.026158176764086553	0.6794997600095906	0.019324962885010472	0.6259846388279094	0.02067933274099732	0.5724695176462283	0.02207977750472106
15.0	22.0	0.39196551706439686	0.013124914339646533	0.6819288316112724	0.014437002513001581	0.6294583995424303	0.010887830294966552	0.576987967473588	0.007338658076931604
15.0	23.0	NaN	NaN	NaN	NaN	NaN	NaN	NaN	NaN
15.0	24.0	NaN	NaN	NaN	NaN	NaN	NaN	NaN	NaN
16.0	1.0	0.41721463399275566	0.028811074595430516	0.7055967851555344	0.02115480309395648	0.6493750111423178	0.02196075205012719	0.5931532371291013	0.02312479333408395
16.0	2.0	0.41357412440117264	0.02754526978935375	0.7023213573139268	0.02023124766783107	0.6465356924771611	0.021092965746319334	0.5907500276403955	0.02232719313958672
16.0	3.0	0.4148866714964258	0.027183167196538016	0.7034963267036649	0.019712914338664872	0.6475777264302716	0.020782987185349336	0.5916591261568783	0.022205034997029093
16.0	4.0	0.4123786121168413	0.027144860992080237	0.7010916801293801	0.020162261654417323	0.6455844239375809	0.020828412248368063	0.5900771677457816	0.02199856395606774
16.0	5.0	0.4097517190915518	0.027288340702646983	0.6995402502586591	0.020681106246343173	0.6435947222919339	0.02103056514149231	0.5876491943252088	0.021721272879551827
16.0	6.0	0.409603252796599	0.028673871063803178	0.6991306037325502	0.021500138671899597	0.6434110469529709	0.022171668841373986	0.5876914901733916	0.023162737220396974
16.0	7.0	0.4043598164792639	0.028124985553160658	0.6950340543652959	0.02085179732478966	0.6393339606437148	0.021836730964666318	0.5836338669221339	0.02318332076235716
16.0	8.0	0.4091689288402	0.02837719966725099	0.6990552345187586	0.021156116027236507	0.643111940677368	0.021994263740465626	0.5871686468359775	0.02321602056322869
16.0	9.0	0.4038883782270609	0.02759050105100509	0.6947675050683443	0.020635132805062944	0.6389871132237548	0.02149381588359892	0.5832067213791657	0.022712006679842033
16.0	10.0	0.39999890771168345	0.02666120691846425	0.6920541509581654	0.019461842204018944	0.6359989226492847	0.020790249309420868	0.5799436943404042	0.022492679931626743
16.0	11.0	0.40099919022228525	0.027609079210365647	0.6918783627347503	0.02115919085678043	0.6366452709133934	0.021524246728567745	0.5814121790920365	0.022228256345760138
16.0	12.0	0.39956789879641386	0.03085998913826464	0.6909766228571834	0.022848763224367314	0.6354692608828344	0.0240636971627835	0.5799618989084854	0.025592935389872177
16.0	13.0	0.3980360894974162	0.02993909673592064	0.689610390291947	0.02245303349363434	0.6342656689770059	0.02339195783704929	0.5789209476620648	0.024682173688502777
16.0	14.0	0.3970723184606546	0.028087169416751052	0.689268988695826	0.021254779352155546	0.6336005183648019	0.021984551429189175	0.5779320480337778	0.0231265530303293
16.0	15.0	0.395535396977305	0.02754878643430668	0.6875546575649206	0.021272986421092693	0.6323332085303721	0.021672188896081124	0.5771117594958235	0.022407784891853064
16.0	16.0	0.39311851785299173	0.02545264395266997	0.6851548205333058	0.01986121027931861	0.630405039415085	0.020171968572511023	0.5756552582968643	0.02086232194717731
16.0	17.0	0.3901627774136776	0.027789909356272298	0.683677849612983	0.021164950989947202	0.628111150021078	0.021948042875180863	0.5725444504291731	0.02308868228108023
16.0	18.0	0.3922814323997818	0.02891298529886689	0.6852602503068375	0.022988558896104194	0.6297588960028663	0.022847788946791407	0.5742575416988951	0.023140621421513408
16.0	19.0	0.3809558809405736	0.02278069155566217	0.6754688379991021	0.017573860615187453	0.6207442125432288	0.018308478430772754	0.5660195870873556	0.019476825080488227
16.0	20.0	0.3773997264537762	0.025767857980554938	0.6731204967145678	0.021137978533428314	0.6178763342895967	0.020666829039956196	0.5626321718646251	0.02034609007349801
16.0	21.0	0.35837975015926665	0.024383277740255668	0.6601472444708903	0.01788822141269289	0.6026970066681772	0.0195576231582952	0.545246768865464	0.02157729642834026
16.0	22.0	0.3683376819668264	0.020378381901208432	0.6624093364948239	0.013180665569284294	0.6102922965092071	0.016281799342102353	0.5581752565235905	0.019382933114920328
16.0	23.0	0.3504191242594795	0.002855846153054766	0.652562868638922	0.00042837692295822076	0.596147676527943	0.002141884614791025	0.5397324844169641	0.003855392306623908
17.0	1.0	0.42209782609082647	0.02601590557534029	0.7087574479505456	0.01920378219322687	0.653117161376758	0.019760922924271635	0.5974768748029707	0.020758404704708026
17.0	2.0	0.4186713808800746	0.028146003085373652	0.7059812443590161	0.020950118307611683	0.6504196534641943	0.021548576757819134	0.5948580625693725	0.022466771735192324
17.0	3.0	0.4161030235207669	0.029226305018528766	0.7038380466150976	0.021381511640715705	0.6483972875423711	0.02243343502463694	0.5929565284696445	0.023789718016579416
17.0	4.0	0.41111182747504266	0.02700866587737679	0.7002083031451218	0.020082000612890817	0.6446142542199453	0.020760518685240842	0.589020205294769	0.021842435002086092
17.0	5.0	0.4079359378584325	0.02502868135800726	0.6980528040970663	0.01930350759361401	0.6422226661012247	0.019407102904998984	0.5863925281053831	0.02008021439250752
17.0	6.0	0.40824211730891824	0.02871075673815735	0.6977742336798711	0.021175914668877843	0.6423174442099785	0.022238508846504187	0.5868606547400859	0.023665345509773478
17.0	7.0	0.408261884166794	0.02626995616581752	0.6979829704630118	0.020187083913548856	0.6424073578264176	0.020371684892582058	0.5868317451898236	0.020903070888593063
17.0	8.0	0.40487544043547324	0.027571697623367253	0.6954154071591028	0.020834139748894275	0.6397485836971657	0.021394711570426904	0.5840817602352288	0.02238423073086545
17.0	9.0	0.4029780825206291	0.02492274179315799	0.6940393175055479	0.01844378711919055	0.6383328877742825	0.019329166352741	0.582626458043017	0.02058204898954263
17.0	10.0	0.3997537664888918	0.0302761234039496	0.6916858012854273	0.022705854154651407	0.6356960805420647	0.02362777383371227	0.5797063597987021	0.024818643900978876
17.0	11.0	0.40282017243132967	0.0331270935202319	0.6932318204766832	0.024521749973771892	0.6379291198842464	0.025788044179074703	0.5826264192918095	0.027343433152146192
17.0	12.0	0.394337029169997	0.027489916634083716	0.687433807279253	0.02060932603890532	0.6314919212624589	0.021531107380741477	0.5755500352456648	0.02285051349765703
17.0	13.0	0.3970579949411974	0.028235726166618406	0.6885501652153817	0.02207468568749679	0.633496483074593	0.022161072415208587	0.5784428009338042	0.022575886773031843
17.0	14.0	0.3922949992351406	0.02816868148201807	0.6852174856829737	0.02156024207757904	0.6297795457289703	0.022165120234608943	0.5743416057749667	0.02311146669088318
17.0	15.0	0.3917814171932994	0.026604787482790264	0.6847208384161144	0.020271332556353782	0.6294001263588218	0.020977394249148535	0.5740794143015291	0.02218231801276311
17.0	16.0	0.38897711561139964	0.028559327422988876	0.6821715027696101	0.02156821976122031	0.6270804836313919	0.02247575979652864	0.5719894644931739	0.023649058668861567
17.0	17.0	0.3873146375768916	0.02789919349979018	0.6808333109503613	0.021090449065676427	0.6257677835481612	0.02204715113650636	0.5707022561459615	0.023317478813405006
17.0	18.0	0.3817385444826513	0.02247572016097249	0.676519789676892	0.01756902741332461	0.6214326937584532	0.017991004527355088	0.5663455978400143	0.018960645367993016
17.0	19.0	0.39089050199313885	0.031861987027654644	0.6835355897006582	0.02520380791255737	0.6284990683097758	0.025524216035416863	0.573462546918893	0.026088749944571887
17.0	20.0	0.3941886237585741	0.040732019983542166	0.6867828152977183	0.03170989887779975	0.6309867213360042	0.03239037558020951	0.5751906273742902	0.033260484800928955
17.0	21.0	0.3834546484821107	0.0361600008897466	0.6782107537056998	0.028669063591771703	0.6226327158969203	0.02863387338697957	0.5670546780881409	0.028757523708893937
17.0	22.0	0.3515103643260593	0.010124759107098305	0.6527265546489089	0.0015187138660647064	0.5969661065778779	0.007593569330323767	0.5412056585068468	0.013668424794582672
18.0	1.0	0.4186325363016791	0.03337214078071791	0.7057974202682427	0.024177644656467084	0.6502542622152483	0.025354400584842177	0.5947111041622544	0.026813148975597993
18.0	2.0	0.41870862260907854	0.02858189496744381	0.7060048784413584	0.02099728779651837	0.6504411195654746	0.021855002118294393	0.594877360689591	0.02306729349544656
18.0	3.0	0.4123843419001813	0.029717730148403326	0.7013602608603122	0.022287850046775973	0.6455605044184552	0.022813850745215317	0.5897607479765983	0.023712883990508977
18.0	4.0	0.4089898586895414	0.024775066221807068	0.6987552271164965	0.018991448443975847	0.6430340046358193	0.01916315676819032	0.5873127821551418	0.01982550053060375
18.0	5.0	0.40419277306113083	0.025634343150757476	0.6954571490954202	0.019007759117795606	0.6393287907179276	0.019844648465103913	0.5832004323404347	0.02113391964346349
18.0	6.0	0.4094793474978606	0.026904108613198335	0.6989510569718058	0.020035562460636192	0.6433449456219669	0.020780279027540798	0.5877388342721276	0.021778224902903882
18.0	7.0	0.40946475614508354	0.027068131728743252	0.6991878025354593	0.02008006102342272	0.6433617727002496	0.020915826368061937	0.5875357428650401	0.02209965824796306
18.0	8.0	0.404318519695787	0.027824995987176828	0.69486708513904	0.02073400417131531	0.6392921604429394	0.021584461241882014	0.5837172357468384	0.022719093634068818
18.0	9.0	0.40272534601658755	0.03031103353733906	0.6935814979092016	0.023253102560091003	0.6379771215416632	0.023676031777018176	0.5823727451741247	0.024440849698440407
18.0	10.0	0.40640756920501697	0.028350271277899856	0.6962566502088025	0.021738445460164936	0.6408819227478488	0.022049797744290545	0.5855071952868952	0.022700116078405323
18.0	11.0	0.40483319539419044	0.03085730500151097	0.6952759661086694	0.023467864346822194	0.6396205952575619	0.024067543919513264	0.5839652244064543	0.025032363849991468
18.0	12.0	0.40134452078959737	0.027407966757364233	0.6923250664831093	0.02047313093757396	0.6369481056293722	0.021307698077201762	0.5815711447756349	0.02257492025178666
18.0	13.0	0.39808395918944567	0.027765946752272116	0.6898854597607074	0.02102751353885418	0.6343851248441035	0.021689723989927256	0.5788847899274995	0.02270771991659965
18.0	14.0	0.39729636992376055	0.02993155097944419	0.6888181191869552	0.02187243468244458	0.6336633506953094	0.023275594652625447	0.5785085822036635	0.0250088268592248
18.0	15.0	0.39589814893447367	0.02645115916656635	0.6879631767731329	0.020327205621594683	0.6326599461889687	0.02083887339082656	0.5773567156048044	0.021675900955195032
18.0	16.0	0.39177348604760237	0.027773567912239637	0.6840552561222852	0.020849459898543223	0.6292837411124409	0.021958853298455663	0.5745122261025967	0.02338723396663663
18.0	17.0	0.393814009088179	0.027757803595273363	0.6858564438490615	0.021604416918751108	0.6309237562428809	0.022006023629709836	0.5759910686367004	0.02272507794897671
18.0	18.0	0.38695634003538354	0.022699278287147576	0.6803213051558971	0.017240098577933953	0.6255718975354563	0.01797253976521773	0.5708224899150155	0.01914716462141583
18.0	19.0	0.3832162869401797	0.03565339044464137	0.6781703369377707	0.029085991007155917	0.6223497005618702	0.02870560671627038	0.5665290641859697	0.02848145732318769
18.0	20.0	0.379303070471534	0.029617826968417593	0.6766886195629358	0.022814809380907936	0.6196116441805939	0.023512799259361138	0.5625346687982518	0.024460712015160993
18.0	21.0	0.4112125086296566	0.01712189080204925	0.7008702019582174	0.012842980458290014	0.6449672562896862	0.013044022216728225	0.5890643106211552	0.014165642056208261
18.0	22.0	NaN	NaN	NaN	NaN	NaN	NaN	NaN	NaN
19.0	1.0	0.4140163831597726	0.029953356153225214	0.7029224712689326	0.022603463464667545	0.6468581095667999	0.022988744832521148	0.5907937478646674	0.02384440892149643
19.0	2.0	0.41570243189357264	0.02628543601985261	0.7032866843936694	0.018980302245645838	0.6481324253606906	0.020060233603405662	0.5929781663277123	0.021563891408085213
19.0	3.0	0.4198939130184695	0.02738521252442588	0.7074288540674404	0.020723793387205033	0.6514428346462604	0.020828465133260796	0.5954568152250803	0.021326144545015305
19.0	4.0	0.4082018830386269	0.02511508687657871	0.6983550024918602	0.018258214787688864	0.6424423504620019	0.01923878078245954	0.5865296984321434	0.02047356614584954
19.0	5.0	0.4129730685591232	0.023444669303594824	0.7021582085744551	0.017945352323103188	0.6461895282223248	0.018033253630408187	0.5902208478701945	0.018582045894481414
19.0	6.0	0.40633008328073583	0.023906110439629445	0.6963686030860851	0.018375734838104212	0.6409422878266482	0.01854301176934845	0.5855159725672114	0.019217892866112946
19.0	7.0	0.4138320841121032	0.02848164979543663	0.70232038734904	0.02140296338638403	0.646687255710458	0.02194966165213025	0.5910541240718759	0.022768966005232198
19.0	8.0	0.405824571080977	0.026412871347051812	0.6961206925290392	0.01947002827632471	0.6405165198584575	0.02037730365705677	0.5849123471878758	0.021672509225877545
19.0	9.0	0.40441692569291426	0.02906858760096951	0.6954936459430995	0.02223337923781173	0.6394040787472672	0.022708138272819287	0.583314511551435	0.023504646326444823
19.0	10.0	0.40458415011665183	0.028976311873934152	0.6954216697225067	0.022149445215035875	0.6395191314069024	0.02248250785235461	0.5836165930912984	0.02322103668628022
19.0	11.0	0.404683909984532	0.03077384750805777	0.694620241672759	0.023192275503973906	0.6394428195405804	0.023961380721815907	0.5842653974084016	0.02498222185528029
19.0	12.0	0.4018183267698949	0.02847097600299158	0.6929096057247822	0.021314530785526063	0.6373163835556157	0.02236611097320771	0.581723161386449	0.02382666467163475
19.0	13.0	0.4012723692352776	0.032946763215332006	0.6920027463487883	0.024979657248241135	0.6367200563165075	0.025693018571602343	0.5814373662842268	0.026723675850831356
19.0	14.0	0.3982790821330686	0.026807201258294392	0.6898077595510972	0.020106766568822088	0.6345357975233294	0.020917410120061087	0.5792638354955619	0.022089500027285953
19.0	15.0	0.3912758061571418	0.027696721986118385	0.6834254498341795	0.02102352006077128	0.6288620025183722	0.021913793328978016	0.574298555202565	0.02308960110673955
19.0	16.0	0.3904747976222208	0.028336511333333432	0.6833413223560365	0.02182650670830322	0.628281311224588	0.022300975505034425	0.5732213000931393	0.023121190176414275
19.0	17.0	0.3850083752646838	0.030131034406242794	0.6788128838230415	0.022485079655561405	0.6238447083945643	0.024108279848157145	0.5688765329660871	0.02607116776690973
19.0	18.0	0.39564704830079384	0.026232744486684893	0.6871348843976735	0.019643412434958273	0.6324015977071394	0.02063817576668495	0.5776683110166055	0.021882474561450337
19.0	19.0	0.38167736337697816	0.026947261282860572	0.6764150114320506	0.0214951529748283	0.6213085687467056	0.021472568502303647	0.5662021260613608	0.022008374356235875
19.0	20.0	0.39221417444737	0.01515413960881685	0.683306875643718	0.010518590134174874	0.6297541924600758	0.011863008244496962	0.5762015092764338	0.013531507416525429
19.0	21.0	0.3407496246810684	0.01850653454456769	0.6439450203714923	0.012635513160137026	0.5877923287482174	0.015390446538248611	0.5316396371249428	0.01829664239605913
19.0	22.0	NaN	NaN	NaN	NaN	NaN	NaN	NaN	NaN
19.0	23.0	NaN	NaN	NaN	NaN	NaN	NaN	NaN	NaN
20.0	1.0	0.4072740946179054	0.024578268546223584	0.6985777150091589	0.018022416850564865	0.641844162307038	0.01904693185153816	0.5851106096049169	0.020424244633399594
20.0	2.0	0.41666822230674183	0.028988757901272432	0.704668720441731	0.02132729188427958	0.6489001988263278	0.022066686825166333	0.5931316772109245	0.023236841594598902
20.0	3.0	0.41345219969321306	0.02400403779765407	0.7017042316207127	0.01796656729368071	0.6464618143373954	0.018221164504230614	0.5912193970540778	0.01897657617404728
20.0	4.0	0.4040666732525983	0.02605689222915782	0.6962001655353511	0.0189733170835755	0.6393306648554528	0.020047239597063223	0.5824611641755546	0.02148204926459657
20.0	5.0	0.41178345295101243	0.02469179024365035	0.7007782360822344	0.018078973013386814	0.645193485490567	0.018925268863239968	0.5896087348988992	0.020096272052024043
20.0	6.0	0.4089134595413107	0.02518401103921543	0.6994835960666778	0.0188004615602284	0.643064939518203	0.019445895097964228	0.5866462829697284	0.02046790382223437
20.0	7.0	0.4001242912653065	0.027237466229197857	0.691036065045557	0.020967642761443805	0.6359548797979072	0.021292602922839625	0.5808736945502574	0.022018909000778103
20.0	8.0	0.4025605165296317	0.027042517672679508	0.6934716400982309	0.01926805212600699	0.6379400394365324	0.02104801154157881	0.5824084387748338	0.023212102172575452
20.0	9.0	0.40831460561249494	0.030598421490674405	0.6978824318087234	0.02331876416724277	0.6423380715670535	0.02372409031475615	0.5867937113253836	0.024361701484037213
20.0	10.0	0.39418517476274567	0.030178080068325782	0.6875058115338939	0.023503978941292848	0.6313246661978816	0.02392188707100789	0.5751435208618695	0.024570775893231835
20.0	11.0	0.39625666107435453	0.029836976813337128	0.6879391599649162	0.023115942062410147	0.6328423281667171	0.023248758284990546	0.5777454963685187	0.023763205418665084
20.0	12.0	0.391445108279692	0.023673907040276502	0.6844116126228451	0.018417660463719728	0.629192215407398	0.01873998582127951	0.5739728181919507	0.019533481600991564
20.0	13.0	0.4012271048739626	0.0291318671404697	0.6926154606395372	0.022227075612147932	0.6368574159870859	0.0228189137302027	0.5810993713346351	0.02360468243556091
20.0	14.0	0.3964419354778688	0.030241245311298046	0.6887463575868492	0.02349576910198199	0.6330528394421829	0.02382896637045964	0.5773593212975162	0.02464610976996574
20.0	15.0	0.3819466682641668	0.02482123519815023	0.6774001408343495	0.019369759324402106	0.6216435239235983	0.019726400177782596	0.5658869070128476	0.020515246616008675
20.0	16.0	0.38793699292085854	0.021557406363027054	0.6821142914637626	0.01703078100285987	0.626495572807877	0.017240240924407034	0.5708768541519913	0.017882841624978118
20.0	17.0	0.3967783361275405	0.03781360654050616	0.6886668644594318	0.02919203901041442	0.6330660044437021	0.029845811457195302	0.5774651444279723	0.030656166262263553
20.0	18.0	0.3813463411312453	0.029735267398775925	0.6759076900629409	0.023860542366642593	0.6209427632360452	0.023837398108069494	0.5659778364091493	0.02438685115170298
20.0	19.0	0.41676646345192875	0.01705849257573808	0.7016213154841248	0.012896441892097156	0.6488473181613643	0.013182699958835139	0.5960733208386039	0.013500181577945705
20.0	20.0	0.37916566772393423	0.03739073303485843	0.6728318885295927	0.02817527003480868	0.6190614034322778	0.029957639399682687	0.5652909183349626	0.031740008764556696
21.0	1.0	0.4303634869140581	0.028003728488813998	0.7164310310779821	0.020393828232030547	0.659558110192246	0.020968311933410387	0.6026851893065099	0.021985517397421404
21.0	2.0	0.420272350793659	0.01943509602350288	0.7083049392852645	0.014068877066066441	0.6519478130413894	0.014721742180718492	0.5955906867975143	0.01559186108197261
21.0	3.0	0.41063082349973695	0.02879588381876258	0.7008629400187295	0.021370642409265624	0.6443330466135423	0.022293653414338213	0.587803153208355	0.023484225420613597
21.0	4.0	0.41467490185369216	0.027871569827381173	0.7033148718030463	0.020071742940555085	0.6474138736266758	0.021184182361615168	0.5915128754503054	0.022572808388867945
21.0	5.0	0.39718531767338205	0.02855498437043421	0.6912179108775948	0.02175601401991978	0.6339280037928072	0.02221747824602787	0.5766380967080197	0.02317963542810486
21.0	6.0	0.41570803460783856	0.02494373363005391	0.7027521256517136	0.01769575315785534	0.648105340802455	0.019084750715837016	0.5934585559531962	0.020723616762193225
21.0	7.0	0.42073330124669983	0.02800063665349676	0.7085162916646937	0.02145530589363943	0.6521335037630269	0.021507762778399102	0.5957507158613604	0.022010299749840253
21.0	8.0	0.3938878284915079	0.031008134395360966	0.6873699684760084	0.024227182483078355	0.6310917106673178	0.024525226132167288	0.5748134528586274	0.02504185540577612
21.0	9.0	0.3948817294894076	0.02894634200855455	0.6871599114236887	0.021391760104058737	0.6318265879987519	0.022603326019056638	0.5764932645738152	0.0243618296306407
21.0	10.0	0.41821933394787897	0.02776081700118211	0.7056359003806794	0.021062267326258537	0.6500908245371136	0.02136877951660143	0.5945457486935477	0.02195957091039481
21.0	11.0	0.4139701587374791	0.027893497503396758	0.7016733991285017	0.021073834419016495	0.6467352985596506	0.02142647761338627	0.5917971979907998	0.022206283467503224
21.0	12.0	0.41827073502482687	0.030512236106649146	0.7051791858555786	0.02279531834853862	0.6500136855421916	0.023411376976441196	0.594848185228805	0.02428240959046043
21.0	13.0	0.385244628215217	0.02039295255511096	0.6798826043807007	0.016043801353507213	0.6243586803092507	0.01624839830603527	0.5688347562378008	0.016914970358922872
21.0	14.0	0.4047273939838591	0.02916308761968855	0.6950483527864841	0.0220139827038623	0.6395747095863159	0.022781698336902377	0.5841010663861473	0.02381828496070103
21.0	15.0	0.38477210232390174	0.03195930791439716	0.6794017188346677	0.023865532896017137	0.6237311213022121	0.025201081176465138	0.5680605237697565	0.02701274268041161
21.0	16.0	0.3911018707812887	0.017169486998369385	0.682564066452061	0.012773359359433188	0.6288574271040425	0.013430568239149393	0.5751507877560239	0.014879170217087331
21.0	17.0	0.38471393668476744	0.018520014168876237	0.6789180098148617	0.01586404610409016	0.6239072145369846	0.014992004609031294	0.5688964192591075	0.014344849080970163
21.0	18.0	0.40590316576468144	0.010781332380332485	0.6968442434961688	0.007392365765736249	0.6408972212156706	0.008192116102794411	0.5849501989351725	0.009697155365400544
21.0	19.0	0.39567760681269865	0.041032098867254334	0.6880307565434319	0.03334283953901063	0.6323106454622581	0.0326916387537531	0.5765905343810841	0.032042159987327755
21.0	20.0	0.3946186284558613	0.01387230908535702	0.68845790870071	0.013214118101616148	0.6320654538676956	0.011274703633591706	0.5756729990346813	0.009337055168480954
21.0	21.0	NaN	NaN	NaN	NaN	NaN	NaN	NaN	NaN
21.0	22.0	NaN	NaN	NaN	NaN	NaN	NaN	NaN	NaN
21.0	23.0	NaN	NaN	NaN	NaN	NaN	NaN	NaN	NaN
22.0	1.0	0.43524338904338966	0.03553408005016028	0.7190529419312146	0.02622704362997297	0.6629508590759685	0.027054887375521454	0.6068487762207225	0.02805948507994836
22.0	2.0	0.41802039435029775	0.02114091873060813	0.7043409267893832	0.015180109758804766	0.6499369795167227	0.016119581676790097	0.5955330322440623	0.017385144937299264
22.0	3.0	0.4137770841047438	0.02047958243625185	0.7024900896116905	0.016074903437689542	0.646837217120144	0.015889632690689534	0.5911843446285977	0.016204712286981532
22.0	4.0	0.4176242622121743	0.022664628572704446	0.7045303437230067	0.01736755682555063	0.6496644375782169	0.01727970005219907	0.5947985314334271	0.017496621608935118
22.0	5.0	0.41789255135929476	0.02826099012014589	0.7057545183707985	0.021169794708167156	0.6499020449527547	0.02129552576953033	0.5940495715347109	0.022009653083491332
22.0	6.0	0.41365521193072985	0.034132913767191124	0.7027533967854681	0.02446411701858256	0.6465155219390365	0.02622840067913384	0.5902776470926049	0.028152185909408503
22.0	7.0	0.3975555467344148	0.030894437012344553	0.6879514223451303	0.02220465279499442	0.6337498728270409	0.024116250316748928	0.5795483233089519	0.026471982852639415
22.0	8.0	0.4022555917173547	0.03163170780483962	0.6942835230644039	0.024071671869027977	0.6377482247007573	0.024362849864958753	0.5812129263371107	0.025009842584348563
22.0	9.0	0.39214371655894226	0.024296819940282696	0.6859463147987107	0.01820529489977396	0.6298702897669439	0.019170700469321632	0.5737942647351773	0.020562783845370736
22.0	10.0	0.3907373685296928	0.025690389344218224	0.6839459940110847	0.02066995158622236	0.6286150493880119	0.020379503682233267	0.573284104764939	0.020551384976168954
22.0	11.0	0.39730993727270875	0.017755419146131338	0.6897226494880395	0.015463357652200015	0.6340241901266827	0.01407997592525596	0.5783257307653257	0.013071914719219552
22.0	12.0	0.386312190724391	0.02217747513760375	0.682345863297395	0.015405885817238464	0.6253953889765761	0.017528515100178214	0.5684449146557574	0.020089566988756115
22.0	13.0	0.38532247958459126	0.03118222117935599	0.6792823573318691	0.024247552645202813	0.6241238922352285	0.02473423346959432	0.5689654271385879	0.02550251290274871
22.0	14.0	0.40304460350434856	0.0332011164793067	0.6920917709834383	0.025002590406562136	0.6379734971377157	0.026121685676730823	0.5838552232919931	0.027443708019076706
22.0	15.0	0.3959399901742454	0.022864557418841344	0.6880687449504711	0.017678119788787007	0.6327976760298358	0.017991689657256428	0.5775266071092008	0.018827586675880015
22.0	16.0	0.39682235096321006	0.025198079918452937	0.6857493371287908	0.01954285164314918	0.6330982508314326	0.02000276944881771	0.5804471645340743	0.020795552811397867
22.0	17.0	0.38847841556506246	0.012348375084313927	0.6793706332341678	0.009890638834930243	0.6266927383633524	0.009795386159808184	0.574014843492537	0.010202195955860825
22.0	18.0	0.40638820588328867	0.04011199782667617	0.6951617811279325	0.03411442000285959	0.6407211863414172	0.03163182020220496	0.5862805915549019	0.02914922040155025
22.0	19.0	0.39127197738224967	0.05225869080322329	0.681220270922577	0.03970029175023157	0.6283235768351073	0.04136661848748078	0.5754268827476378	0.04303294522472991
22.0	20.0	NaN	NaN	NaN	NaN	NaN	NaN	NaN	NaN
23.0	1.0	0.41041545230968923	0.02908006129095326	0.7002339517275603	0.02025608186404511	0.644203814365356	0.022132581532841002	0.5881736770031516	0.024038098655241247
23.0	2.0	0.43357366500322225	0.02041512846105135	0.717585371698506	0.015895228690352307	0.6620009325666042	0.015380594464011908	0.6064164934347024	0.014959664058763264
23.0	3.0	0.40359484255140793	0.016064303222497873	0.693704635599591	0.012764554217544641	0.6388935483683249	0.01253049593433857	0.5840824611370589	0.012342662805521943
23.0	4.0	0.3928796160227764	0.0434344643197525	0.6890530809944551	0.03252074540067111	0.6304505901574605	0.0346079777726149	0.5718480993204661	0.037117864418842496
23.0	5.0	0.39765840539282965	0.02113974160302866	0.6885393094836623	0.01859917307540129	0.6341195493676285	0.016906944269271706	0.5796997892515948	0.01579778181423425
23.0	6.0	0.4043571847371897	0.008806672334569516	0.6970371814777844	0.008967246183297686	0.6398700032494883	0.007117204081598815	0.582702825021192	0.00531361469876486
23.0	7.0	0.38127508688005607	0.03312907219074455	0.6784962841644783	0.023417553829204726	0.6212395907570313	0.026532966948584015	0.5639828973495845	0.029660529331191034
23.0	8.0	0.35876530997706446	0.009735108126671145	0.659504213771177	0.011312154132617843	0.6030766244114408	0.008458663143200202	0.5466490350517047	0.00564081391799806
23.0	9.0	0.4079974223331971	0.020008141233852694	0.6989590415620784	0.017368828737914767	0.6425076261110457	0.01571222339279731	0.5860562106600131	0.014126140443664458
23.0	10.0	0.40643961470643664	0.036775180352667275	0.6946260785094228	0.02615275850647673	0.6406742521962365	0.02815918364047416	0.5867224258830503	0.03017169738701193
23.0	11.0	0.4071198997163645	0.010469015515239018	0.6974236674337536	0.009184359431728318	0.6418024330293337	0.00824670413285103	0.586181198624914	0.00743227024868585
23.0	12.0	0.3996199232646362	0.046004087242823725	0.6908644913103826	0.03473259910119105	0.6352748375042946	0.036476429110320535	0.5796851836982063	0.03846052350344864
23.0	13.0	0.39384080003529903	0.012326831422725826	0.6845017447375534	0.013148890425754324	0.6310648734203874	0.010193733400548825	0.5776280021032214	0.007309169266837607
23.0	14.0	0.3862696872140113	0.012576947919886314	0.6790452499409162	0.011332329499051629	0.6251024106952928	0.010144363003428847	0.5711595714496696	0.009361277455475063
23.0	15.0	0.41181274285647085	0.03510080167037102	0.7005861239772013	0.031189438104016087	0.6450874826311042	0.02755373633468343	0.5895888412850071	0.024111206388548904
23.0	16.0	NaN	NaN	NaN	NaN	NaN	NaN	NaN	NaN
24.0	1.0	NaN	NaN	NaN	NaN	NaN	NaN	NaN	NaN
24.0	2.0	NaN	NaN	NaN	NaN	NaN	NaN	NaN	NaN
24.0	3.0	NaN	NaN	NaN	NaN	NaN	NaN	NaN	NaN
24.0	4.0	NaN	NaN	NaN	NaN	NaN	NaN	NaN	NaN
24.0	5.0	NaN	NaN	NaN	NaN	NaN	NaN	NaN	NaN
24.0	6.0	NaN	NaN	NaN	NaN	NaN	NaN	NaN	NaN
24.0	7.0	NaN	NaN	NaN	NaN	NaN	NaN	NaN	NaN
24.0	8.0	NaN	NaN	NaN	NaN	NaN	NaN	NaN	NaN
24.0	9.0	NaN	NaN	NaN	NaN	NaN	NaN	NaN	NaN
24.0	10.0	NaN	NaN	NaN	NaN	NaN	NaN	NaN	NaN
24.0	11.0	NaN	NaN	NaN	NaN	NaN	NaN	NaN	NaN
24.0	12.0	NaN	NaN	NaN	NaN	NaN	NaN	NaN	NaN
24.0	13.0	NaN	NaN	NaN	NaN	NaN	NaN	NaN	NaN
24.0	14.0	NaN	NaN	NaN	NaN	NaN	NaN	NaN	NaN
24.0	15.0	NaN	NaN	NaN	NaN	NaN	NaN	NaN	NaN
24.0	16.0	NaN	NaN	NaN	NaN	NaN	NaN	NaN	NaN
24.0	17.0	NaN	NaN	NaN	NaN	NaN	NaN	NaN	NaN
24.0	18.0	NaN	NaN	NaN	NaN	NaN	NaN	NaN	NaN
24.0	19.0	NaN	NaN	NaN	NaN	NaN	NaN	NaN	NaN
