# REJUVENATION INDEX IN LINEAGE
# original file "wt_decCap_highRe_3gen_perturbed.txt" 
# mother	daughter	rejMean	rejStd
0.0	0.0	0.0	0.0
0.0	1.0	0.07314000000000001	0.13012353275936592
0.0	2.0	0.118	0.15320911635191078
0.0	3.0	0.07881	0.15960164612072283
0.0	4.0	0.09558	0.15690287724859892
0.0	5.0	0.06743	0.10188483749366788
0.0	6.0	0.05066000000000002	0.1768103767693891
0.0	7.0	0.03942	0.10284693913232854
0.0	8.0	0.06182999999999998	0.19005958743977577
0.0	9.0	0.05620000000000001	0.1242780216557484
0.0	10.0	0.005640000000000002	0.12829168328461515
0.0	11.0	0.08441000000000001	0.1638594618025527
0.0	12.0	0.011309999999999995	0.19431079600589476
0.0	13.0	-0.028100000000000003	0.11619436781148694
0.0	14.0	0.03371999999999999	0.09631201378851964
0.0	15.0	0.005690000000000001	0.10080295906150549
0.0	16.0	-0.04915	0.0632902836144696
0.0	17.0	-0.05611666666666667	0.11232003234804852
0.0	18.0	2.0000000000000574e-5	0.0688714890212198
0.0	19.0	-0.1124	0.07962022356160524
1.0	1.0	0.01054475138121547	0.1514504063952915
1.0	2.0	0.008375690607734805	0.15927782493769033
1.0	3.0	-0.00031381215469613287	0.13269355329458282
1.0	4.0	-0.01958176795580111	0.1580880663468986
1.0	5.0	-0.02144419889502763	0.15055850923236233
1.0	6.0	-0.02052707182320442	0.1421323908925147
1.0	7.0	-0.01835801104972376	0.15376690622287825
1.0	8.0	-0.029811049723756908	0.16204573664899113
1.0	9.0	-0.02455193370165746	0.14152638175390175
1.0	10.0	-0.050656353591160226	0.1347834342193549
1.0	11.0	-0.04506022099447514	0.14423402383301245
1.0	12.0	-0.04224475138121547	0.1434857381126898
1.0	13.0	-0.04660883977900551	0.15708756273451005
1.0	14.0	-0.05748674033149172	0.13972810717359457
1.0	15.0	-0.06059116022099448	0.1482269068739687
1.0	16.0	-0.07739831460674158	0.13849729136216898
1.0	17.0	-0.09697243589743589	0.14003410716965464
1.0	18.0	-0.13703361344537815	0.12330076310629659
1.0	19.0	-0.1686766233766234	0.11857603367515968
1.0	20.0	-0.23410232558139535	0.14201853247337642
1.0	21.0	-0.2724031250000001	0.11168025639001151
1.0	22.0	-0.3657285714285714	0.11869314949171977
1.0	23.0	-0.38116666666666665	0.08344155139976725
1.0	24.0	-0.42750000000000005	0.031181484890877163
2.0	1.0	-0.005907734806629831	0.14290289339212273
2.0	2.0	-0.0186524861878453	0.13871959068929937
2.0	3.0	-0.023309392265193376	0.152224614268104
2.0	4.0	-0.03418342541436465	0.14679197772275196
2.0	5.0	-0.037604972375690604	0.1476894900632341
2.0	6.0	-0.04782872928176794	0.13496545917397892
2.0	7.0	-0.04783314917127072	0.14053114722178878
2.0	8.0	-0.03726740331491713	0.15847338538693978
2.0	9.0	-0.05468508287292816	0.14974508320111804
2.0	10.0	-0.05625248618784531	0.1481374375253005
2.0	11.0	-0.0674121546961326	0.14567817523682636
2.0	12.0	-0.07268950276243093	0.14621769253896072
2.0	13.0	-0.05933259668508287	0.1339410230428875
2.0	14.0	-0.06494198895027625	0.1608475417020032
2.0	15.0	-0.07331270718232044	0.13502044126669366
2.0	16.0	-0.08933777777777778	0.13623559865689605
2.0	17.0	-0.09614201183431953	0.1483834301114606
2.0	18.0	-0.12751956521739127	0.12987952635513014
2.0	19.0	-0.18304148936170217	0.13142972889140275
2.0	20.0	-0.24900535714285713	0.11831830323272106
2.0	21.0	-0.2683057142857143	0.08839294935569421
2.0	22.0	-0.28859999999999997	0.12894354800232763
2.0	23.0	-0.4027833333333333	0.1089690124148451
2.0	24.0	NaN	NaN
3.0	1.0	0.02546961325966851	0.15229026420463085
3.0	2.0	0.012719337016574586	0.15000790501985853
3.0	3.0	0.014594475138121546	0.15585107090629713
3.0	4.0	0.00434806629834254	0.14568136180306518
3.0	5.0	0.003728176795580107	0.1512468979718325
3.0	6.0	-0.007763535911602209	0.15608914616933592
3.0	7.0	-0.01925635359116022	0.14925780019061297
3.0	8.0	-0.01833314917127072	0.16359445353789034
3.0	9.0	-0.0046530386740331504	0.14049018808816685
3.0	10.0	-0.03819779005524862	0.15497943446212512
3.0	11.0	-0.025779005524861877	0.14314969011145476
3.0	12.0	-0.025481767955801104	0.1478280714928711
3.0	13.0	-0.03263756906077348	0.15305857020780544
3.0	14.0	-0.042867403314917125	0.1371275164395769
3.0	15.0	-0.039748066298342544	0.15755864149620266
3.0	16.0	-0.0608450292397661	0.14098264731091292
3.0	17.0	-0.08252756410256411	0.1346336786575589
3.0	18.0	-0.14856422018348628	0.13525802264351106
3.0	19.0	-0.17285074626865674	0.12845597096557002
3.0	20.0	-0.25614166666666666	0.13341084422618296
3.0	21.0	-0.27578571428571436	0.14653124678959872
3.0	22.0	-0.35277272727272724	0.1285538726830825
3.0	23.0	-0.4177571428571428	0.07837241983297562
3.0	24.0	-0.47795	0.039668690424565306
3.0	25.0	-0.5342	0.11935962466428926
3.0	26.0	NaN	NaN
3.0	27.0	NaN	NaN
4.0	1.0	0.0049464088397790035	0.14383387505046202
4.0	2.0	0.004333701657458561	0.14115270620501538
4.0	3.0	0.008684530386740334	0.15245433117066534
4.0	4.0	-0.0024911602209944732	0.15023798021539683
4.0	5.0	-0.0037309392265193384	0.15205060354186792
4.0	6.0	-0.03170110497237569	0.14723469699351527
4.0	7.0	-0.029221546961325964	0.14973661924946843
4.0	8.0	-0.0351	0.13787054878480112
4.0	9.0	-0.017727624309392266	0.1511234319260336
4.0	10.0	-0.020811049723756907	0.1502659708261867
4.0	11.0	-0.035096685082872926	0.15214314053276443
4.0	12.0	-0.03138674033149172	0.15193322232292267
4.0	13.0	-0.05251436464088397	0.1534490498622323
4.0	14.0	-0.05962707182320443	0.1323897952039957
4.0	15.0	-0.05465138121546961	0.13961875216608613
4.0	16.0	-0.07506994219653179	0.13681088253369247
4.0	17.0	-0.10865503355704699	0.12495903081920848
4.0	18.0	-0.1308508620689655	0.10159408361384699
4.0	19.0	-0.17144074074074073	0.11309427127155666
4.0	20.0	-0.19620408163265304	0.09947273906114444
4.0	21.0	-0.2908826086956522	0.0807049939435648
4.0	22.0	-0.25290999999999997	0.07120815262313719
4.0	23.0	-0.37934999999999997	0.14758946439363482
4.0	24.0	NaN	NaN
4.0	25.0	NaN	NaN
5.0	1.0	0.013651381215469613	0.1741303329271034
5.0	2.0	0.01025414364640884	0.1434834862622073
5.0	3.0	0.011811049723756904	0.14454447792789427
5.0	4.0	-0.0015502762430939245	0.1578828678427669
5.0	5.0	-0.0027900552486187858	0.15085489536673324
5.0	6.0	-0.003437016574585637	0.15856512860982305
5.0	7.0	-0.015534254143646406	0.14813153028501225
5.0	8.0	-0.01614033149171271	0.15008887988233485
5.0	9.0	-0.022661878453038672	0.15160275149513697
5.0	10.0	-0.025773480662983437	0.15375653143682824
5.0	11.0	-0.021739779005524863	0.14749303662642593
5.0	12.0	-0.03414475138121546	0.15227038209699753
5.0	13.0	-0.02950718232044199	0.14090580345794027
5.0	14.0	-0.053716574585635356	0.14690918945382256
5.0	15.0	-0.03358491620111732	0.14673323285859066
5.0	16.0	-0.06633139534883721	0.14160116443307186
5.0	17.0	-0.08781895424836601	0.13396944258399984
5.0	18.0	-0.12995871559633027	0.1299496706072302
5.0	19.0	-0.16540285714285716	0.12096202418968631
5.0	20.0	-0.21461818181818185	0.1340064008758056
5.0	21.0	-0.29968000000000006	0.17847385242662298
5.0	22.0	-0.34951111111111105	0.1340505356614106
5.0	23.0	-0.4400000000000001	0.12018890131788376
5.0	24.0	-0.47740000000000005	0.2783172290750251
5.0	25.0	NaN	NaN
5.0	26.0	NaN	NaN
5.0	27.0	NaN	NaN
5.0	28.0	NaN	NaN
6.0	1.0	0.020823756906077347	0.13768141058749653
6.0	2.0	0.0071596685082872934	0.16205694979063703
6.0	3.0	-0.0009381215469613257	0.14641383486089707
6.0	4.0	-0.013053038674033152	0.14273506403334835
6.0	5.0	0.0021723756906077336	0.1427511778873072
6.0	6.0	-0.00868950276243094	0.14586652898483846
6.0	7.0	-0.015504972375690608	0.1468556397268507
6.0	8.0	-0.014896132596685084	0.15458576525118162
6.0	9.0	-0.022975690607734807	0.14403397888150238
6.0	10.0	-0.021725414364640885	0.1508014412525793
6.0	11.0	-0.03447624309392265	0.13231823146081703
6.0	12.0	-0.027348066298342542	0.14997635131771062
6.0	13.0	-0.0360182320441989	0.14500608780006163
6.0	14.0	-0.029504419889502757	0.14866947823320636
6.0	15.0	-0.04407292817679557	0.14396662802631394
6.0	16.0	-0.06400231213872834	0.1266012302714742
6.0	17.0	-0.09084172185430464	0.1371825014874302
6.0	18.0	-0.12277017543859649	0.13092010394090797
6.0	19.0	-0.18442499999999995	0.14111053530691173
6.0	20.0	-0.21841714285714284	0.13613188563196457
6.0	21.0	-0.34085	0.12565919518019097
6.0	22.0	-0.35977	0.13040290598329812
6.0	23.0	-0.40746250000000006	0.1436850020754726
6.0	24.0	-0.4834199999999999	0.11663645227800784
6.0	25.0	-0.435675	0.095810137772576
6.0	26.0	NaN	NaN
7.0	1.0	0.04596629834254143	0.14868221302159645
7.0	2.0	0.03479116022099448	0.1363401376838325
7.0	3.0	0.019559668508287293	0.15307110140897323
7.0	4.0	0.014582872928176796	0.148781695725017
7.0	5.0	0.0121060773480663	0.14271791064339542
7.0	6.0	0.026707182320441992	0.15101507541859271
7.0	7.0	0.009014364640883978	0.1528396883929901
7.0	8.0	-0.012106077348066298	0.15053464686677648
7.0	9.0	-0.004033701657458565	0.14427839956178645
7.0	10.0	-0.0040403314917127	0.17166562808067884
7.0	11.0	0.00682707182320442	0.15357576663125647
7.0	12.0	-0.0006303867403314911	0.13818108495080986
7.0	13.0	-0.017387845303867406	0.14442945362239942
7.0	14.0	-0.020479558011049726	0.14085301863141358
7.0	15.0	-0.02573389830508476	0.14092505214350176
7.0	16.0	-0.061367682926829266	0.13484767545258736
7.0	17.0	-0.07823846153846153	0.12865280109116314
7.0	18.0	-0.13021224489795918	0.10388750286044313
7.0	19.0	-0.1847095238095238	0.101671675432509
7.0	20.0	-0.19346764705882352	0.11679961789214227
7.0	21.0	-0.2705625	0.09675070283982437
7.0	22.0	-0.25301666666666667	0.1219267061257158
7.0	23.0	-0.28085	0.23836569593798518
8.0	1.0	0.05310055248618785	0.15928488820601966
8.0	2.0	0.03136022099447513	0.14911910514736496
8.0	3.0	0.022664088397790053	0.15785202804762344
8.0	4.0	0.018951381215469614	0.1522789212113872
8.0	5.0	0.013665193370165748	0.16439982851299234
8.0	6.0	0.005595580110497238	0.14211435333843128
8.0	7.0	0.01179502762430939	0.1445568013220805
8.0	8.0	0.0002999999999999979	0.15458593510838342
8.0	9.0	0.00465303867403315	0.15013055930734884
8.0	10.0	-0.0034182320441988948	0.1467233384797209
8.0	11.0	-0.015514917127071827	0.14493192941906205
8.0	12.0	-0.016451381215469612	0.13880693971113453
8.0	13.0	-0.03352762430939226	0.14417177528286745
8.0	14.0	-0.018639226519337016	0.13435606613877651
8.0	15.0	-0.0344376404494382	0.1405178770581599
8.0	16.0	-0.0447078313253012	0.13394989202930432
8.0	17.0	-0.09981521739130435	0.1186219148043489
8.0	18.0	-0.14401460674157304	0.1287372981824207
8.0	19.0	-0.1848457627118644	0.10072846278234593
8.0	20.0	-0.23671315789473688	0.10312192513627853
8.0	21.0	-0.2606181818181818	0.12083170364627241
8.0	22.0	-0.35590000000000005	0.057727393843824276
8.0	23.0	NaN	NaN
9.0	1.0	0.050289502762430945	0.14361241570543745
9.0	2.0	0.05932375690607736	0.16925424051548577
9.0	3.0	0.014272375690607735	0.14310350531226715
9.0	4.0	0.035724861878453036	0.13823070084547362
9.0	5.0	0.03477016574585635	0.13874690705051224
9.0	6.0	0.021087845303867404	0.1513945924702081
9.0	7.0	0.007439779005524861	0.1421309953996109
9.0	8.0	0.009619337016574586	0.15056905728897735
9.0	9.0	0.014266298342541438	0.14392708000195195
9.0	10.0	0.0062060773480663	0.15651748435016805
9.0	11.0	-0.0009408839779005532	0.1330728150186657
9.0	12.0	-0.013371270718232044	0.14419462986239842
9.0	13.0	0.005875690607734808	0.16136372463472898
9.0	14.0	-0.010947222222222223	0.14666584543002686
9.0	15.0	-0.015786516853932585	0.13990134755897135
9.0	16.0	-0.05212303030303031	0.1326583437771183
9.0	17.0	-0.06459432624113474	0.11848335613859119
9.0	18.0	-0.11119333333333334	0.13616919069445196
9.0	19.0	-0.185514	0.12085980241923419
9.0	20.0	-0.23019047619047617	0.1079332659783901
9.0	21.0	-0.34242727272727275	0.09554291277650155
9.0	22.0	-0.32798333333333335	0.042213903712718485
9.0	23.0	-0.30920000000000003	0.14855286376685353
9.0	24.0	-0.39346666666666663	0.05615125406732546
10.0	1.0	0.03820276243093924	0.15859676486504987
10.0	2.0	0.03572154696132597	0.1507846062354961
10.0	3.0	0.022376243093922648	0.1539554536554379
10.0	4.0	0.015850828729281768	0.1596149956818958
10.0	5.0	0.013993370165745858	0.1489638172332127
10.0	6.0	0.010881215469613261	0.15035631524505375
10.0	7.0	-0.008375138121546962	0.1525874546707477
10.0	8.0	-0.01801767955801105	0.1600832353535257
10.0	9.0	-0.004343093922651934	0.15796730857060623
10.0	10.0	-0.014602209944751384	0.1581984235613972
10.0	11.0	-0.016149723756906077	0.16643929678357858
10.0	12.0	-0.019574033149171274	0.15643481688258462
10.0	13.0	-0.024225966850828735	0.15616192536302756
10.0	14.0	-0.025463535911602216	0.16118928382041708
10.0	15.0	-0.05152888888888889	0.14482439549152207
10.0	16.0	-0.035047647058823524	0.15194013388295977
10.0	17.0	-0.08766013986013986	0.13253811789728623
10.0	18.0	-0.11711874999999998	0.15877232246704379
10.0	19.0	-0.16239841269841265	0.1727033625875673
10.0	20.0	-0.24988148148148148	0.17411047120244144
10.0	21.0	-0.35026923076923083	0.19660677075750044
10.0	22.0	-0.4016428571428571	0.3124952738690238
10.0	23.0	-0.5248	0.27835667766374855
10.0	24.0	-0.6184666666666666	0.2986302284319746
10.0	25.0	NaN	NaN
10.0	26.0	NaN	NaN
10.0	27.0	NaN	NaN
10.0	28.0	NaN	NaN
10.0	29.0	NaN	NaN
10.0	30.0	NaN	NaN
10.0	31.0	NaN	NaN
10.0	32.0	NaN	NaN
10.0	33.0	NaN	NaN
10.0	34.0	NaN	NaN
10.0	35.0	NaN	NaN
11.0	1.0	0.06426850828729283	0.1509796540836111
11.0	2.0	0.03941270718232044	0.13992983084336474
11.0	3.0	0.04439005524861878	0.14096179943712583
11.0	4.0	0.027629281767955805	0.14606139985192357
11.0	5.0	0.01987292817679558	0.14082378502835194
11.0	6.0	0.0263889502762431	0.13491186872054564
11.0	7.0	0.022683977900552488	0.15153376051296127
11.0	8.0	0.010524309392265188	0.14319632042600883
11.0	9.0	0.010544198895027624	0.14702349068561268
11.0	10.0	0.009627624309392267	0.13392452521805068
11.0	11.0	-0.009958011049723756	0.1359093317228638
11.0	12.0	0.01799668508287293	0.13905408695921667
11.0	13.0	-0.010569060773480667	0.14254614236840277
11.0	14.0	-0.005292265193370165	0.1367664832473234
11.0	15.0	-0.02859887005649717	0.13706990294798682
11.0	16.0	-0.022147878787878786	0.15165286845528814
11.0	17.0	-0.07898091603053435	0.1313650000890085
11.0	18.0	-0.1052627906976744	0.11821070424956959
11.0	19.0	-0.1847357142857143	0.13160276114945416
11.0	20.0	-0.20918799999999999	0.1198725236796712
11.0	21.0	-0.2607090909090909	0.16158465554962487
11.0	22.0	-0.2904666666666667	0.10902116614064752
11.0	23.0	-0.32334999999999997	0.12469080425864076
11.0	24.0	NaN	NaN
11.0	25.0	NaN	NaN
12.0	1.0	0.0382	0.13767790995250068
12.0	2.0	0.029502762430939227	0.1528744166631695
12.0	3.0	0.0363232044198895	0.14314232626890847
12.0	4.0	0.006517127071823203	0.13864250744883558
12.0	5.0	0.029494475138121545	0.14113939237653475
12.0	6.0	0.004644198895027626	0.1433284639949798
12.0	7.0	0.019866850828729285	0.15739979177426883
12.0	8.0	0.018928729281767958	0.1499199425361515
12.0	9.0	0.0018580110497237548	0.13907294171053586
12.0	10.0	-0.003418784530386743	0.13863434270956973
12.0	11.0	-0.0040386740331491726	0.1482451361256035
12.0	12.0	0.001535911602209944	0.1431035261731595
12.0	13.0	-0.005609392265193373	0.15119305859347784
12.0	14.0	-0.024374444444444445	0.1350093450612941
12.0	15.0	-0.03945786516853933	0.1347906544646548
12.0	16.0	-0.03859939759036144	0.1308592176658555
12.0	17.0	-0.07016201550387594	0.1253080530344359
12.0	18.0	-0.12200106382978725	0.10831810231525789
12.0	19.0	-0.16030212765957447	0.1160582171928526
12.0	20.0	-0.22691071428571435	0.06582141573865812
12.0	21.0	-0.25878666666666666	0.13419355353191822
12.0	22.0	-0.26992	0.06160127433746806
12.0	23.0	-0.30915	0.11886464991745864
13.0	1.0	0.052805524861878464	0.14110157480960575
13.0	2.0	0.04349723756906078	0.15080582785339833
13.0	3.0	0.05965745856353592	0.1478170506333747
13.0	4.0	0.04784419889502764	0.15444086690037065
13.0	5.0	0.03944419889502763	0.15136406784836576
13.0	6.0	0.026102209944751383	0.1535680768171277
13.0	7.0	0.03199613259668508	0.1467168593526096
13.0	8.0	0.021140331491712707	0.14516580014245992
13.0	9.0	0.029827624309392262	0.14662954117015162
13.0	10.0	0.006543093922651935	0.14433089073890445
13.0	11.0	0.014291160220994473	0.1500088065166019
13.0	12.0	0.004347513812154698	0.1489887056006673
13.0	13.0	0.0164585635359116	0.14041138762038022
13.0	14.0	-0.0012198895027624307	0.129928112354439
13.0	15.0	0.00347247191011236	0.13834338786778533
13.0	16.0	-0.03338375000000001	0.12830983084024222
13.0	17.0	-0.06688181818181818	0.1259651856665166
13.0	18.0	-0.11447624999999999	0.12206810533546375
13.0	19.0	-0.16222727272727278	0.12721256951870674
13.0	20.0	-0.2477318181818182	0.10352307028991692
13.0	21.0	-0.22938333333333336	0.13223458379529598
13.0	22.0	-0.323125	0.0961703133335161
13.0	23.0	-0.33699999999999997	0.00042426406871192107
13.0	24.0	NaN	NaN
14.0	1.0	0.05217403314917126	0.14731781758338747
14.0	2.0	0.027646961325966855	0.13098177165011948
14.0	3.0	0.03540994475138122	0.14274043268385697
14.0	4.0	0.0204828729281768	0.145040075245623
14.0	5.0	0.03945193370165746	0.13667700879208303
14.0	6.0	0.029494475138121545	0.14984809557376463
14.0	7.0	0.020796685082872926	0.15086146179729581
14.0	8.0	0.01178950276243094	0.13129088379233952
14.0	9.0	0.008061878453038676	0.13104705912511236
14.0	10.0	0.009603867403314916	0.13560382752900324
14.0	11.0	0.02421823204419889	0.1504894509007609
14.0	12.0	0.007124309392265192	0.15208362781777285
14.0	13.0	-0.01397624309392265	0.1340785828419974
14.0	14.0	-0.017092817679558014	0.13384122518581035
14.0	15.0	-0.01715367231638418	0.12722507212776393
14.0	16.0	-0.03589156626506024	0.12488733026922456
14.0	17.0	-0.07385620437956204	0.12512944465944636
14.0	18.0	-0.134525	0.12736365057563248
14.0	19.0	-0.154036	0.10519634850495292
14.0	20.0	-0.21212727272727275	0.11758934670655527
14.0	21.0	-0.3271636363636364	0.0493255364436571
14.0	22.0	-0.32325000000000004	0.028036939918614508
14.0	23.0	NaN	NaN
15.0	1.0	0.05589832402234638	0.13301582886075025
15.0	2.0	0.05871284916201118	0.143751712846599
15.0	3.0	0.031093854748603354	0.14862993716089198
15.0	4.0	0.032654189944134084	0.14361247606983016
15.0	5.0	0.043012290502793295	0.1560473003946382
15.0	6.0	0.04269217877094972	0.15404245491426316
15.0	7.0	0.033286033519553074	0.15174910834167446
15.0	8.0	0.02574078212290502	0.12933453730909575
15.0	9.0	0.015387150837988825	0.13507255687403105
15.0	10.0	0.013824581005586596	0.14210084431197934
15.0	11.0	0.013814525139664803	0.15081669620851257
15.0	12.0	0.014445810055865921	0.13977559953986163
15.0	13.0	0.011297206703910618	0.14129401031786246
15.0	14.0	-0.008824157303370788	0.140612957711601
15.0	15.0	-0.01743625730994152	0.12542111078528909
15.0	16.0	-0.03279038461538462	0.12530106287881515
15.0	17.0	-0.030971186440677968	0.11492052110580556
15.0	18.0	-0.1159575	0.11640349376526246
15.0	19.0	-0.15694375	0.11300473517898414
15.0	20.0	-0.18216399999999996	0.1092302265858677
15.0	21.0	-0.29973333333333335	0.04601063645144095
15.0	22.0	-0.2809	0.15895760441073586
15.0	23.0	NaN	NaN
15.0	24.0	NaN	NaN
16.0	1.0	0.0838317365269461	0.1588842588857219
16.0	2.0	0.08889401197604789	0.14492640704131002
16.0	3.0	0.058911976047904206	0.13643586065465976
16.0	4.0	0.0632880239520958	0.14461670394712203
16.0	5.0	0.05318502994011976	0.15492108936866472
16.0	6.0	0.04207784431137725	0.13084582917385054
16.0	7.0	0.05082335329341319	0.13800418971556308
16.0	8.0	0.026947305389221556	0.1400394870364867
16.0	9.0	0.041063473053892206	0.14570268140493545
16.0	10.0	0.02895449101796407	0.13697771153959654
16.0	11.0	0.033663473053892216	0.14044982483541577
16.0	12.0	0.028621556886227546	0.13918579293228175
16.0	13.0	0.01693614457831325	0.12885840627397918
16.0	14.0	0.0031030674846625754	0.13192925452836077
16.0	15.0	0.001086538461538461	0.13732218394969778
16.0	16.0	-0.006035971223021582	0.13549650351507508
16.0	17.0	-0.07703148148148149	0.10911006844941962
16.0	18.0	-0.11786774193548391	0.12284447554475834
16.0	19.0	-0.17028235294117647	0.11616215017676731
16.0	20.0	-0.2281705882352941	0.0921507512496906
16.0	21.0	-0.25858	0.11677033869951735
16.0	22.0	-0.253	0.03945655839020935
16.0	23.0	-0.44975	0.000494974746830568
17.0	1.0	0.09424436090225563	0.15668291779681442
17.0	2.0	0.07901278195488722	0.1492129845543823
17.0	3.0	0.06972330827067671	0.14334853577970216
17.0	4.0	0.0655015037593985	0.13927513699724142
17.0	5.0	0.0650563909774436	0.1569786041941865
17.0	6.0	0.06676315789473683	0.15130011039356075
17.0	7.0	0.05071804511278196	0.11862271349431998
17.0	8.0	0.061700000000000005	0.1663423600817776
17.0	9.0	0.03929398496240601	0.11621087986892133
17.0	10.0	0.03209774436090226	0.1466556218979262
17.0	11.0	0.04394360902255639	0.13441133742843467
17.0	12.0	0.03506240601503761	0.13212988823072622
17.0	13.0	0.041830075187969926	0.14408456691111649
17.0	14.0	0.030647727272727278	0.13258347937216336
17.0	15.0	0.01689512195121951	0.12276795241407272
17.0	16.0	-0.031060952380952377	0.11135259702615322
17.0	17.0	-0.07082987012987013	0.09630175582502591
17.0	18.0	-0.09189423076923077	0.11027284950799254
17.0	19.0	-0.11247272727272728	0.11112866494815896
17.0	20.0	-0.2530875	0.09516044252434186
17.0	21.0	-0.21105000000000002	0.08463334646186062
17.0	22.0	-0.30935	0.11914749262993327
18.0	1.0	0.09052315789473686	0.14115370108625258
18.0	2.0	0.08461894736842103	0.1432111811386789
18.0	3.0	0.06686315789473686	0.1340737944253975
18.0	4.0	0.05798210526315789	0.13150928531164746
18.0	5.0	0.0597557894736842	0.13641811331951978
18.0	6.0	0.04496947368421052	0.12821606105925198
18.0	7.0	0.03433263157894737	0.12974778351905478
18.0	8.0	0.04732526315789473	0.14039105564073298
18.0	9.0	0.04852526315789473	0.16271891504195207
18.0	10.0	0.04203473684210527	0.15100548444909745
18.0	11.0	0.018939999999999995	0.14454924611768644
18.0	12.0	0.026624210526315792	0.12987460786973296
18.0	13.0	0.021910526315789474	0.13257533023111903
18.0	14.0	0.026672631578947375	0.1254099714740769
18.0	15.0	-0.0072655913978494635	0.13081366726114474
18.0	16.0	0.0007112499999999998	0.1328051260961152
18.0	17.0	-0.06438	0.11160802672581228
18.0	18.0	-0.09366060606060603	0.10946011813496828
18.0	19.0	-0.19322499999999998	0.08699095355265397
18.0	20.0	-0.2529625	0.0997328135928334
18.0	21.0	-0.30922499999999997	0.07277363877119242
18.0	22.0	NaN	NaN
19.0	1.0	0.08479491525423731	0.1632122950318439
19.0	2.0	0.10863559322033897	0.1606781627575509
19.0	3.0	0.048622033898305085	0.1685562129377908
19.0	4.0	0.04475593220338983	0.14151916925253044
19.0	5.0	0.04385254237288135	0.16343280424090384
19.0	6.0	0.06572711864406779	0.14990924131356886
19.0	7.0	0.023808474576271183	0.14473498646233968
19.0	8.0	0.040001694915254245	0.145076731768144
19.0	9.0	0.023822033898305086	0.14360285400558917
19.0	10.0	0.031433898305084744	0.15497133618185485
19.0	11.0	0.036179661016949166	0.15293567926741805
19.0	12.0	0.02286440677966102	0.14243189874548984
19.0	13.0	0.023810169491525417	0.13892686204707366
19.0	14.0	0.01548448275862069	0.12316667754204183
19.0	15.0	0.01633454545454546	0.13968506669857683
19.0	16.0	-0.011997872340425531	0.1496528976598293
19.0	17.0	-0.05782571428571428	0.12828340028981133
19.0	18.0	-0.11512857142857143	0.1250284773275958
19.0	19.0	-0.14064	0.15292114307707746
19.0	20.0	-0.20238	0.06406049484666819
19.0	21.0	-0.24731999999999998	0.09398399863806604
19.0	22.0	NaN	NaN
19.0	23.0	NaN	NaN
20.0	1.0	0.08179696969696969	0.13642143912534532
20.0	2.0	0.10056666666666667	0.15450456034262117
20.0	3.0	0.09032424242424242	0.1426637721845998
20.0	4.0	0.06131818181818181	0.1195905866240772
20.0	5.0	0.0698090909090909	0.12726171449918758
20.0	6.0	0.047706060606060606	0.13995801365810107
20.0	7.0	0.09713636363636365	0.15734529270481412
20.0	8.0	0.057966666666666666	0.15497329541461866
20.0	9.0	0.045981818181818186	0.1163094161454304
20.0	10.0	0.040896969696969696	0.13573740614889584
20.0	11.0	0.06304545454545456	0.13013178918626372
20.0	12.0	0.06473333333333334	0.11940411076117384
20.0	13.0	0.028927272727272732	0.12581409964886503
20.0	14.0	0.022190909090909094	0.14542414982482355
20.0	15.0	0.0158375	0.12794019205056512
20.0	16.0	-0.04048	0.14200099471482586
20.0	17.0	-0.09178421052631579	0.11731370225528688
20.0	18.0	-0.05113636363636364	0.10200936498897806
20.0	19.0	-0.05616666666666666	0.05615000742059909
20.0	20.0	-0.14055	0.03995153313703994
21.0	1.0	0.07185555555555556	0.16465301562848933
21.0	2.0	0.0562	0.15905752196648118
21.0	3.0	0.09369999999999999	0.15184395240625467
21.0	4.0	0.049961111111111116	0.15418516041698194
21.0	5.0	0.08117222222222223	0.23637609565007045
21.0	6.0	0.09058333333333334	0.16273702080711835
21.0	7.0	0.040605555555555554	0.1807991263390598
21.0	8.0	0.07813333333333333	0.15571275213183597
21.0	9.0	0.08748333333333334	0.17603392470503754
21.0	10.0	0.04370000000000001	0.2127442540870583
21.0	11.0	0.07187777777777778	0.19559309068620753
21.0	12.0	-0.0031277777777777797	0.16760370558010645
21.0	13.0	0.053116666666666666	0.18458157211570683
21.0	14.0	0.018750000000000003	0.1543874090035309
21.0	15.0	0.031606249999999995	0.21151079552826615
21.0	16.0	-0.010272727272727272	0.15261100282030185
21.0	17.0	-0.08444999999999998	0.19071623685465275
21.0	18.0	-0.18000000000000002	0.08334815534851386
21.0	19.0	-0.2439	0.06503898830701474
21.0	20.0	-0.30006666666666665	0.18062143652770932
21.0	21.0	NaN	NaN
21.0	22.0	NaN	NaN
21.0	23.0	NaN	NaN
22.0	1.0	0.05626363636363636	0.16504272945347986
22.0	2.0	0.13293636363636363	0.13376177535250697
22.0	3.0	0.07155454545454548	0.17988363663010798
22.0	4.0	0.06145454545454545	0.15612187779831732
22.0	5.0	0.08182727272727273	0.14956289707617387
22.0	6.0	0.05622727272727273	0.12329247414914742
22.0	7.0	0.09210909090909092	0.15979403902865372
22.0	8.0	0.025636363636363638	0.1732879007474398
22.0	9.0	0.05107272727272726	0.12434205315104853
22.0	10.0	0.07667272727272727	0.07657493181073152
22.0	11.0	0.06132727272727274	0.09221379604927987
22.0	12.0	0.010227272727272727	0.09677175301614714
22.0	13.0	0.06131818181818182	0.14982990234383667
22.0	14.0	0.035781818181818185	0.09506898356647996
22.0	15.0	0.04096363636363636	0.12605042858100304
22.0	16.0	0.056212500000000006	0.10412391570349518
22.0	17.0	0.011340000000000003	0.15100542374365233
22.0	18.0	-0.14065	0.1989091375477758
22.0	19.0	-0.0844	0.03973940110268397
22.0	20.0	NaN	NaN
23.0	1.0	0.18746666666666667	0.11722270826650157
23.0	2.0	0.11233333333333334	0.05600002976189686
23.0	3.0	0.22490000000000002	0.09742941034410503
23.0	4.0	0.1499	0.03247783859803482
23.0	5.0	0.20613333333333336	0.032159031909143855
23.0	6.0	0.11243333333333333	0.0002516611478423582
23.0	7.0	0.1124	0.05605060213771124
23.0	8.0	0.22490000000000002	0.19477019792565803
23.0	9.0	0.11236666666666667	0.1684002474265799
23.0	10.0	0.16876666666666665	0.09757240046925837
23.0	11.0	0.11243333333333333	0.0002516611478423582
23.0	12.0	0.15003333333333335	0.1415065487294964
23.0	13.0	0.18723333333333333	0.18025344194587056
23.0	14.0	0.11253333333333333	0.0976588108330904
23.0	15.0	-0.018900000000000004	0.12999042272413763
23.0	16.0	NaN	NaN
24.0	1.0	NaN	NaN
24.0	2.0	NaN	NaN
24.0	3.0	NaN	NaN
24.0	4.0	NaN	NaN
24.0	5.0	NaN	NaN
24.0	6.0	NaN	NaN
24.0	7.0	NaN	NaN
24.0	8.0	NaN	NaN
24.0	9.0	NaN	NaN
24.0	10.0	NaN	NaN
24.0	11.0	NaN	NaN
24.0	12.0	NaN	NaN
24.0	13.0	NaN	NaN
24.0	14.0	NaN	NaN
24.0	15.0	NaN	NaN
24.0	16.0	NaN	NaN
24.0	17.0	NaN	NaN
24.0	18.0	NaN	NaN
24.0	19.0	NaN	NaN
