# HEALTH SPAN IN LINEAGE
# original file "wt_unlimCap_highRe_3gen_perturbed.txt" 
# four measures for health with tau and eta: 
# product, weighted sum 0.1-0.9, 0.5-0.5, 0.9-0.1 
# mother	daughter	health	healthStd
0.0	0.0	0.09993574781199101	0.009157257050960757	0.37324791566765997	0.016373741786508092	0.32220449061900125	0.014837049482964215	0.2711610655703426	0.013502162770126992
0.0	1.0	0.1173993851950823	0.02106454841229402	0.40393153185217445	0.036353367998900696	0.3482833902550242	0.0326374679873027	0.29263524865787394	0.02898500848898986
0.0	2.0	0.10817361538807688	0.012930557451553474	0.3881551562268945	0.02206102898500929	0.33501974666326795	0.019841769008513564	0.2818843370996414	0.017642560150581
0.0	3.0	0.11117162514787768	0.012084550537072868	0.3940531553456406	0.02079873308032966	0.3398114546484939	0.018507913661517047	0.28556975395134715	0.016390689415399125
0.0	4.0	0.1030440463860653	0.02279573407523692	0.37830546798114295	0.039656106534338854	0.325906818012747	0.03565172297806016	0.27350816804435096	0.0317050383966073
0.0	5.0	0.1044546733135168	0.012242308384742948	0.3810596223960575	0.0221829189446744	0.3291528468566943	0.019382250978685248	0.2772460713173311	0.016757887731609154
0.0	6.0	0.10586920709571493	0.016822056684995857	0.3834140054693669	0.029188333722692302	0.33097144756404406	0.026628757262165785	0.27852888965872125	0.02420584989767809
0.0	7.0	0.098765955848312	0.01167425082409603	0.37065221318973984	0.021098904148279855	0.3200756514320152	0.018966501880429466	0.26949908967429054	0.01695911885933112
0.0	8.0	0.09401692743661284	0.014811729479789903	0.36086602733558093	0.02658494330753873	0.31186367640958673	0.024076439661052135	0.26286132548359264	0.021665349994393523
0.0	9.0	0.09986949730565597	0.020141389218762604	0.3715442548713743	0.03426230919455803	0.32096622685878995	0.03097682380094765	0.27038819884620546	0.02772111497111648
0.0	10.0	0.09589264823516565	0.011857553337734755	0.36458327838622007	0.021982920667167536	0.3152211734928472	0.01967392089166936	0.26585906859947445	0.017584049472017565
0.0	11.0	0.09299022406787175	0.013508592043362235	0.35911762513542084	0.023282801317889287	0.31033774482300835	0.021241908765634875	0.2615578645105959	0.0192601391246761
0.0	12.0	0.09827736752630072	0.013159893960155813	0.3679995854725566	0.025101851913224293	0.3188479937051095	0.021374889315128764	0.2696964019376624	0.017789549335319534
0.0	13.0	0.08968183152812717	0.011637922198690203	0.3514896739530139	0.02236175478237841	0.30459122690792645	0.019832773561696528	0.2576927798628391	0.017399361739303613
0.0	14.0	0.08768323636627445	0.012723350129390206	0.34894608321270526	0.024394418930900868	0.3013558030604301	0.021596294951282544	0.2537655229081549	0.018874772452969545
0.0	15.0	0.08683637997565022	0.012729326267927927	0.34631110777549273	0.02402973313447386	0.29969279377942454	0.02175262014849691	0.25307447978335634	0.019556680207176963
0.0	16.0	0.08166857867753094	0.019481924502561823	0.33593284859811495	0.039514097555164496	0.28981193843238745	0.035114798835105425	0.24369102826666014	0.03074219036412377
0.0	17.0	0.10467598688317639	0.0142633983752178	0.3783400808490642	0.02332102150639331	0.3288432613881781	0.021566891865896668	0.27934644192729197	0.019898922152124462
0.0	18.0	0.08013191890144813	0.019043410231571578	0.33035773602620316	0.03794160174842724	0.2867761488026949	0.03332451630725515	0.24319456157918679	0.028781759801024397
0.0	19.0	0.07502342055512472	0.02856311929553253	0.3196121009365207	0.06120724496198952	0.2766319332540321	0.05349808867189466	0.23365176557154363	0.045788932381799916
0.0	20.0	NaN	NaN	NaN	NaN	NaN	NaN	NaN	NaN
1.0	1.0	0.11776970642505037	0.018613526000578667	0.4054569375073715	0.031173302376094905	0.3492247093304502	0.027885654137572356	0.2929924811535289	0.024700836521247695
1.0	2.0	0.11619361551150406	0.018658071944275517	0.4023068963708517	0.030102862183755328	0.34682846912246584	0.027103811252074103	0.29135004187408003	0.024204921101261864
1.0	3.0	0.11248254893626819	0.01955086975693635	0.39559787898190385	0.03272541757950991	0.3410381629432737	0.02921598834078153	0.28647844690464364	0.025780486939490005
1.0	4.0	0.11181755277849538	0.019554829785585655	0.39401651891206974	0.03319617503812387	0.33990880085506814	0.029695453014468354	0.28580108279806654	0.02628907029433029
1.0	5.0	0.11096094263782494	0.02081982537144077	0.391763940717947	0.03527965430590586	0.33831677213271355	0.03156867858461369	0.2848696035474801	0.027937867974303275
1.0	6.0	0.10492491750076513	0.01820191763517166	0.38136194608899265	0.03254330952113541	0.32919389160642065	0.028932488812200022	0.27702583712384876	0.02541052475332577
1.0	7.0	0.10700073860256112	0.017672420002211885	0.3846292610843544	0.031087429649876788	0.3324258814670655	0.02785398424811659	0.2802225018497765	0.024708721040284636
1.0	8.0	0.1038626502765804	0.015571285057341438	0.37903541346531194	0.027758640163502074	0.32768722687726126	0.02494648931106389	0.2763390402892108	0.022223926997419426
1.0	9.0	0.10060559267377374	0.014944751123399318	0.37314463801228165	0.026577701429820445	0.32257854226830046	0.02371858860935579	0.2720124465243194	0.020947142395737424
1.0	10.0	0.09984974929262512	0.01688947547701191	0.3713675100934674	0.03022219427955122	0.32108837537655116	0.026935321597137542	0.27080924065963485	0.023721304900565364
1.0	11.0	0.09706948761461208	0.01523716111367266	0.36626350685933406	0.027912760759082916	0.3167175284651102	0.024826965982894363	0.26717155007088633	0.021830199053042416
1.0	12.0	0.09665385701241946	0.016048528416882566	0.3649654650343904	0.029218128000194434	0.3158558033013352	0.02606662574242781	0.26674614156828014	0.022996408782693607
1.0	13.0	0.0931370974142887	0.016892002097749523	0.358483268250276	0.03131402824330895	0.3099680078687716	0.027634248881984725	0.2614527474872672	0.02405396352757676
1.0	14.0	0.09409414251171044	0.018007376809274132	0.35971880703724507	0.033319894828925396	0.3113133593085293	0.029497517404383437	0.2629079115798137	0.02575853484823495
1.0	15.0	0.09058137560571711	0.016055837175820067	0.35271792151972925	0.030479043324499206	0.3055498992257272	0.02690381012673384	0.25838187693172493	0.023409732032658476
1.0	16.0	0.0911538123101824	0.01672803629014518	0.3540328730263537	0.03168856521806101	0.3064859975846293	0.02797110135191161	0.258939122142905	0.02434967595511496
1.0	17.0	0.08719390802934945	0.015122751738728341	0.3459748633806568	0.029634101367968426	0.2997721240529759	0.026295196118589065	0.25356938472529506	0.023038960943872096
1.0	18.0	0.08826962490530973	0.01479321025368965	0.34811331920555216	0.028459986760243652	0.30169993032033593	0.025273635003931365	0.25528654143511964	0.02220063514510852
1.0	19.0	0.08889355938707015	0.013626495409604951	0.34914495557354364	0.026006740248223737	0.3028772040555845	0.023003458122360192	0.2566094525376255	0.02006712478447681
1.0	20.0	0.08400022463447065	0.0159156718458915	0.3398616635405261	0.031812526776070285	0.2941618366155784	0.027941611822979252	0.24846200969063073	0.02417997969828975
1.0	21.0	0.08752092267567033	0.01648762228737077	0.34657530523501007	0.03273350523151023	0.30019281841394324	0.02893237379315726	0.25381033159287647	0.025201264137370043
1.0	22.0	0.08005801344284959	0.015091377234467919	0.33208959655356574	0.030257206643251135	0.2873164523876779	0.026731312366855838	0.2425433082217901	0.023269718128472932
1.0	23.0	0.0928994614059861	0.008473168772573697	0.35645631041917686	0.016418071037730367	0.3099934915725295	0.01441449423501172	0.26353067272588215	0.012555360372100022
1.0	24.0	0.08695522909548119	0.02171801323040401	0.344780630859181	0.04111774956952536	0.2989289540895064	0.036824583965301354	0.2530772773198319	0.03262458560846435
1.0	25.0	0.0683773210003896	0.010907777197560113	0.3065242689297223	0.023055663969532278	0.2659546779819446	0.020997415689455155	0.22538508703416701	0.01893916740937803
2.0	1.0	0.11708715554085311	0.0162233818182214	0.4042837551102734	0.026807015533712873	0.3484234711964358	0.02411562833737967	0.292563187282598	0.02152133097034039
2.0	2.0	0.11583809415076943	0.017800290421257223	0.4017491614386357	0.02952208811073059	0.34633998998803533	0.026553712590347108	0.2909308185374351	0.02368374915438966
2.0	3.0	0.11218849224146252	0.019731777081689855	0.39494853353641424	0.03284098799487565	0.34053940211370387	0.029537856112485942	0.28613027069099345	0.02632528081572477
2.0	4.0	0.11335094996491772	0.02064905303104203	0.39640590839056816	0.03418737367146122	0.34212265347189075	0.030596956344593525	0.2878393985532132	0.027094554619639225
2.0	5.0	0.10768343772309164	0.018779538071470443	0.38658702282678714	0.032428765882307406	0.3335708200636462	0.028868764642516594	0.28055461730050535	0.02539420482357175
2.0	6.0	0.10722521196138968	0.01666856684233655	0.385435927900299	0.02964134207651452	0.33295900170330983	0.026280693411624513	0.28048207550632076	0.02300124997597366
2.0	7.0	0.10510307421013063	0.016938621362729653	0.3814926838684268	0.03023805811597765	0.3295499083437282	0.027159114074628402	0.27760713281902955	0.02416365103218111
2.0	8.0	0.10202363675836641	0.015653827641782518	0.3761685351854604	0.027518465240765014	0.32487514315063143	0.02469414047150445	0.2735817511158025	0.021965697029618536
2.0	9.0	0.1002579031849533	0.015456989765270013	0.3725760498453428	0.028110984907668175	0.3219531118294921	0.025091949482679936	0.27133017381364155	0.022178772435924133
2.0	10.0	0.09894078818061952	0.01539658364793637	0.36986218649281627	0.02757894508103553	0.319803218606195	0.024554714259963674	0.2697442507195738	0.0216258136951559
2.0	11.0	0.0975089823820097	0.01489922444516608	0.36694066767628497	0.02686253852803596	0.31745570510067045	0.02399767527470712	0.267970742525056	0.021220071338249
2.0	12.0	0.09466176048400285	0.01649312704915732	0.3612431780936798	0.02974590597620372	0.3125416182153876	0.02660662886628259	0.2638400583370954	0.023553445440389908
2.0	13.0	0.09525479372259998	0.01781928930190891	0.36210449212345214	0.03202368639477295	0.31333386280035325	0.028616291914213995	0.26456323347725436	0.025287181979290602
2.0	14.0	0.09256383759864649	0.016011990933742844	0.3568506674828998	0.029783146011108947	0.3089956156847374	0.02626875818585518	0.26114056388657503	0.022843699953252784
2.0	15.0	0.09327582268573703	0.017774660021161882	0.357748086474259	0.03312645360388812	0.3098804374026204	0.029335868133649808	0.26201278833098196	0.025626129098841766
2.0	16.0	0.09143213520739014	0.01699406603667222	0.3539682001826572	0.03181262269837475	0.3068149886624581	0.028256270249699057	0.2596617771422589	0.024774478324181982
2.0	17.0	0.0897464216171276	0.016384747047249477	0.3509124657507428	0.03114844602918644	0.304041244926571	0.02768169171447336	0.2571700241023992	0.024309273056369665
2.0	18.0	0.08700702064995777	0.015144306619412733	0.34561291362020163	0.029679902258231767	0.2994519250637593	0.026313116101916917	0.253290936507317	0.023030433585155163
2.0	19.0	0.08584554162797114	0.016535468582499217	0.34337217336148385	0.032193547723932056	0.29729750329750193	0.028543320052316606	0.25122283323351996	0.024977874797207884
2.0	20.0	0.08477616367592139	0.011668071296447733	0.34161429807963145	0.022931314365915317	0.29602489263174525	0.020440479583775477	0.25043548718385894	0.018090847070266602
2.0	21.0	0.08529048369399314	0.012972976960470938	0.3419046316463165	0.024430579697461766	0.2967010703320954	0.022120900658146488	0.2514975090178743	0.01989876905742959
2.0	22.0	0.09239494836004607	0.014555957512994126	0.3561327891502963	0.02798604459130589	0.3088064488165848	0.02484492550167006	0.26148010848287345	0.02176328570830684
2.0	23.0	0.09073577720615093	0.017736950727730003	0.35136885108599364	0.033649343017372525	0.3055622041479169	0.029765858222016342	0.2597555572098401	0.025908756922856078
2.0	24.0	0.08730230434718649	0.01846247164879493	0.3458717158474341	0.037870395890815506	0.29987139974999094	0.03279121835849782	0.2538710836525478	0.0278580637335539
2.0	25.0	0.06564917357528789	0.014562140614870357	0.2996499852739629	0.03271622324568023	0.2601546882745767	0.028894110288106466	0.2206593912751905	0.0250719973305327
2.0	26.0	NaN	NaN	NaN	NaN	NaN	NaN	NaN	NaN
2.0	27.0	NaN	NaN	NaN	NaN	NaN	NaN	NaN	NaN
2.0	28.0	NaN	NaN	NaN	NaN	NaN	NaN	NaN	NaN
3.0	1.0	0.11987563347863568	0.018353433109746645	0.4084918082610658	0.029367546073296405	0.3523129446348613	0.026499115660773183	0.29613408100865685	0.02371014230103557
3.0	2.0	0.11301645983916163	0.01669284163816296	0.3970552972887947	0.027962158172545295	0.3422191724973204	0.02494397040591921	0.2873830477058462	0.022032236563311602
3.0	3.0	0.11192580380739614	0.021029101185884514	0.3941594870938071	0.03504539236256571	0.33995381568901156	0.03129604639861208	0.28574814428421597	0.02763763040276033
3.0	4.0	0.10894501614203227	0.019607534661921843	0.388898898761886	0.03364100994804242	0.3354594977150919	0.030044847983995218	0.28202009666829775	0.026533097579807333
3.0	5.0	0.1118606073354492	0.018640807620571787	0.393682045570776	0.031958552818562046	0.33997555870529395	0.0284839755522477	0.28626907183981204	0.025111226310728617
3.0	6.0	0.10704964431681527	0.01686965635761468	0.3852597548394131	0.029606617578439826	0.33270610471040213	0.026362829933477903	0.2801524545813911	0.02320317812518072
3.0	7.0	0.10607606723257959	0.01774853121199561	0.3829858309078824	0.03127964029311026	0.33097213585979374	0.028011997495292727	0.2789584408117051	0.0248212173552581
3.0	8.0	0.10274561509449281	0.015518537254124805	0.37725352589289	0.027560849552484386	0.3259835128026768	0.024640984236116662	0.2747134997124637	0.021808793814456707
3.0	9.0	0.10110427139555583	0.016534856390864355	0.3737751664857944	0.029779519111782282	0.323149313907706	0.026587260337148474	0.27252346132961774	0.02349535779422347
3.0	10.0	0.09641901741816393	0.016747401837719843	0.3651290288845326	0.03033411893096894	0.31552736027001166	0.027017682101345263	0.26592569165549074	0.02378329077292103
3.0	11.0	0.09583091688190792	0.01637823290295798	0.3637726373523076	0.029726062414713875	0.31454376376352544	0.026513194293584893	0.2653148901747432	0.02338732055240343
3.0	12.0	0.09504006750624427	0.019742556047651332	0.3617199035661133	0.03606236143589468	0.31273103942037983	0.03200301011638331	0.2637421752746465	0.028027492352842298
3.0	13.0	0.09412018274590432	0.017709196226066228	0.35994020465755366	0.032837690659122815	0.3114173121098578	0.029120264430555102	0.262894419562162	0.025490825910263387
3.0	14.0	0.09231488788066895	0.01669275507227456	0.35646483663247003	0.031167240042086052	0.30850389470029177	0.027597556556351575	0.2605429527681136	0.024112617369108337
3.0	15.0	0.09046434534506	0.018358922579855507	0.35236818828415073	0.034597096820709924	0.3050502675248007	0.03065818999001411	0.2577323467654506	0.026797807772279497
3.0	16.0	0.0894882636675252	0.01645105306379013	0.35035633911381703	0.03127916597009274	0.303584030875677	0.0277516191736136	0.25681172263753704	0.024298828644113
3.0	17.0	0.08653287914005349	0.016240978269473554	0.34465133241405194	0.030864868169633575	0.29852696381884114	0.02763862413575429	0.25240259522363045	0.024491879643938803
3.0	18.0	0.08751022271738325	0.01496165840086027	0.3466177510861626	0.028939026741351306	0.3003801653407666	0.025509791785297792	0.2541425795953705	0.022175505669742298
3.0	19.0	0.08568089598856468	0.013546102751951568	0.3430474854547668	0.02697427786885019	0.2973421416292115	0.02369796511179046	0.2516367978036564	0.020501801849572624
3.0	20.0	0.08526225322118162	0.014539663853136802	0.3422849448349001	0.02761124451613664	0.2965697648922963	0.02467847901152157	0.25085458494969265	0.021851028286388248
3.0	21.0	0.07898059123369995	0.012914699633569582	0.329937968043027	0.02789288083799272	0.2855157072632389	0.024405956799610124	0.24109344648345088	0.02101890528860106
3.0	22.0	0.07995540842394833	0.015944972198979432	0.33243683219851805	0.03191834768702862	0.28716289742643486	0.028785127130098485	0.2418889626543517	0.025695124418170158
3.0	23.0	0.10243121912616837	0.01074180524798881	0.3751481015798182	0.01747770543827246	0.3257405078990909	0.016677849072707484	0.2763329142183636	0.015877992707142505
3.0	24.0	NaN	NaN	NaN	NaN	NaN	NaN	NaN	NaN
3.0	25.0	NaN	NaN	NaN	NaN	NaN	NaN	NaN	NaN
3.0	26.0	NaN	NaN	NaN	NaN	NaN	NaN	NaN	NaN
3.0	27.0	NaN	NaN	NaN	NaN	NaN	NaN	NaN	NaN
3.0	28.0	NaN	NaN	NaN	NaN	NaN	NaN	NaN	NaN
3.0	29.0	NaN	NaN	NaN	NaN	NaN	NaN	NaN	NaN
3.0	30.0	NaN	NaN	NaN	NaN	NaN	NaN	NaN	NaN
3.0	31.0	NaN	NaN	NaN	NaN	NaN	NaN	NaN	NaN
3.0	32.0	NaN	NaN	NaN	NaN	NaN	NaN	NaN	NaN
3.0	33.0	NaN	NaN	NaN	NaN	NaN	NaN	NaN	NaN
3.0	34.0	NaN	NaN	NaN	NaN	NaN	NaN	NaN	NaN
3.0	35.0	NaN	NaN	NaN	NaN	NaN	NaN	NaN	NaN
3.0	36.0	NaN	NaN	NaN	NaN	NaN	NaN	NaN	NaN
3.0	37.0	NaN	NaN	NaN	NaN	NaN	NaN	NaN	NaN
3.0	38.0	NaN	NaN	NaN	NaN	NaN	NaN	NaN	NaN
3.0	39.0	NaN	NaN	NaN	NaN	NaN	NaN	NaN	NaN
3.0	40.0	NaN	NaN	NaN	NaN	NaN	NaN	NaN	NaN
4.0	1.0	0.11804572249867906	0.018185651631396127	0.4055499412428094	0.0296001880952468	0.3496190085327657	0.026826169885780616	0.2936880758227219	0.024144943044848096
4.0	2.0	0.11441208990152196	0.01776879300085505	0.3992567792385969	0.029317769613876044	0.34421689093216884	0.026142891756867667	0.2891770026257408	0.023072245705374486
4.0	3.0	0.11106296669847336	0.01904256216383655	0.39325459091609405	0.03221301734794942	0.3389395708882378	0.02864599345513145	0.28462455086038146	0.02517477291969464
4.0	4.0	0.11209379830219446	0.019129717036599738	0.3944891505775381	0.03230643003144184	0.34037590570430254	0.02896365810558721	0.28626266083106705	0.02570674492738174
4.0	5.0	0.10946832276880596	0.019312372496138156	0.38921330377403734	0.03269665976929531	0.3361914305152469	0.029355129837664015	0.2831695572564566	0.02609338013610323
4.0	6.0	0.10736941338603528	0.017628895493074653	0.38577226624088556	0.03110311681594397	0.33310695007971447	0.02773593207407094	0.2804416339185434	0.02448438968373843
4.0	7.0	0.10329496256422654	0.015398501694611514	0.3785598943418808	0.026991439344921674	0.32694313845046397	0.024185871200629833	0.27532638255904707	0.021481187004129827
4.0	8.0	0.10062938835306459	0.014691168650869009	0.3735569900852596	0.026545359487968455	0.32269139768215926	0.023697259299800478	0.27182580527905903	0.02095690646619491
4.0	9.0	0.09829475198576397	0.014619490748566506	0.36881847735116147	0.026674196465030157	0.3188241638394729	0.023866916012087232	0.2688298503277843	0.021149181004162826
4.0	10.0	0.09797990826970589	0.014677070585299828	0.368100202049167	0.026556279519091456	0.318296773508848	0.023696035137449667	0.2684933449685291	0.020927805666284903
4.0	11.0	0.09596736635285334	0.01556140937884367	0.3642339391702089	0.028896639646295765	0.3148717208905504	0.025582785960056472	0.2655095026108919	0.02236588035801173
4.0	12.0	0.09361978557091809	0.016383117516801562	0.35925435333675365	0.030017039039510026	0.31081405451268523	0.026569800496216305	0.26237375568861687	0.02320007333522488
4.0	13.0	0.09386198690864336	0.01649327134184278	0.35965140804469803	0.0308417078455717	0.31116002438082907	0.027258924812914004	0.2626686407169601	0.023769527494203704
4.0	14.0	0.09235765585176046	0.017103671557292317	0.3561779167870653	0.03192532394367811	0.30845220950491753	0.02831465980901412	0.2607265022227697	0.024783241087199592
4.0	15.0	0.09102746430284195	0.015296307395033865	0.35382407353551965	0.028796343297964707	0.30643997329609596	0.025564573084671395	0.25905587305667227	0.022424142708171904
4.0	16.0	0.0875657223524561	0.014760325111846198	0.3470852717878911	0.0290548106492444	0.3005393161770246	0.025565444788460505	0.25399336056615823	0.02216244952109513
4.0	17.0	0.0879284587395683	0.01510099101223885	0.34748196006912674	0.02898289208249846	0.3011003738203994	0.02560545341479113	0.25471878757167216	0.022321112491842862
4.0	18.0	0.09077765918812042	0.015730907879151854	0.3521807720957005	0.030284795713771687	0.3057361029363701	0.02662111237078874	0.25929143377703984	0.023057890863046545
4.0	19.0	0.08897032476638622	0.01565424091321619	0.3493240048466153	0.030098656620257923	0.30281040321867897	0.026491067079396878	0.2562968015907426	0.023035405069254923
4.0	20.0	0.08288569618203487	0.01847206176452376	0.33681705274817125	0.0365158995131665	0.2916935922715983	0.032472890089667444	0.24657013179502524	0.028482053026189804
4.0	21.0	0.09523529606297201	0.018670194548926825	0.360224133700147	0.034519610015116595	0.3128609543586682	0.030734380827434862	0.2654977750171893	0.027007709821037222
4.0	22.0	0.07922931628363358	0.01329270313785429	0.3300989616045683	0.02995002089690865	0.2858964434244771	0.025444468116928663	0.2416939252443859	0.021002109974180196
4.0	23.0	0.0837257999341684	0.012290307448265836	0.3398585796339225	0.025336051957139453	0.29428036684129155	0.022080462635523716	0.2487021540486607	0.019079291637112545
4.0	24.0	0.0959532137768263	0.018746667348173335	0.3634180228963319	0.03452623368506174	0.3147558474415101	0.030067306934234917	0.26609367198668826	0.02560849775322795
4.0	25.0	0.07561926923984832	0.013989404383166672	0.3220789889162105	0.027996144502463443	0.27951259163987596	0.02559580202625799	0.23694619436354147	0.023195459550052557
5.0	1.0	0.11907819886347834	0.017335155986741544	0.4073626493965345	0.02877438754089932	0.35123341413872067	0.025658842455956496	0.2951041788809068	0.022648294969918836
5.0	2.0	0.11222142838898001	0.017761822713542187	0.3955012569593716	0.029597938150785097	0.34088880173329406	0.02644497392091442	0.28627634650721656	0.023389683151233742
5.0	3.0	0.11361851185438636	0.019690321514946117	0.39715306834305936	0.032233021040865915	0.3427042449197785	0.028823759092146177	0.28825542149649763	0.02550277602141602
5.0	4.0	0.11189120536336042	0.019197548160455775	0.39396336628930034	0.03248525640136743	0.34002275524283926	0.029118670527802693	0.2860821441963781	0.0258415237753563
5.0	5.0	0.10753807616522669	0.018474445017172245	0.3862655961839619	0.03248746350052359	0.333323619441677	0.02898059885028659	0.2803816426993919	0.025553852426095952
5.0	6.0	0.10598478043939505	0.01643734587402487	0.38341493563768153	0.029579294821041987	0.3310583228404342	0.02630625091383692	0.2787017100431868	0.02312222448481914
5.0	7.0	0.10491901043883219	0.01603179741007806	0.3811114170614991	0.028139534036615163	0.32936719275217435	0.025280700960631407	0.2776229684428496	0.022509046401479937
5.0	8.0	0.10253119692915172	0.01471686543001555	0.37688809195808276	0.02676995229066865	0.3256995400408465	0.023783420258812214	0.2745109881236102	0.020903606390175605
5.0	9.0	0.0981380399701495	0.015312705253147976	0.3685335039517704	0.027842739645447073	0.3185127241529787	0.024856526006365492	0.26849194435418705	0.021968893392106753
5.0	10.0	0.09827878200373329	0.016770182895871632	0.3686578876293841	0.030202787211006037	0.3185889025547635	0.026867503008866662	0.2685199174801429	0.023630910638505354
5.0	11.0	0.0961366770527348	0.016232798648385192	0.36422871974721127	0.02987683268153434	0.31501802993918043	0.026605949202233616	0.26580734013114965	0.0234200527854021
5.0	12.0	0.0934533205152322	0.01727289187865522	0.3589222520387711	0.03156703702032343	0.3104320605367347	0.02804440405578291	0.2619418690346984	0.02461747815552495
5.0	13.0	0.09311265741586638	0.016958551167348814	0.3581525388722152	0.0309911946953882	0.30986624099142696	0.027636819881845985	0.2615799431106387	0.024371809411286038
5.0	14.0	0.09584235122752044	0.017083183910524196	0.36304485322599656	0.031083120269533127	0.3143338165148638	0.02772879887068794	0.2656227798037311	0.02445326987947197
5.0	15.0	0.09107340212539984	0.01719954448435154	0.3535203228423577	0.03223839823088429	0.3062362752311388	0.028554967155100225	0.25895222761992	0.024957673963196474
5.0	16.0	0.09024218250580707	0.01550023108312014	0.35233540353820775	0.029772882059999554	0.30508240143697946	0.02614600080517444	0.2578293993357514	0.02260212105401484
5.0	17.0	0.09008442190362434	0.01773172231899745	0.3512662528954728	0.03378245199276934	0.30439024054414715	0.02997229591255663	0.2575142281928215	0.02625234474937656
5.0	18.0	0.08780298674145151	0.01525870466477304	0.34718241668215793	0.029383301314048302	0.30085573564002704	0.02594250147629273	0.2545290545978964	0.02261474391291766
5.0	19.0	0.08550445726568129	0.014935412867564045	0.34231992276854895	0.02902115652866988	0.29683287284380555	0.02569610718678266	0.2513458229190622	0.022444713683158365
5.0	20.0	0.08256539290469553	0.016109002553645477	0.33626425944366395	0.03317786546969224	0.2914323364812833	0.02885891400837652	0.24660041351890263	0.024592128652389713
5.0	21.0	0.0859688832432153	0.01483873413658917	0.343062698286656	0.03059894422238397	0.29761421076407407	0.026434044097369734	0.2521657232414923	0.022317665935644108
5.0	22.0	0.08197814023503858	0.014158319617728444	0.3356553887704972	0.02961156907539917	0.2907661703123008	0.02618317302026439	0.24587695185410435	0.022822707857506366
5.0	23.0	0.08968587455193218	0.006512314674614201	0.3522260158941932	0.01315065555082092	0.30508612342701014	0.010982380851050954	0.257946230959827	0.009237512294233944
5.0	24.0	NaN	NaN	NaN	NaN	NaN	NaN	NaN	NaN
6.0	1.0	0.11597037094414217	0.01744486425326533	0.40203310375128115	0.029319281490972078	0.34656861244162124	0.026247693676796476	0.2911041211319613	0.02326290246810791
6.0	2.0	0.11560538681246675	0.019577568506699176	0.40080937158594354	0.0317802079960462	0.34575932030634443	0.028552334825579364	0.29070926902674543	0.025411842413637864
6.0	3.0	0.11143161974449038	0.02002352020690687	0.39339080294184325	0.03388543358736961	0.33931065495811896	0.030031575492556476	0.2852305069743948	0.02627822389975784
6.0	4.0	0.1096808097155027	0.01944089038721463	0.39000448005654365	0.033640341435388736	0.33656630873858123	0.0299290046563878	0.2831281374206188	0.026302842474096137
6.0	5.0	0.10882771134709315	0.019349392103813735	0.3882783034577744	0.03363297838635063	0.3352066922417751	0.029923693547239647	0.2821350810257757	0.026310744701687303
6.0	6.0	0.10721558624446256	0.01730896328175943	0.38548443306570623	0.030397495261187527	0.3328996783566576	0.02716553398792665	0.2803149236476091	0.024031957368993186
6.0	7.0	0.10320731995584091	0.01684978604589008	0.3777773783394076	0.0301856106804569	0.32651139013120445	0.02696920795994191	0.2752454019230015	0.023834053350559846
6.0	8.0	0.10193464785437668	0.015804252120786233	0.3752343995630639	0.028179484971461603	0.32454784445510404	0.025254918599511223	0.27386128934714427	0.02242678089712376
6.0	9.0	0.09892221777214817	0.01655425353742956	0.369954730304763	0.029958568236326096	0.3196614697310906	0.026719396508430433	0.2693682091574183	0.023553195623754197
6.0	10.0	0.09602682921296515	0.014353900805073514	0.36445062685551105	0.02655258937835019	0.31511014626105965	0.023589395520123912	0.2657696656666083	0.02073212196316425
6.0	11.0	0.09557787027171176	0.016041691348026417	0.3633660177310589	0.029115021406621793	0.3141902437288047	0.025796179559652292	0.26501446972655057	0.022583709789786768
6.0	12.0	0.09337769958233814	0.016958287689219358	0.35867419206583234	0.031006551682636645	0.31032169561037154	0.027513933989734726	0.26196919915491074	0.024091424327088332
6.0	13.0	0.09196121968517076	0.01730229102906485	0.35589209432593105	0.03213460559106425	0.30786935516441954	0.028458018142103008	0.25984661600290804	0.024865437768160376
6.0	14.0	0.09413946909710666	0.016587691279670753	0.3596346473711277	0.030323291628549083	0.3115289294212981	0.02700401552604058	0.2634232114714685	0.023763656889815726
6.0	15.0	0.09097738137084503	0.016640294458581624	0.35366173596874334	0.03172355677432253	0.30616996563148735	0.02810728562227745	0.25867819529423147	0.02458362457142217
6.0	16.0	0.09040226589614991	0.0157507380159309	0.352393610745775	0.030248026579009515	0.30525580260517504	0.026821098547062643	0.25811799446457506	0.023483769975625065
6.0	17.0	0.08795359575828282	0.016845722897746468	0.34717312155442853	0.03259872966678241	0.3008389883549738	0.028904422322404914	0.2545048551555192	0.025289541486171244
6.0	18.0	0.08683902131804407	0.01629533328275824	0.3449394583101807	0.031749969839591406	0.29898487408483704	0.0279816759464898	0.2530302898594934	0.024297091205923993
6.0	19.0	0.08361370249467634	0.014963535701473043	0.338433342539924	0.030314173684225475	0.293435909775178	0.026700290788325042	0.248438477010432	0.023199303043051525
6.0	20.0	0.08213326954951658	0.011208265563086338	0.3357862265880635	0.022532843720263287	0.29130851304215577	0.01989630076796848	0.24683079949624798	0.017341113927842065
6.0	21.0	0.08281527538742406	0.013693191496082849	0.33764142309923323	0.02687228759152796	0.2924415578111038	0.023744592793240635	0.2472416925229744	0.02069122697007141
6.0	22.0	0.0735350222807346	0.010512071428287143	0.3176902616908231	0.020983489854996044	0.2757578100021032	0.019124526848299392	0.23382535831338336	0.017276015798671673
6.0	23.0	0.08399217529774727	0.026722639296698852	0.33749278112953285	0.05008002893333695	0.293233136416895	0.046427034709026684	0.2489734917042572	0.042774040484716405
7.0	1.0	0.11658354613759123	0.016288575084188135	0.40320175042099726	0.027037959750379436	0.3476233285131433	0.02422961310672149	0.29204490660528937	0.021525297943157978
7.0	2.0	0.1153313471658713	0.018271030499361487	0.4003399839737351	0.02991129056840436	0.34546338222851874	0.026734665891510512	0.29058678048330233	0.023647872827110544
7.0	3.0	0.11018596963305861	0.01938530751680128	0.3913000825814255	0.033163315347111345	0.33745180040199296	0.02952851502129159	0.28360351822256047	0.02598299930567523
7.0	4.0	0.11107363016048338	0.020772568463786813	0.3923251591249122	0.035164865482639945	0.3385631933925782	0.03153135039587703	0.28480122766024407	0.027976016986888178
7.0	5.0	0.1087150829455581	0.01882198597722039	0.3878944667176243	0.03273148219485032	0.33504337328316247	0.029206012414291976	0.28219227984870066	0.0257670765371059
7.0	6.0	0.10760108943848376	0.0178817256161897	0.38586652569191293	0.03135926621550832	0.3333777098365729	0.028104572522167987	0.28088889398123285	0.024948031098812124
7.0	7.0	0.10144824946263001	0.016265273526801197	0.37514243792623536	0.029575543826142688	0.3238577276847062	0.0264047192885313	0.27257301744317713	0.02333632317878614
7.0	8.0	0.10025569840178469	0.01738759770007031	0.37239192883602745	0.031179866948086526	0.3217410651611381	0.027795947258609923	0.27109020148624874	0.024504430839739008
7.0	9.0	0.09934507827627036	0.015118820099142047	0.37093510910396255	0.026655390978323625	0.3205553942855436	0.02393618763015016	0.27017567946712456	0.02131167000668911
7.0	10.0	0.0974844116734844	0.015609381815227447	0.36690820844757843	0.028486700044926646	0.31734669787679715	0.025232529454901897	0.2677851873060159	0.02207035964434839
7.0	11.0	0.09468694952833158	0.01580492348394467	0.3616259192485145	0.02895706236832697	0.31271052015863976	0.025708207369509573	0.2637951210687652	0.02254858923492511
7.0	12.0	0.09403487308251943	0.015665803319799915	0.36071610457634307	0.028908037917136035	0.31169562571313053	0.0256659050667461	0.26267514684991816	0.022518781107170788
7.0	13.0	0.09565500746117542	0.018020816220782103	0.36269160980448956	0.03309998638531596	0.3139107829012779	0.029375413164470548	0.2651299559980663	0.02573622499041624
7.0	14.0	0.09260755823514076	0.016498954575352366	0.3568526142793722	0.031260402859183536	0.3089642144721745	0.027581998010529175	0.2610758146649768	0.023996226298799696
7.0	15.0	0.08950412840970402	0.017292265527113562	0.3503351449298369	0.03312495513667025	0.3034783945710691	0.02941853936115815	0.2566216442123014	0.025798953770347362
7.0	16.0	0.08929350909657559	0.018034924110649313	0.34985210324508276	0.03456503028730118	0.3030090556750961	0.030677688987039	0.2561660081051094	0.026877081738053768
7.0	17.0	0.08840210272403229	0.016230758177719285	0.3483185723108897	0.03115362358622873	0.3017588520719956	0.027589183202855753	0.2551991318331016	0.024114775176794775
7.0	18.0	0.08562278558569428	0.017470328514975982	0.3418180608161651	0.03426000705718863	0.29654714309636754	0.0303720405108165	0.25127622537657024	0.026536970689185185
7.0	19.0	0.08358952680165593	0.01746770206894917	0.3380900150520993	0.035631257134044164	0.29295465773152246	0.03158885624489755	0.2478193004109457	0.027609339017962583
7.0	20.0	0.08688575136929542	0.016344210200985917	0.34408935748211067	0.03115320708702047	0.29893446218474024	0.02761798448316578	0.2537795668873699	0.024150238441144167
7.0	21.0	0.08758651729030419	0.01124847629842005	0.3472116220140038	0.021620007210515917	0.30101080443447814	0.018967798140387043	0.2548099868549525	0.01643960710530847
7.0	22.0	0.08059924334377229	0.009984979836673957	0.333448962363316	0.021162552626936563	0.28884937469436284	0.018213710522626214	0.24424978702540967	0.01550713070574378
7.0	23.0	NaN	NaN	NaN	NaN	NaN	NaN	NaN	NaN
7.0	24.0	NaN	NaN	NaN	NaN	NaN	NaN	NaN	NaN
7.0	25.0	NaN	NaN	NaN	NaN	NaN	NaN	NaN	NaN
7.0	26.0	NaN	NaN	NaN	NaN	NaN	NaN	NaN	NaN
7.0	27.0	NaN	NaN	NaN	NaN	NaN	NaN	NaN	NaN
8.0	1.0	0.11696389408718759	0.018550213843451374	0.4037252623829141	0.03065977795393862	0.3479820437949509	0.02741860306291322	0.2922388252069877	0.02427571183983805
8.0	2.0	0.11220888749956613	0.019161475499097743	0.39516309868642174	0.03223034980425889	0.34066116686113856	0.028762377170205942	0.2861592350358554	0.02539000122911572
8.0	3.0	0.10901234122779645	0.020495109990200155	0.3889490350732614	0.03493989725677102	0.3354693432954562	0.03118518265386879	0.2819896515176511	0.027515874927261725
8.0	4.0	0.1099448151085093	0.021071602572911585	0.3900136179405251	0.036013474654751194	0.3367067028344905	0.032305775086186615	0.2833997877284558	0.02866593640426792
8.0	5.0	0.10760203400173149	0.019248112010525707	0.3860444732206826	0.03309429871305033	0.3333157765420752	0.02956921274488239	0.280587079863468	0.02612496308853025
8.0	6.0	0.10544828018373724	0.01648034725284678	0.38228330504360397	0.02923293250766166	0.33020070273815666	0.026026446535100882	0.27811810043270924	0.022915844212012444
8.0	7.0	0.10348238107708264	0.016544898413539844	0.3786844188338821	0.029633322322524105	0.3270559752455644	0.026533707312041455	0.2754275316572468	0.02353189364265182
8.0	8.0	0.10100145193874274	0.01676132463500013	0.3737853597139857	0.03045482442812171	0.32298605581463347	0.027162948605988484	0.2721867519152812	0.023959001727051097
8.0	9.0	0.09853444652841419	0.015509349029110145	0.3691546186728331	0.027413899237658725	0.3191426294776364	0.024674518766550798	0.2691306402824398	0.022029373779993006
8.0	10.0	0.09934372980863836	0.015534934199873443	0.3704712147228718	0.027946966170763227	0.32041525843505	0.02479798491194989	0.27035930214722814	0.021747102394173257
8.0	11.0	0.09674458004119108	0.01726321135429911	0.3651757526250202	0.03103951972968184	0.3159125353911943	0.027589444923250325	0.2666493181573684	0.02420871357404197
8.0	12.0	0.09486609130240714	0.017438703155762098	0.36158241591147444	0.031728845398862414	0.31275859797775335	0.02825914330984305	0.2639347800440322	0.024857588421857764
8.0	13.0	0.0921492088616332	0.01533592091587693	0.3564917089669504	0.028977714560476396	0.3084300510858662	0.02558170339734427	0.26036839320478194	0.022286445699451294
8.0	14.0	0.08904283667000402	0.01734749108594023	0.34971201784070083	0.03306098621391057	0.3027616467269042	0.029220455149803138	0.25581127561310746	0.025470952011224627
8.0	15.0	0.09148409708113586	0.018004532074240107	0.3538412488665017	0.033300350598385944	0.3067562105738293	0.029637292194919517	0.25967117228115716	0.0260514697539284
8.0	16.0	0.0893030753120314	0.015571833198877777	0.3500546216753823	0.029696037935262848	0.3033874787413013	0.02625313522404029	0.2567203358072203	0.022907998671268054
8.0	17.0	0.08630920927629548	0.015474141251795791	0.3441341798962563	0.030394022325016735	0.2981913795172411	0.026829145441361245	0.252248579138226	0.02336169725424243
8.0	18.0	0.0873385366087385	0.018135127638053174	0.34594551031003473	0.03493571876420825	0.29961776878149443	0.031022323147812107	0.2532900272529542	0.027190144140883908
8.0	19.0	0.08628289751687707	0.013434894448892476	0.3447048329926716	0.02652664340623741	0.29849562023667037	0.023447014439835396	0.2522864074806693	0.020467804519678688
8.0	20.0	0.08996800768193003	0.012367172884734327	0.3515174245929631	0.024367866184056952	0.30488147837276164	0.021171356502549987	0.2582455321525599	0.01811314340327201
8.0	21.0	0.08140992486842898	0.009205279582359987	0.334840738715349	0.017945174773809195	0.2902814266090158	0.016408224711941782	0.24572211450268275	0.014986697077305903
8.0	22.0	0.09212334454612532	0.01763862648996144	0.35429703662860973	0.03245505970327608	0.307802446890653	0.029332119242456163	0.26130785715269633	0.02626049934541555
8.0	23.0	0.08051900303372939	0.0083677628765446	0.3332292818763713	0.017420147431934225	0.28881214234170693	0.015349543088262283	0.2443950028070426	0.013369995766459574
8.0	24.0	0.0683376505707363	0.010042238444755318	0.3065219070990235	0.0227825117388048	0.2659428688284509	0.01963165453581764	0.22536383055787834	0.016480797332830498
8.0	25.0	NaN	NaN	NaN	NaN	NaN	NaN	NaN	NaN
9.0	1.0	0.11324137020857705	0.01671849549127645	0.3975179931718499	0.028350010317599657	0.34254847667890653	0.025384204504146073	0.2875789601859633	0.022528802324676803
9.0	2.0	0.11231320196345684	0.019126856137092876	0.39525642517051324	0.032059824788462025	0.34081327127002325	0.028588921330503777	0.2863701173695334	0.025199536603593586
9.0	3.0	0.11305614939172931	0.020476715095785213	0.39589085112848155	0.03420908939982789	0.34166861260963943	0.03067337723627788	0.2874463740907974	0.027223791034614187
9.0	4.0	0.11093767066447216	0.01874206469799204	0.3922450795722393	0.03157240002675734	0.3386107661428408	0.02828587458533983	0.28497645271344235	0.025093632962497746
9.0	5.0	0.10833003684407885	0.016504543314798812	0.38775500518665895	0.028845198465394916	0.334775427163766	0.025748483202188355	0.2817958491408731	0.02274390665574081
9.0	6.0	0.10603915125875231	0.015236557530393536	0.38354653318661747	0.026699611446871906	0.33128557402998765	0.023966737942764757	0.2790246148733579	0.021326383980447797
9.0	7.0	0.1051086788978276	0.01693953378403026	0.38138487570106067	0.029739912789165015	0.3295611514663754	0.02675235302941904	0.27773742723169015	0.023853776149442413
9.0	8.0	0.10153760845103536	0.016750185476138265	0.37438151965227245	0.03009194577430319	0.3237833336418138	0.026933052929740096	0.27318514763135515	0.02387129475502882
9.0	9.0	0.09726116800279413	0.014401548333740138	0.3665965980465111	0.026160651708418168	0.31710951418091615	0.023385183504046617	0.2676224303153212	0.02069076999748263
9.0	10.0	0.09723993899312418	0.017079125100522046	0.36625331929490385	0.030227918335791484	0.31678566920710016	0.02706844266609487	0.26731801911929637	0.02398435989109754
9.0	11.0	0.09582676369596495	0.015858076971996832	0.3634112408592653	0.029019651605552657	0.31451094274546204	0.025854293509629613	0.2656106446316588	0.022779537248271763
9.0	12.0	0.09333483346244757	0.0163186996518196	0.3588017366717298	0.030335672019078858	0.31033731520889263	0.02686277782921176	0.26187289374605555	0.02347922233291522
9.0	13.0	0.09313719145182484	0.018511128467933017	0.3578413832190185	0.03409476390468049	0.30964469479065526	0.030290588018707352	0.26144800636229204	0.026558287950636306
9.0	14.0	0.09412529782672437	0.018011508753804844	0.35939584440197003	0.03298319988724727	0.3112981954888722	0.02935779190919787	0.26320054657577435	0.025810169646010874
9.0	15.0	0.09168304810252531	0.01777508610777727	0.3546333994643805	0.03357933040470856	0.3071547649852588	0.0298622232859904	0.2596761305061371	0.026229668267817214
9.0	16.0	0.08929173681631757	0.01588106903234431	0.3501891784798846	0.030663999228826202	0.3033380874464749	0.02712381142031275	0.2564869964130652	0.02367276935889489
9.0	17.0	0.08884256678269922	0.01586668645220178	0.3493098029017165	0.030441284717219543	0.3025949935544735	0.026821138721615505	0.25588018420723047	0.023299305076385283
9.0	18.0	0.08518528202071478	0.016464114254415428	0.3418121638513951	0.032609437919202414	0.2960843549411653	0.02872853660739311	0.25035654603093566	0.024941548892466418
9.0	19.0	0.08685141950871449	0.014711823064774506	0.3444740224404079	0.028871326639905163	0.29908015786233344	0.025629336223657824	0.2536862932842589	0.022485923118309183
9.0	20.0	0.08343837168511595	0.013912479846156844	0.3380543258621589	0.026981658962838426	0.2933392247700307	0.02369389957562549	0.24862412367790263	0.0204947343656425
9.0	21.0	0.0802517506883266	0.015240024546361457	0.33207310609579743	0.030048843509429626	0.2876180870039896	0.02656903690887912	0.24316306791218173	0.023175877533014998
9.0	22.0	0.08271669564110275	0.012683490187186104	0.33798399232558246	0.025778106507779622	0.29250204709367733	0.021945743927134352	0.2470201018617723	0.018183170852273296
9.0	23.0	0.09247185129336132	0.014192465580595203	0.35536897022915126	0.028200517049144516	0.30882865681377203	0.024913460603567927	0.26228834339839285	0.021698427844928123
9.0	24.0	0.08489140745065878	0.009217258975433192	0.3430313111099379	0.016841342250338235	0.29673918860291076	0.015802278992131977	0.2504470660958836	0.014785247788865643
9.0	25.0	0.07813818342761271	0.005163730061905659	0.32885682235182306	0.01091914340734717	0.2848069875761088	0.009351955055250055	0.24075715280039453	0.007874055709564936
9.0	26.0	0.060448014529642435	0.0006717738994283579	0.29014933817654753	0.00022392463314278112	0.2507466908827374	0.0011196231657139449	0.2113440435889273	0.002015321698285069
10.0	1.0	0.11449560048817065	0.017200682910251543	0.3996775085444103	0.02877218470936778	0.3444216968389567	0.025728980905802896	0.28916588513350316	0.022797986953386314
10.0	2.0	0.11450662068809282	0.019027339606476894	0.39910113577603196	0.03126739744802817	0.34417745395224864	0.028043303105251355	0.2892537721284655	0.024920832997989723
10.0	3.0	0.1109159133400036	0.01763503625800828	0.3925323729840814	0.029695587652811512	0.3387497353962677	0.02657614061374831	0.28496709780845403	0.023540278658599288
10.0	4.0	0.11064774551652777	0.02010719042162236	0.3912943261009354	0.034256935484744136	0.33791022620759675	0.030734857413147135	0.2845261263142582	0.027277634532124184
10.0	5.0	0.1072809588721061	0.017727053983450605	0.3856883925819678	0.0310221277533617	0.33298507439845926	0.02768938245792828	0.2802817562149507	0.02444103169250358
10.0	6.0	0.10643642386014139	0.01594729724856561	0.3839876852584897	0.0279292088282241	0.33179466059935336	0.025002970388005127	0.27960163594021703	0.022169811304800353
10.0	7.0	0.10304388460082618	0.016066454526380797	0.37785820817138416	0.02816324726027788	0.3264304006237085	0.025289471967422435	0.27500259307603286	0.02251722296074948
10.0	8.0	0.10189046777346829	0.015025329109825866	0.3754474719540273	0.027020773759468496	0.32460066396515336	0.024156740619607202	0.2737538559762794	0.021382653502294475
10.0	9.0	0.09829874214564625	0.01684946987158325	0.3684440171570297	0.029614905492559563	0.31859940904305584	0.02642485283348779	0.26875480092908216	0.02332861175035566
10.0	10.0	0.09444558469069014	0.015420145746734256	0.36173003507096435	0.028939615187969673	0.31243937737890404	0.025477047113174677	0.26314871968684383	0.022113754583465074
10.0	11.0	0.09526664184843155	0.015862100301143073	0.36283315670602345	0.028844950229027975	0.31370059314004395	0.025582242111316697	0.26456802957406444	0.022428445097262117
10.0	12.0	0.0968463962525897	0.01740019017889984	0.3650787536151277	0.031901377287266615	0.3159849369366259	0.02819820401451803	0.266891120258124	0.024587635142689208
10.0	13.0	0.09376304517495115	0.014838635420567006	0.3594938350449078	0.027474447369544446	0.31117135691732944	0.024560245285770804	0.26284887878975116	0.02172541051617751
10.0	14.0	0.09070365984032706	0.01636267473098566	0.35305150608690844	0.031362247781655736	0.30571656095233557	0.02774141762611144	0.2583816158177628	0.024195700244638234
10.0	15.0	0.09062201898722451	0.01767548587764956	0.3526119196154165	0.03376890405250716	0.3053678909194313	0.029879261165383218	0.2581238622234461	0.02608191317460911
10.0	16.0	0.08980601556992836	0.014973522584163115	0.3511469130443041	0.028889542845458725	0.30431516290802424	0.025514910400962137	0.2574834127717444	0.022237158532404745
10.0	17.0	0.08915901410225924	0.014572213283165178	0.3497291824955501	0.028306227036225064	0.30322294284275586	0.02492466132766315	0.2567167031899617	0.021629008931207762
10.0	18.0	0.0855511726113961	0.014847603855974719	0.34298819002787573	0.029219468251145655	0.29702363684221295	0.025715513763347318	0.2510590836565502	0.022297341392956097
10.0	19.0	0.08495727950109544	0.012354352184039115	0.34218332035909604	0.02431806303866603	0.29633149158896355	0.021380252148130562	0.25047966281883116	0.018554286379026327
10.0	20.0	0.08503446840790058	0.013248252400375964	0.3413848566761483	0.025937592463007936	0.29619950764048614	0.02294804870298353	0.2510141586048238	0.020039382457821876
10.0	21.0	0.08271962655488842	0.013958560475926024	0.3372355555916344	0.02871976886404606	0.2921256935616599	0.024996293146380164	0.2470158315316857	0.021391809994507485
10.0	22.0	0.08228642005772925	0.012662616110297634	0.3369740914208831	0.025376165859160475	0.29166086557549603	0.02268480512739335	0.24634763973010904	0.02009633927587426
10.0	23.0	0.07889223457226466	0.018453178713930152	0.32983391373838183	0.03974248100716917	0.28491186561067666	0.033846259933488006	0.23998981748297146	0.028019369633938543
10.0	24.0	0.10600725187267973	0.006386526299547526	0.3800861925241833	0.010669689017810957	0.3312001933901469	0.009834181631421211	0.2823141942561106	0.008998674245031426
10.0	25.0	NaN	NaN	NaN	NaN	NaN	NaN	NaN	NaN
10.0	26.0	NaN	NaN	NaN	NaN	NaN	NaN	NaN	NaN
10.0	27.0	NaN	NaN	NaN	NaN	NaN	NaN	NaN	NaN
10.0	28.0	NaN	NaN	NaN	NaN	NaN	NaN	NaN	NaN
11.0	1.0	0.1156394610029121	0.01703532575721467	0.4013464045804655	0.027807198773832278	0.3461173218624393	0.025050100713359138	0.29088823914441325	0.022405662231168914
11.0	2.0	0.11385511765568593	0.01799087425130302	0.39785815988605683	0.02962951384768177	0.34326670435291645	0.026502551161297027	0.28867524881977624	0.02347385617271651
11.0	3.0	0.1112009031530225	0.01972421179498493	0.39259525118240596	0.033092897068219135	0.33889744436962416	0.0296842157520884	0.28519963755684247	0.026357551068304008
11.0	4.0	0.10748792891334615	0.019213352738213143	0.3860641892574871	0.033028832450475686	0.3331885506094038	0.029488570819608925	0.28031291196132035	0.02603338673849056
11.0	5.0	0.10757202644011832	0.017924195339666223	0.3859616322873993	0.031580137862153426	0.33336552669041036	0.02808752514761068	0.28076942109342135	0.02469086295118875
11.0	6.0	0.10569915916772425	0.017110400925219243	0.38231654373888185	0.030203926517972792	0.3304428797396204	0.02708032115267905	0.27856921574035887	0.02403527868263277
11.0	7.0	0.10323875788041649	0.016341578486286486	0.37808091044958814	0.02881052414099762	0.32667725647233775	0.025873157159547296	0.2752736024950875	0.023016936626284117
11.0	8.0	0.09923344767919548	0.016603795954638335	0.3702441910746774	0.03017295393899589	0.3200889770848626	0.02700860769684391	0.26993376309504785	0.023919647762463775
11.0	9.0	0.09681131063058745	0.016129483444590306	0.3656939131828012	0.02985624843409782	0.3161671873712332	0.026567788823091507	0.2666404615596653	0.02335745318150356
11.0	10.0	0.0952327973111761	0.017349561966270258	0.3624155353159758	0.03196799394601669	0.3133793296267315	0.028462994200513736	0.26434312393748705	0.025041055257868258
11.0	11.0	0.09327036277110524	0.015569708681535042	0.3590507682964212	0.028774262387057742	0.31039897220592527	0.025411471675332586	0.2617471761154293	0.02214452849656369
11.0	12.0	0.09380503066152207	0.01612285923947707	0.3597751251572386	0.029647647182116696	0.31118794298679714	0.026122185464536596	0.26260076081635564	0.02269715456500056
11.0	13.0	0.0918135985303534	0.01597828575177845	0.3555213647782679	0.02997527294279629	0.3077428314460871	0.026473105813490813	0.2599642981139063	0.023055583552471268
11.0	14.0	0.09400226156516288	0.01705934034234488	0.3591931989124612	0.03226201007700875	0.3111682146725796	0.0284738437701912	0.26314323043269805	0.02477692571595673
11.0	15.0	0.0911691268228521	0.016480576523027066	0.35349727115957313	0.03135252286575564	0.3064134706417486	0.02777515256847904	0.2593296701239242	0.02427979898280756
11.0	16.0	0.08840154204642531	0.015301318365360405	0.3483882850363174	0.02926555441145838	0.3018786864366568	0.025982698314754353	0.2553690878369962	0.022775669786505554
11.0	17.0	0.0873474987959022	0.015462234163915714	0.3461350384220972	0.029516993275836918	0.30001577241662053	0.026233965613971424	0.2538965064111441	0.023046755522050287
11.0	18.0	0.08534382411797056	0.015276841972968429	0.34195148625633304	0.03018358683894627	0.29646990519283445	0.026740491579427532	0.2509883241293357	0.02336794007970133
11.0	19.0	0.08509548688668565	0.014556307711309953	0.34191220190195926	0.029490656606095903	0.296202043054854	0.025846572201452075	0.25049188420774887	0.02229528089523769
11.0	20.0	0.08424404000239484	0.016023106282693735	0.3390460281075416	0.03225453891621181	0.29432960625448434	0.028403230305000915	0.24961318440142705	0.024596131056416476
11.0	21.0	0.09365271415792437	0.020787810438860015	0.35780347573160665	0.03899643776109843	0.3101483310389856	0.034496880935769254	0.26249318634636454	0.03010480536988492
11.0	22.0	0.09114754305289201	0.0056686378679628195	0.3551309824541516	0.010716202360521888	0.30758768538000136	0.00953762919217505	0.2600443883058513	0.008534974640504563
11.0	23.0	0.09328393622531908	0.019497207144946307	0.3575863862053938	0.03490715203289218	0.3099907545563807	0.03149908999594339	0.2623951229073676	0.028129421729645977
11.0	24.0	0.08254227359527938	0.00814843602305417	0.3367208732490408	0.012941172540270586	0.292381210316166	0.013873941762589796	0.248041547383291	0.014808817524169888
11.0	25.0	NaN	NaN	NaN	NaN	NaN	NaN	NaN	NaN
11.0	26.0	NaN	NaN	NaN	NaN	NaN	NaN	NaN	NaN
12.0	1.0	0.11662744221259502	0.018859861542715076	0.4029761026237685	0.030939880733481986	0.3474212216961382	0.027787268444686267	0.2918663407685081	0.024739592321030998
12.0	2.0	0.11159146343884409	0.017911185391139336	0.39400898387753014	0.03012315664998788	0.3398310149306503	0.026780344445542562	0.2856530459837707	0.023523634066579067
12.0	3.0	0.11320340816461401	0.020942474103705793	0.3959758600012709	0.03510521215346883	0.34179658466395735	0.031530527255774626	0.2876173093266438	0.028041114938993764
12.0	4.0	0.10920298361721201	0.019417604941449645	0.38884637025097074	0.03325498800740294	0.33577500530927484	0.029765349694045595	0.28270364036757883	0.02635118121791469
12.0	5.0	0.10942564922435082	0.01787254766291381	0.38912584020623125	0.030614090290685264	0.33625037125855767	0.027437369346809168	0.2833749023108842	0.024343416429964362
12.0	6.0	0.10536389909938891	0.016573269769276706	0.3820190205951357	0.029043812261037454	0.33004059765167626	0.026067696188230172	0.27806217470821687	0.02318528706298267
12.0	7.0	0.10299669673904492	0.017493156870601066	0.3775934889716231	0.03140575550710713	0.32614559237324897	0.028055085949895867	0.2746976957748748	0.02480160058662582
12.0	8.0	0.09832826663069362	0.014932397531282489	0.36901590343152996	0.027616773513602425	0.3188583563006985	0.024674173972735792	0.2687008091698671	0.021833183927144697
12.0	9.0	0.09771138465274666	0.014990559941614962	0.3676432400085229	0.026709566977060697	0.31785068213139206	0.02396152657620407	0.2680581242542613	0.021303722835794008
12.0	10.0	0.09623549390161633	0.014263302793344732	0.3649809212353524	0.025921291539815993	0.315499517642698	0.02321398477972566	0.2660181140500435	0.02061006073567818
12.0	11.0	0.09508961085132737	0.016509902271503833	0.3619364104902511	0.029702130614143687	0.3132309890389176	0.026543078115474746	0.26452556758758405	0.023453936781797455
12.0	12.0	0.0935816641627287	0.015942950059098626	0.35921883192467224	0.0294471797545474	0.31078918752407303	0.02609672080410224	0.2623595431234738	0.022839781427622767
12.0	13.0	0.09668675045035202	0.01832770367221284	0.3641796746354215	0.0335694330618035	0.3154904232534353	0.029791261661689186	0.266801171871449	0.026104011504761184
12.0	14.0	0.09277164523688979	0.016631945804619307	0.3569622356759891	0.03159471476489643	0.3091883129874534	0.027766600466192292	0.26141439029891783	0.024028714259894123
12.0	15.0	0.0901145528842807	0.016390970468282952	0.35162761393006237	0.031183332689672036	0.304668262561116	0.027651934372904956	0.25770891119216965	0.024202879473121726
12.0	16.0	0.08897817672586644	0.014582476045252622	0.34949463878940423	0.027727807499020846	0.3029597845851197	0.024505731590045085	0.25642493038083514	0.021361726281206295
12.0	17.0	0.0879117545308375	0.01437512679279971	0.3472918994670006	0.027498453730643708	0.3011208994577052	0.024365554942085435	0.2549498994484098	0.02132641623259489
12.0	18.0	0.08735531584566077	0.017245287299302803	0.34569717864333677	0.03252116595105269	0.29975351929545546	0.028975009942875465	0.2538098599475742	0.025485416045753818
12.0	19.0	0.08218731410701069	0.016528112800099363	0.33587809807915975	0.03405394875354222	0.2907826070510731	0.0296145926982031	0.24568711602298668	0.025296224112880242
12.0	20.0	0.08371982726697678	0.014546644157585205	0.3391462929210526	0.028193603273850187	0.29384989416332086	0.025069229411985847	0.2485534954055891	0.02208577478258123
12.0	21.0	0.09155841429198909	0.016780477935961217	0.353549088754694	0.03125701345481482	0.30702220711038347	0.028405684353332027	0.2604953254660729	0.025627991311518054
12.0	22.0	0.09069980332473737	0.005149235260727332	0.3517522027574243	0.009973070001498557	0.306380061406169	0.008641030324157127	0.26100792005491374	0.007342726998686292
13.0	1.0	0.11365841300332022	0.018878572070118445	0.39805886610346075	0.03132529443209269	0.3429861416618866	0.027985877526384036	0.2879134172203126	0.02473812382196396
13.0	2.0	0.11516530980292493	0.019067801485386206	0.40000090125273174	0.03197604534124239	0.34509625381391257	0.02848389522368472	0.29019160637509345	0.02508884621463352
13.0	3.0	0.1098815505032245	0.019445034419208914	0.3903534419278246	0.03382004090039878	0.33685320730965473	0.030207956477093276	0.2833529726914849	0.026677500613793998
13.0	4.0	0.11004908271637982	0.01968633642958617	0.3904855365788905	0.033569561064883874	0.33708872943320756	0.0300481238307526	0.2836919222875246	0.026606079521996714
13.0	5.0	0.10685413379745949	0.01554274461478283	0.3851013787491378	0.0275193432922827	0.33254802230027397	0.02453790384745162	0.27999466585141003	0.02166332445193051
13.0	6.0	0.10291504658226076	0.01770710719177456	0.37743537636388913	0.03134089684909489	0.32600027302269957	0.028195853740026443	0.27456516968151007	0.025118148084947632
13.0	7.0	0.10264713101101947	0.01567023565642177	0.3770439312949745	0.027443792471700826	0.32582453232076725	0.02457308508401406	0.27460513334656	0.02179260934609681
13.0	8.0	0.10158481410157985	0.01627753421381536	0.37484912857440106	0.02860232700332475	0.3240241692112843	0.025515538458507056	0.2731992098481675	0.02252140766567948
13.0	9.0	0.09807907905094147	0.016925860013522108	0.3685242488993963	0.03126540569328451	0.3182685626339837	0.027568933489965478	0.2680128763685713	0.023981808342251828
13.0	10.0	0.09529990698855778	0.014712165638975235	0.3630975292602899	0.026699865175615366	0.3138990342645792	0.023841530574877996	0.2647005392688685	0.021081934192012878
13.0	11.0	0.0955968062938432	0.01883099335808525	0.3623890796469684	0.03381356208308047	0.3137200864227333	0.03010899097720189	0.2650510931984983	0.02646774546514249
13.0	12.0	0.09537012638486261	0.017336249548609878	0.362286935824044	0.032370288355598555	0.31351836079398737	0.02866818376792497	0.26474978576393093	0.02505370075167509
13.0	13.0	0.09435677214509752	0.01841406265018818	0.36002902591048197	0.03466630139863174	0.3116337065590874	0.030584632559196107	0.26323838720769277	0.026589296078950542
13.0	14.0	0.09338709578523545	0.01872174197881611	0.357891572343444	0.035280815429758375	0.30989746852021927	0.03135105291180511	0.26190336469699443	0.02750207647018396
13.0	15.0	0.09200411569520771	0.015620156859298708	0.3554902569565141	0.029619636540370208	0.30800891704984745	0.026142444205603788	0.2605275771431808	0.022752762323919134
13.0	16.0	0.08711800384358437	0.01474033803012805	0.3461933280130146	0.0289427655034359	0.2997732681634966	0.025456991902415998	0.2533532083139787	0.02205711491598432
13.0	17.0	0.08816390187742057	0.01460557492679806	0.34805119812962443	0.029142812236244257	0.3015414782984817	0.02547670583364486	0.25503175846733905	0.021924248634285836
13.0	18.0	0.08423054681407208	0.015598098486129827	0.340100869526288	0.030298375299753978	0.2946048048250576	0.02663900125008316	0.24910874012382717	0.023076690442556204
13.0	19.0	0.08800584766837949	0.01664435394237614	0.3467850965408299	0.03315405824745711	0.3008488662426	0.02915960458231616	0.25491263594437	0.025214922496584247
13.0	20.0	0.09531344531373453	0.019343971021959543	0.3601074783857092	0.03539041083796238	0.31286703259826776	0.03181318443331974	0.26562658681082624	0.028263848495354585
13.0	21.0	0.08421693869771105	0.010336150309566108	0.34198860075957327	0.020984996606107777	0.29548987436795654	0.018312732685595096	0.24899114797633978	0.01576484543942751
13.0	22.0	0.09005583726041197	0.0112378267410993	0.3524107793822131	0.020422580701180512	0.30534198137562074	0.018979596537536694	0.25827318336902827	0.017618128133025865
13.0	23.0	0.0985654416036525	0.019943168117107186	0.36555958280619594	0.034755597785916276	0.31834413251837473	0.03103688271754848	0.27112868223055353	0.027334599767456332
13.0	24.0	0.09641063131087498	0.032440711926271126	0.36284269903224864	0.0577016441383805	0.31421349516124336	0.05280596029638674	0.2655842912902381	0.047910276454393004
13.0	25.0	0.08253801028886831	0.007425458899583159	0.33459780277464435	0.01613840751354421	0.2920366329208408	0.013348534597573635	0.24947546306703727	0.01055866168160304
13.0	26.0	NaN	NaN	NaN	NaN	NaN	NaN	NaN	NaN
14.0	1.0	0.11486497836477587	0.01895473269098157	0.39939296044226674	0.032254518552706446	0.34461029458891895	0.028732772185564855	0.28982762873557116	0.02530425393878234
14.0	2.0	0.11186950391772331	0.01816318956309188	0.3945809398718417	0.030940070143813565	0.3402247176491881	0.027552439572391663	0.2858684954265345	0.024266746217777687
14.0	3.0	0.11006399412899857	0.019954996656634735	0.3905181174334371	0.03367619632265485	0.33710081791256197	0.030207989748232356	0.28368351839168693	0.026817288540758124
14.0	4.0	0.10706343436987015	0.018934927603273616	0.3852860194962224	0.032597436691482705	0.33254407555129395	0.02916431001948142	0.2798021316063656	0.02581029418023722
14.0	5.0	0.10615131645618403	0.01575849678179617	0.38404378298790154	0.027641724100457767	0.33148445574975755	0.024635624433548005	0.27892512851161344	0.02173971135844372
14.0	6.0	0.10632987116240647	0.016926181684496534	0.38360542113115964	0.02953520216775827	0.33149558823670944	0.0265403612005266	0.2793857553422594	0.023629704660738757
14.0	7.0	0.10267653815212442	0.014950925881493337	0.3769490230609196	0.026146819829344574	0.3258959401095962	0.023602241138786163	0.2748428571582729	0.02114838613710072
14.0	8.0	0.09944664803002623	0.014753573919182862	0.37100576770918275	0.02686539166198967	0.32068984582865534	0.024064387299821247	0.2703739239481279	0.021360382483127174
14.0	9.0	0.0984983377154104	0.015595932990253922	0.3690472048512537	0.028164555553104494	0.3190606883233927	0.02500435572870308	0.2690741717955316	0.0219449894842639
14.0	10.0	0.09711984615555454	0.017028915004780116	0.3660198481797507	0.030422327452097133	0.3165950000222648	0.027012384721823723	0.26717015186477894	0.0236882359430282
14.0	11.0	0.09597618756081744	0.016937202533948925	0.3636111230343143	0.03039727580221475	0.31467204898840884	0.026939798015494423	0.26573297494250336	0.023569150693844704
14.0	12.0	0.09251695092614581	0.017711716063412847	0.35662884374363635	0.03337039870054482	0.3086520531489132	0.02961849738935105	0.26067526255419016	0.025942999915489855
14.0	13.0	0.09475303538234957	0.01796025679238141	0.3605633832553544	0.03335432755352063	0.31232735517264426	0.029518644725598533	0.26409132708993405	0.025769179872856762
14.0	14.0	0.08948963544964222	0.017835449413607332	0.35034294445375513	0.034123024027667447	0.3034003339789767	0.03021195091089367	0.2564577235041982	0.0263664423977967
14.0	15.0	0.08980549635506967	0.016401036124118834	0.35118277711129875	0.03166355321048652	0.304161005336936	0.027879676396874657	0.2571392335625734	0.02419181374126605
14.0	16.0	0.0860274304801581	0.015505784543453733	0.3439801640109799	0.029922435281540666	0.29780471930322605	0.02643768465560905	0.25162927459547213	0.023037484510578507
14.0	17.0	0.08566541614086783	0.014238638169920317	0.3430597467189934	0.02807376238229059	0.29725571982238885	0.02472124943381075	0.25145169292578423	0.021467970004646585
14.0	18.0	0.08202689466305925	0.014959273905731079	0.335103221481493	0.030271114325549683	0.2905955138814677	0.026722136711750655	0.2460878062814423	0.023236836925644662
14.0	19.0	0.08596821209830789	0.016555971411182	0.34323276585579665	0.032268359151385394	0.29743696790506324	0.028876433105081492	0.2516411699543299	0.02554660444746583
14.0	20.0	0.08069556105402792	0.01223006198904395	0.3338737788432185	0.024302110866268312	0.2888876107936322	0.02127559681366326	0.24390144274404604	0.018362458686138422
14.0	21.0	0.08466797453964339	0.009522065078924204	0.3423922047358331	0.020032393367946485	0.2962747491693614	0.01684755327104193	0.25015729360288974	0.01377872429875447
14.0	22.0	0.081753287745251	0.01775521425405235	0.3336681223963336	0.03477331273922379	0.29002302313776324	0.030813180930700446	0.2463779238791929	0.026863780762727874
14.0	23.0	NaN	NaN	NaN	NaN	NaN	NaN	NaN	NaN
14.0	24.0	NaN	NaN	NaN	NaN	NaN	NaN	NaN	NaN
14.0	25.0	NaN	NaN	NaN	NaN	NaN	NaN	NaN	NaN
14.0	26.0	NaN	NaN	NaN	NaN	NaN	NaN	NaN	NaN
15.0	1.0	0.11478326629202683	0.018884940119076852	0.39954607785826	0.0308568659353527	0.3446186983686673	0.02757486507853401	0.2896913188790745	0.02439290129105376
15.0	2.0	0.11112483888579341	0.018147494233997502	0.39329727766067124	0.030677798372975955	0.3391099828795188	0.02726308045519602	0.2849226880983665	0.02394389172815993
15.0	3.0	0.10952593777195435	0.017411275530345872	0.3900354821804375	0.029905588297041638	0.336594317379901	0.026750113768207486	0.2831531525793646	0.02368129098733292
15.0	4.0	0.10758081584474968	0.019475229082811032	0.385753287978618	0.03357363302479794	0.3331906583014845	0.030133893606992593	0.2806280286243508	0.026754737165227537
15.0	5.0	0.1059683640049676	0.017041792475551275	0.38323079029398693	0.030507054582536167	0.3309561260521182	0.02706588186794118	0.27868146181024955	0.023723327129862953
15.0	6.0	0.10290325083360209	0.017037745591609994	0.3775452025885557	0.030635914833384882	0.32606460615502997	0.02739683298904635	0.2745840097215041	0.02425496872083126
15.0	7.0	0.09980442829130438	0.015611568410325415	0.3719143208210161	0.028570454427229892	0.3212437002860484	0.025335364613964715	0.2705730797510806	0.02219132478306852
15.0	8.0	0.09955042602930149	0.016257098896491736	0.37120170642590683	0.02894735853685538	0.3207575784028384	0.025766832620180893	0.2703134503797699	0.022679833658519215
15.0	9.0	0.09635545253936292	0.01490226096035552	0.3650903767629885	0.02768529459713679	0.3155946216523837	0.024603610099739298	0.26609886654177894	0.021629851479283643
15.0	10.0	0.096778565704718	0.01703306265854911	0.3653522816309766	0.03063384617605981	0.31601586558269873	0.027228973232772083	0.2666794495344209	0.02390988839223605
15.0	11.0	0.09450574362582695	0.01653961865403023	0.3609660346996312	0.02989910385217208	0.3122832347025376	0.026677456533417174	0.26360043470544414	0.023544348146884272
15.0	12.0	0.09310052499788492	0.01515896638636172	0.3582810906471566	0.028119920589829636	0.3100662839894556	0.024820017314523463	0.26185147733175473	0.02163094897707295
15.0	13.0	0.0909295861084819	0.016677486100757994	0.3537285323686963	0.03128159629777677	0.30614205790315613	0.027788006722525925	0.25855558343761603	0.024393024937848305
15.0	14.0	0.09358282578936858	0.01674371352517924	0.35853331188446774	0.03155822219091963	0.3105404072059991	0.02786050716396904	0.26254750252753073	0.02426221785128967
15.0	15.0	0.0908534234955672	0.01666905398450138	0.3530597434172872	0.03142009360584126	0.3059086324835031	0.027851041548512846	0.2587575215497188	0.02437217034851894
15.0	16.0	0.0886136360641442	0.015855928978093417	0.34862503402166917	0.03048116020873102	0.3021438809243664	0.026969986181215707	0.25566272782706356	0.023551166010621766
15.0	17.0	0.08933640892051699	0.015062724622221224	0.3497823168085022	0.028372424243866014	0.3034588434218432	0.025093576991220383	0.2571353700351842	0.021906036243998575
15.0	18.0	0.08647594017390982	0.017164157558201533	0.34392644623689445	0.0332615058137249	0.29820441642594747	0.02938843994600789	0.2524823866150005	0.025572421800139505
15.0	19.0	0.08367250042836981	0.015077823412411333	0.3389562982122174	0.02960519084625398	0.29365568188574226	0.02638929927728583	0.24835506555926712	0.02328877147284374
15.0	20.0	0.08858896541360968	0.01140372040094513	0.3493510921758574	0.020655378887420237	0.30275170553099356	0.018874045154359385	0.25615231888612994	0.01720674044784721
15.0	21.0	0.08906269150835619	0.012396179937126162	0.34878671712717646	0.0227327762602275	0.3031966754872074	0.02079547515458816	0.25760663384723836	0.018928940213494682
15.0	22.0	0.0764607527802722	0.0010053612099695643	0.3229382258340816	0.0003016083629908683	0.281357795837075	0.0015080418149543413	0.23977736584006826	0.0027144752669178342
16.0	1.0	0.11619143668894534	0.019971486139480354	0.4018168474501394	0.03279280450215605	0.3465970918001643	0.029257686394664004	0.29137733615018935	0.02582569327988604
16.0	2.0	0.11244628748381191	0.018761120170467077	0.395129111330948	0.031374084620777676	0.3409780762711467	0.028067872645729623	0.28682704121134567	0.02484298989634451
16.0	3.0	0.11182832192576976	0.017933928233369534	0.39387893443159433	0.03072051932006643	0.3400577486491187	0.027257452738511392	0.2862365628666432	0.023897316863074315
16.0	4.0	0.1103984177108891	0.018263904472870143	0.39123047010339446	0.031002122002196156	0.33780859513914896	0.027722795300234575	0.28438672017490363	0.024530832433038493
16.0	5.0	0.10326409288012364	0.018452759332623317	0.3782015705645553	0.03294258867107436	0.3265128426135261	0.029286645832720053	0.2748241146624971	0.0256993590607854
16.0	6.0	0.10279241459828395	0.016090066798624604	0.377549095205826	0.02858280490697101	0.32604734170189453	0.025545067892996758	0.274545588197963	0.022608482754013687
16.0	7.0	0.10362415470178435	0.014811932059004726	0.37881871935633793	0.026353823001720997	0.3274237206459715	0.023733098290188628	0.2760287219356051	0.02121604572034197
16.0	8.0	0.09905444825968561	0.014428169218725537	0.37058772286551817	0.026404150409946835	0.3201557354149737	0.023454195229407386	0.2697237479644291	0.02062403742305043
16.0	9.0	0.09916243363645452	0.01692230025353562	0.3700842082151264	0.029619629806347608	0.3200189787715639	0.02631309731435776	0.2699537493280014	0.023109089319972544
16.0	10.0	0.09572622808713752	0.015209793478106613	0.36397570655911776	0.027944821162574025	0.3145606246576507	0.024821273758293995	0.2651455427561838	0.02179450084411475
16.0	11.0	0.0948299404011314	0.01633480040567166	0.3614936134502134	0.03071327685440149	0.31277941275086324	0.0271277578986915	0.26406521205151307	0.02364427385042045
16.0	12.0	0.09051135864859676	0.01615658047333118	0.35303540576927844	0.03064378176331506	0.30551106084177443	0.027045145867491148	0.2579867159142704	0.023520520631321526
16.0	13.0	0.09352432297616256	0.015978149107063164	0.3587467719109162	0.030032143947077435	0.310583619332349	0.02669000329006139	0.26242046675378206	0.02343646334320499
16.0	14.0	0.08995772895903098	0.01645257377569593	0.351795724266457	0.03121564677054013	0.3045048609927699	0.027544685870203842	0.2572139977190829	0.02395928908589761
16.0	15.0	0.09208576150051329	0.01711333491158207	0.3552472860552141	0.032531976332105646	0.30789074354402696	0.02872799668602425	0.26053420103283986	0.02499097103646468
16.0	16.0	0.09030065619802491	0.017112262966405948	0.35169849140485687	0.032834149684881776	0.30485040848889383	0.02885075887811787	0.2580023255729308	0.024933083217254858
16.0	17.0	0.08505203766725554	0.015932750215991085	0.3418078014239118	0.03148442231297643	0.2959805798171082	0.02768918323482195	0.2501533582103045	0.02397526396789291
16.0	18.0	0.08889547881386199	0.013733267325636471	0.34902523363476906	0.02631820408230529	0.3028364317664617	0.023425019631033564	0.25664762989815443	0.020624323737646708
16.0	19.0	0.08614301321001754	0.011171363501620197	0.34410306461167506	0.021824552887708158	0.298445555880249	0.019044818156521547	0.2527880471488229	0.01637392643677259
16.0	20.0	0.0899651384346561	0.018290327601607453	0.3505953773470353	0.03465322606586505	0.3041278734456495	0.030621153089825704	0.25766036954426397	0.026638839021426646
16.0	21.0	0.08740124184895935	0.018589695969192757	0.3446890907737754	0.03801604628765387	0.2994253073487303	0.03342122473754387	0.25416152392368535	0.028864399352293613
16.0	22.0	0.08527288851989387	0.024566066291032165	0.3414836173680976	0.04406051236298076	0.29551332493572613	0.039868077723504425	0.2495430325033546	0.035739630301402224
16.0	23.0	0.08421126940266215	0.013070481979601515	0.34245582255673507	0.028234928867151034	0.29561244611700865	0.023323514137996954	0.2487690696772822	0.018412099408842916
16.0	24.0	0.08559374053000329	0.0011065616922247903	0.3436454146132074	0.0027838683682912925	0.2980590058391462	0.002035194258489359	0.252472597065085	0.0012865201486873857
16.0	25.0	0.0968915531896105	0.0011471877070204143	0.3673389948028308	0.005964534899577984	0.3174642047833845	0.002626259836868801	0.26758941476393827	0.0007120152258403034
16.0	26.0	NaN	NaN	NaN	NaN	NaN	NaN	NaN	NaN
17.0	1.0	0.11668935898558584	0.018530210616853508	0.40276045618768697	0.03017706496834332	0.3475151100822963	0.02683057514585133	0.2922697639769057	0.023600987653060512
17.0	2.0	0.1109398020187401	0.021143762559394916	0.39238383852797004	0.03499719593483398	0.33843021096207143	0.03139887157472327	0.28447658339617277	0.02787572568735339
17.0	3.0	0.10765622540376016	0.017773373500482574	0.386872458370833	0.030774515636222445	0.3337000537994307	0.027335457700149293	0.28052764922802836	0.02399472979373483
17.0	4.0	0.10861984820728496	0.017327880647303503	0.38820818018098946	0.029989182571786243	0.3351587700294506	0.02669426330698991	0.28210935987791186	0.023490253287298014
17.0	5.0	0.1065292502533423	0.016372582982846072	0.3840036227285832	0.029033503559721698	0.331857754596031	0.025939900002126804	0.2797118864634789	0.022937776064905498
17.0	6.0	0.10440108502571122	0.017135420939731923	0.38004412560063466	0.03080172279496044	0.3283958429084489	0.027449568369888672	0.27674756021626307	0.02419422537837893
17.0	7.0	0.09958167782798524	0.017120379475861692	0.3710666992757424	0.03131020312811508	0.32063100137584954	0.027930945528131728	0.2701953034759566	0.024629775543167774
17.0	8.0	0.10173808693181612	0.01679443153465334	0.37495486217097485	0.029572059933026442	0.32419067142597513	0.026308342600509523	0.2734264806809756	0.02315621492751119
17.0	9.0	0.09811176916693774	0.016551555643548575	0.3675352631161279	0.029885328643676577	0.3181824042966382	0.02653772779060206	0.2688295454771487	0.023264826364281437
17.0	10.0	0.0964836103444336	0.015592607281632887	0.36503035207037005	0.027899934892020913	0.3157171129697769	0.025055036099535986	0.26640387386918374	0.022304638097248048
17.0	11.0	0.09423940153972156	0.017023726091083855	0.3600014412641336	0.031461505869028794	0.3116659857282308	0.027974186654016967	0.2633305301923281	0.024541481128901744
17.0	12.0	0.09489999115911496	0.018988399033313143	0.3608356075460076	0.03506578639002782	0.3124591641804998	0.031035806004573993	0.26408272081499223	0.027076637229554657
17.0	13.0	0.09002990299804153	0.01683097758005992	0.35212169728795484	0.03197836716909152	0.3045967059879487	0.02846009350190946	0.2570717146879425	0.02502414384083095
17.0	14.0	0.0897855003748525	0.01592655094583713	0.35133584981916277	0.02950319400297175	0.3042743305214608	0.026258911773930024	0.25721281122375894	0.023100137914629348
17.0	15.0	0.09080705172418946	0.015994862858798736	0.3529637142208328	0.030388586505251027	0.3059020693325552	0.026882413975280326	0.2588404244442776	0.023475262438299567
17.0	16.0	0.08947380051950406	0.015136583360410138	0.350248563573341	0.0292261913101206	0.3036755414051999	0.02594867695291763	0.25710251923705885	0.022746949371869635
17.0	17.0	0.08523599906680698	0.014880380694061725	0.34250174210193235	0.029695399312109415	0.2964791424035248	0.026159823531374346	0.2504565427051173	0.022710293817520794
17.0	18.0	0.08771087495801914	0.015708409435723488	0.34663883346555446	0.03128404143065089	0.3005596851948384	0.027368191082407782	0.25448053692412226	0.02355638938353754
17.0	19.0	0.07804585818426249	0.01484001749844728	0.32720166764320896	0.032160597703787486	0.2834313419184939	0.02843880851780299	0.23966101619377897	0.024785267361225834
17.0	20.0	0.09764320455124278	0.018361404837548674	0.36639498281227395	0.03006856582261102	0.31768919977565535	0.029124523766789808	0.26898341673903675	0.028180481710968618
17.0	21.0	NaN	NaN	NaN	NaN	NaN	NaN	NaN	NaN
18.0	1.0	0.11174377538467306	0.01921955456631248	0.3945279144535491	0.03191638761636118	0.3400014094068948	0.028640560560575467	0.2854749043602406	0.02545473377513476
18.0	2.0	0.11130174404662514	0.01590627824182104	0.3938360406209584	0.026713518308701608	0.33963547209956846	0.02376485997758474	0.28543490357817836	0.02092654098684401
18.0	3.0	0.10978499472738423	0.020053527908672538	0.39035062933661785	0.03375871626007239	0.33674571970202155	0.030220703025775262	0.2831408100674255	0.02677118820564677
18.0	4.0	0.10832666839453717	0.018875000598386392	0.38719329726746987	0.03235391441587305	0.33444823516205474	0.02914110196526597	0.2817031730566396	0.026003708187548658
18.0	5.0	0.1073696261760484	0.01618056186993973	0.3853769108094541	0.027977636352879597	0.3331866138084532	0.02521249154825455	0.28099631680745224	0.022516584894027348
18.0	6.0	0.10208094348639231	0.017210846806954574	0.3757207139159012	0.030546671202672883	0.32469763182033745	0.027371884721935396	0.27367454972477356	0.02426966194397506
18.0	7.0	0.10065448071912146	0.014568811117500186	0.3734624123183919	0.026626575748003083	0.32269563834151066	0.023912883362943466	0.27192886436462954	0.021297486351899163
18.0	8.0	0.10132159403212102	0.013332429170372941	0.37417425902816753	0.02375679657717582	0.32381312665372136	0.021192145931834865	0.2734519942792753	0.018729580849379958
18.0	9.0	0.09750020749295976	0.01639085914044539	0.3670551668079503	0.02989980209443015	0.31730392007972985	0.026740534691395847	0.26755267335150945	0.02367512814094906
18.0	10.0	0.09355072467889364	0.013185655624465617	0.35968064830552915	0.0239277559447959	0.3111215960955091	0.02140369387659841	0.26256254388548905	0.01899092963734519
18.0	11.0	0.09551874751130066	0.016452059190742604	0.3628868646750835	0.03074689403626267	0.31393399921165943	0.027232984443562664	0.2649811337482353	0.02381016890166906
18.0	12.0	0.09232132403389762	0.013965300986122267	0.3569312625178316	0.02622171251027805	0.3088861003402805	0.023275714969728273	0.2608409381627295	0.020427375608116697
18.0	13.0	0.08909944005937058	0.01603467041600018	0.35060958754352245	0.03044534300011864	0.30318962944018246	0.02687583183165362	0.2557696713368426	0.02339570672310366
18.0	14.0	0.09287527368362532	0.016824049929806146	0.3570252889132819	0.031144770806438064	0.30935001253610694	0.02763267643428806	0.26167473615893205	0.024215827112468377
18.0	15.0	0.08671480416354094	0.013111509415460874	0.3461710385388787	0.02603584711023564	0.2994100640356429	0.02269629005338538	0.252649089532407	0.019485761478892697
18.0	16.0	0.08840673986261854	0.014696665775056336	0.3488758635189943	0.027289946593227914	0.3020966789908406	0.02438417863503224	0.25531749446268687	0.021556383290794193
18.0	17.0	0.09656336473885763	0.015663038720583278	0.36362500984266327	0.028534901878657502	0.3155494980751824	0.025499657675853587	0.26747398630770153	0.022534453267883146
18.0	18.0	0.08356249621201425	0.020887697511930564	0.3374724132658062	0.04233322694728772	0.2923528498277849	0.037544678025644165	0.2472332863897638	0.03280746769651779
18.0	19.0	0.08199657744935054	0.012625199736011292	0.3357586709191172	0.026564155237547446	0.2909782285451657	0.023163520127905075	0.24619778617121427	0.019946297881081085
18.0	20.0	0.09315624613407612	0.012877987840971238	0.35718009585607874	0.025852246268906292	0.31015892759899233	0.02239609666546076	0.2631377593419061	0.01900191085071991
18.0	21.0	0.09294336760269015	0.023728270867742186	0.3551399655598295	0.04566563708491315	0.3090331611324808	0.03976637710815305	0.26292635670513215	0.033867117131392926
18.0	22.0	NaN	NaN	NaN	NaN	NaN	NaN	NaN	NaN
18.0	23.0	NaN	NaN	NaN	NaN	NaN	NaN	NaN	NaN
18.0	24.0	NaN	NaN	NaN	NaN	NaN	NaN	NaN	NaN
19.0	1.0	0.11539548337412889	0.018897327957062813	0.4004523116612637	0.030423324448586125	0.3455307383866441	0.02741624309099508	0.29060916511202445	0.02451745303692408
19.0	2.0	0.11338954716174428	0.02206178005994888	0.3956787260970133	0.03678701211678252	0.3418803129594999	0.03287612662153078	0.28808189982198656	0.029050064909521528
19.0	3.0	0.10919739078613781	0.019608541173958424	0.3887055434348149	0.03351531131577423	0.33576205883005195	0.02975605785371961	0.28281857422528905	0.02607771645940725
19.0	4.0	0.1046527514617367	0.018175018295095314	0.38096485841858657	0.0320420565564693	0.32882236411990107	0.028572771149442185	0.2766798698212157	0.025183700286856816
19.0	5.0	0.108870618773723	0.01697391418422174	0.38792763108618744	0.029259523163427725	0.33544632005231095	0.026145022828390554	0.28296500901843463	0.023132389820768026
19.0	6.0	0.10146922631907108	0.017430069687088875	0.37455611956879403	0.03193142332520481	0.3236505284464805	0.028426992941666597	0.27274493732416694	0.02499551544093965
19.0	7.0	0.10373844240766661	0.014038158674422119	0.3790882043579546	0.024158231638688018	0.3277356640431351	0.02170335857854188	0.27638312372831564	0.019355020240161933
19.0	8.0	0.09564913786326104	0.014395255158199225	0.3642348574253604	0.026653281822701193	0.31459309194567525	0.023679508857326594	0.26495132646599034	0.02083014463279226
19.0	9.0	0.09824567774359592	0.012131503887101545	0.3681755612460998	0.021864373746744395	0.31888043808245986	0.01942821852202648	0.2695853149188201	0.017075347294728087
19.0	10.0	0.09388221685078942	0.014689899335184296	0.36070498944598295	0.027410638161138593	0.31159190883337745	0.024339179532042253	0.26247882822077195	0.021366631900312717
19.0	11.0	0.09463667369110867	0.015584809690981485	0.36131590225242227	0.02796540401981375	0.3126374834088347	0.02504437824338581	0.26395906456524726	0.022220401565348342
19.0	12.0	0.09215923751177515	0.016858968004676372	0.35646842312353993	0.03330005181914266	0.30820285062277897	0.029284788399767902	0.25993727812201795	0.025365783888098587
19.0	13.0	0.09221578770152328	0.018793020945941895	0.3556159098912458	0.03556490232069989	0.3079460457623538	0.03141023604180524	0.2602761816334617	0.02731881330251608
19.0	14.0	0.08950834393257427	0.014226908492151361	0.3501021542957926	0.027087162673073692	0.303822729223451	0.02402704782072066	0.25754330415110943	0.021039120659102833
19.0	15.0	0.08563000140233251	0.018881781826445204	0.3419170845990222	0.03760022149331569	0.2963454925861765	0.033406342881926114	0.2507739005733309	0.029261703393016078
19.0	16.0	0.08309583643895471	0.012349013448409848	0.33868120752951075	0.024975856551545276	0.2930708722969087	0.02212126807194607	0.24746053706430657	0.019353319244660824
19.0	17.0	0.09059493210057956	0.02077056244859246	0.3503114197907002	0.03869788561264689	0.3045677864387833	0.03463013616870772	0.2588241530868661	0.03059515752485511
19.0	18.0	0.08012564966679082	0.02123789097034032	0.33101751094089193	0.042981238354500156	0.286347522806533	0.037834618803809776	0.24167753467217395	0.03274220187719656
19.0	19.0	0.09042274485947992	0.013123830691821412	0.351918475363218	0.023728813959593215	0.3056097581275889	0.021553540788264023	0.2593010408919599	0.019566416279699468
19.0	20.0	0.10737330159866978	0.018397833995297097	0.38327777996263346	0.02915263851520258	0.3330555664798338	0.027912062378255047	0.28283335299703416	0.026671486241307434
19.0	21.0	0.07683583594860939	2.0409827570620793e-5	0.3230507507845828	6.122948271164649e-6	0.2819204205895808	3.061474135594101e-5	0.24079009039457872	5.510653444067811e-5
20.0	1.0	0.11301395786038543	0.01804619249750777	0.39703182913348173	0.02963068094507927	0.34213398197661044	0.026658123689286595	0.2872361348197391	0.023762152540414506
20.0	2.0	0.1106436313515573	0.015807495379235325	0.39242719461339587	0.026667333651849392	0.3385746272920112	0.024033345902095448	0.2847220599706266	0.02148332732433853
20.0	3.0	0.11068258937444488	0.021221859309723163	0.3913444446914606	0.03620265521645758	0.33791309656768065	0.03204553663085504	0.2844817484439007	0.02796782452734863
20.0	4.0	0.10795031393939271	0.018466507320679126	0.38714093443080877	0.03246911689676869	0.33404396946333476	0.028757886280664124	0.28094700449586074	0.025164299022451108
20.0	5.0	0.1061371153514863	0.017127934893692243	0.3835273472856499	0.029543345776361904	0.33126374036013984	0.026684411135277964	0.27900013343462976	0.023909046488552375
20.0	6.0	0.10387569674323108	0.012367675259174414	0.37990973920888405	0.02124551695401928	0.3281867504564688	0.019290940166787555	0.2764637617040534	0.0174446170843492
20.0	7.0	0.10043406135722018	0.013665395957582798	0.3734179034372077	0.02469836933008691	0.3225362032828794	0.02195579758827984	0.271654503128551	0.019300552545917973
20.0	8.0	0.09390059965717087	0.0171389152316475	0.3599772647647476	0.03148722272276264	0.31122193486321237	0.02835369730160636	0.262466604961677	0.02528769044719179
20.0	9.0	0.0968327946698358	0.015963486441320333	0.3660384746149068	0.029348369552800808	0.31633679281028554	0.025910516893765247	0.2666351110056643	0.0225958896339958
20.0	10.0	0.09783353195584149	0.01298651735398157	0.3675089093995093	0.02400482252344437	0.31816124711889054	0.021124873499951177	0.26881358483827184	0.01841542227373265
20.0	11.0	0.0931815647334575	0.015569420428070276	0.3586713959167986	0.028736005083321862	0.31022243267235644	0.025571614452416944	0.2617734694279143	0.022479782438333092
20.0	12.0	0.08811745637376071	0.016187894006876518	0.349080923853677	0.03024613821595343	0.3016050751592435	0.026847201494032583	0.25412922646480995	0.023506432053870582
20.0	13.0	0.0950911297022493	0.01619350752559397	0.3618659064653439	0.02936588622769507	0.31327953961085364	0.026120551712305335	0.2646931727563634	0.023010581142863452
20.0	14.0	0.08481448428191912	0.014353893918792524	0.3416119796719881	0.02845113171277012	0.2958192193622955	0.025057185312587247	0.25002645905260296	0.02173873204098984
20.0	15.0	0.08796038816868795	0.019243300837124395	0.3471494165676508	0.035846445691801024	0.300645471343454	0.032065511191127154	0.25414152611925706	0.028374695455022296
20.0	16.0	0.08912481267057298	0.016452116219488666	0.3487388434434891	0.03049833350113881	0.3028279466201375	0.027820668313901096	0.25691704979678587	0.025186712121169075
20.0	17.0	0.08714636795372269	0.012741225873765959	0.3452609015429911	0.02577372069263178	0.29992304603937625	0.02174517072508462	0.2545851905357613	0.017816744899617612
20.0	18.0	0.08078300027281603	0.019168729084658595	0.3333951881035036	0.037803843394282104	0.28822268893817965	0.033367083988634055	0.24305018977285564	0.029013086474389375
20.0	19.0	0.0847210317382982	0.022561045820917114	0.3386912822815098	0.04319533094966938	0.29462600205082357	0.038260963620913836	0.2505607218201374	0.03332770243139857
20.0	20.0	0.0881755816149648	0.008522264233666733	0.35177159643229094	0.015342612801721516	0.3029756292202783	0.014321289198029843	0.2541796620082656	0.013299965594338171
20.0	21.0	NaN	NaN	NaN	NaN	NaN	NaN	NaN	NaN
20.0	22.0	NaN	NaN	NaN	NaN	NaN	NaN	NaN	NaN
21.0	1.0	0.1098583499949785	0.018475327755304676	0.39125445159730543	0.03126926594666716	0.33718830861730603	0.028327774764947678	0.2831221656373065	0.025461577513260898
21.0	2.0	0.10857058852601854	0.01481938373114654	0.38924127345576004	0.0248771572211819	0.3356044071965215	0.02200612394884672	0.28196754093728316	0.01921674233589585
21.0	3.0	0.11232488009299894	0.01805794697359285	0.3943195991921094	0.030736575602751247	0.3407734013699192	0.027390145267174787	0.2872272035477291	0.02410164389636692
21.0	4.0	0.10371022770966438	0.018492080514251313	0.379903901583292	0.03349865280845409	0.3274390170279196	0.029713729811369095	0.2749741324725471	0.026041714077913572
21.0	5.0	0.10889374343944327	0.017655458407184084	0.3882018136480027	0.031018774088317297	0.3354780839164597	0.027674138010433526	0.28275435418491673	0.02442281121980786
21.0	6.0	0.09936562972970821	0.017599771443586563	0.3712095216032199	0.03170847054549809	0.3204389785994203	0.028105107571244337	0.26966843559562076	0.02457396992341043
21.0	7.0	0.09659462941345784	0.011510441429771182	0.36732942296868937	0.020671515008299324	0.316678074595769	0.018748465220827317	0.2660267262228486	0.016936442042687943
21.0	8.0	0.10171361751827909	0.01563049607383932	0.37495591777454546	0.027678687320333455	0.3242691135502215	0.02519939553251985	0.2735823093258976	0.02281919252697551
21.0	9.0	0.09618944380395204	0.023062050119923436	0.3628010119018776	0.04270556543351847	0.31401355319613067	0.0379481697084584	0.2652260944903838	0.03319792077667451
21.0	10.0	0.09108415087632116	0.01029278400999478	0.3559951390117338	0.020056105568680236	0.3074045613420241	0.01756494186107132	0.2588139836723144	0.015154369097161545
21.0	11.0	0.0908499382212085	0.012749400654959534	0.35478196454713906	0.024133070815715665	0.30667019961371933	0.02157872165340822	0.25855843468029965	0.01912566501335275
21.0	12.0	0.09083284820075756	0.01688396883510074	0.3549947902509922	0.03139942487422132	0.30630648426816587	0.028067853894395263	0.25761817828533967	0.02479908020982501
21.0	13.0	0.10485739102381675	0.015504318489502471	0.3791379872975887	0.02792587036818088	0.3289965924836751	0.024671455341136406	0.27885519766976147	0.02150790354187621
21.0	14.0	0.08674136686782505	0.014337013442137142	0.34592095792281785	0.027851413298338783	0.2992798391210717	0.02510132175579111	0.2526387203193256	0.022415891867036547
21.0	15.0	0.09506350652576284	0.014871699478516336	0.36135902430960365	0.026581693666051096	0.3133140927728717	0.02385944232319566	0.2652691612361398	0.021219155969915506
21.0	16.0	0.08674966005059646	0.01396693194418148	0.34577424748984137	0.026507952375259682	0.2993712683207549	0.023810129608303306	0.25296828915166825	0.02121051710324481
21.0	17.0	0.07736417977866396	0.009165798779632792	0.3270125210149688	0.018614563475207596	0.2831042778843187	0.01674105263597632	0.23919603475366857	0.014890139337367832
21.0	18.0	0.08266111128257589	0.004076856186487106	0.33784996044269366	0.010048409612043086	0.29289125879610134	0.007568278794738578	0.24793255714950907	0.0053611489280187795
21.0	19.0	0.10166489448309911	0.008982168355127926	0.3741549213393896	0.012784858692115007	0.3246207605431017	0.0136196144307978	0.2750865997468137	0.014644316418691123
21.0	20.0	0.09011364887986181	0.00783851568778351	0.3523085939570828	0.015131741609846903	0.3056606168442375	0.013266933238656705	0.2590126397313922	0.011402124867466584
21.0	21.0	0.09452021866842228	0.016258104115090207	0.3638373174621937	0.032055683420445485	0.313304234369792	0.02717596417299488	0.2627711512773903	0.02229624492554433
21.0	22.0	NaN	NaN	NaN	NaN	NaN	NaN	NaN	NaN
21.0	23.0	NaN	NaN	NaN	NaN	NaN	NaN	NaN	NaN
21.0	24.0	NaN	NaN	NaN	NaN	NaN	NaN	NaN	NaN
21.0	25.0	NaN	NaN	NaN	NaN	NaN	NaN	NaN	NaN
22.0	1.0	0.11318111487142482	0.01684047808588286	0.3962217664986551	0.028784914281642263	0.34237044240039616	0.025996681801441938	0.2885191183021373	0.023317381999038347
22.0	2.0	0.11056693773990328	0.013262185842289997	0.39319586693207764	0.02250589630799408	0.3389368510002574	0.01993902316599403	0.28467783506843714	0.01745250504885048
22.0	3.0	0.11237064280229539	0.01592088728047879	0.39410558642433197	0.027795021146318433	0.34107746772537506	0.024389638995553797	0.28804934902641816	0.0210664985392789
22.0	4.0	0.10564016058272106	0.012042514157726324	0.3823528758310506	0.020446465771956513	0.3309250258700793	0.018785931124533688	0.27949717590910805	0.017131731474770488
22.0	5.0	0.10188599700346845	0.012477232432800151	0.3785009358103048	0.022564960555579397	0.3255542146552393	0.01981287174348342	0.27260749350017377	0.017301354907666374
22.0	6.0	0.10558757742677224	0.00918633873684354	0.38128883200188285	0.01539477631756339	0.3307905652381723	0.014220021250225146	0.2802922984744618	0.013069317938101559
22.0	7.0	0.10708202722008736	0.008325431490482442	0.3839850424360649	0.01499350045105772	0.33316050629797145	0.01306487772556116	0.282335970159878	0.011243708612037422
22.0	8.0	0.09617966229627259	0.011477492334999864	0.36658208290480737	0.01994789924580061	0.31608034916455985	0.018651789555632407	0.26557861542431227	0.017406439947715947
22.0	9.0	0.10430957232096565	0.01673484212181476	0.37978180110669246	0.030286693274354987	0.3285075116025563	0.026367940098565436	0.2772332220984203	0.022569478512533447
22.0	10.0	0.0830097011927119	0.009407038554482059	0.34162310499481374	0.016821680325573695	0.2938998386995591	0.016045687988826603	0.24617657240430443	0.015336432373024836
22.0	11.0	0.09219226645284886	0.004908050247373046	0.35747630402157254	0.010470131403598388	0.3094403436372743	0.008436394711062598	0.26140438325297616	0.0069394357782354855
22.0	12.0	0.09470443730996295	0.02469352584788204	0.3598862876430231	0.04502163422989197	0.31164948332789766	0.04062761259506471	0.26341267901277216	0.03624962959436235
22.0	13.0	0.09052615680533231	0.0058285428430210106	0.35330000828423735	0.011285995681923311	0.3064160078077415	0.009851148382688135	0.2595320073312456	0.00846060804344859
22.0	14.0	0.09189161080784246	0.030929048405971424	0.35229759414999284	0.059168331302294014	0.30537219110477287	0.05319329616445848	0.25844678805955285	0.04722291311383521
22.0	15.0	0.10025522167894296	0.011834177709243157	0.37083669663705	0.02050462314668014	0.3220406260423927	0.01892010159890057	0.2732445554477354	0.017339409277896126
22.0	16.0	0.07552681108437397	0.02254600740810485	0.32192780876897376	0.04718703326220745	0.27809142479725	0.040738969902677315	0.23425504082552623	0.034328435932125055
22.0	17.0	NaN	NaN	NaN	NaN	NaN	NaN	NaN	NaN
22.0	18.0	NaN	NaN	NaN	NaN	NaN	NaN	NaN	NaN
22.0	19.0	NaN	NaN	NaN	NaN	NaN	NaN	NaN	NaN
22.0	20.0	NaN	NaN	NaN	NaN	NaN	NaN	NaN	NaN
22.0	21.0	NaN	NaN	NaN	NaN	NaN	NaN	NaN	NaN
22.0	22.0	NaN	NaN	NaN	NaN	NaN	NaN	NaN	NaN
22.0	23.0	NaN	NaN	NaN	NaN	NaN	NaN	NaN	NaN
23.0	1.0	0.10574197001893568	0.012711418713468734	0.38335314075534455	0.021352033232137427	0.33133153010725513	0.01960975055226102	0.2793099194591657	0.017867467872384694
23.0	2.0	0.09360730268806983	0.0060074115661089495	0.3654982045270877	0.013667747739150957	0.31287113959450297	0.010446955440715574	0.26024407466191823	0.007226163142280192
23.0	3.0	0.10712629347485714	0.0019013299243710424	0.3867815733687143	0.0004753324810927336	0.33390786684357143	0.0023766624054637857	0.28103416031842854	0.004277992329834838
23.0	4.0	0.11977372476472693	0.012275585923706289	0.41033949455553237	0.018061474527091538	0.353168061012956	0.017516968689783863	0.2959966274703797	0.016972462852476108
23.0	5.0	0.11978028969150603	0.011477526970702758	0.41034507280896926	0.01787329431525155	0.3531959522801405	0.01657606763058371	0.29604683175131175	0.015278840945915874
23.0	6.0	0.10426600085584763	0.007266068409765635	0.3814205291947146	0.008386912328253386	0.32932486819579493	0.01050759358853148	0.27722920719687527	0.012628274848809611
23.0	7.0	0.08741664981360041	0.00939166095601646	0.3503303994042458	0.0173264012050865	0.3016519970212289	0.01592132790677774	0.2529735946382121	0.01451625460846897
23.0	8.0	0.10132213315219518	0.007656059635075679	0.37487977063360767	0.01669362519182184	0.32439885316803835	0.012757447840454258	0.27391793570246903	0.008821270489086718
23.0	9.0	0.12585961282604546	0.0009254570705642047	0.41508152870702963	0.00021593998313163863	0.361121929249434	0.0010796999156582323	0.30716232979183833	0.001943459848184826
23.0	10.0	0.09808362343251802	0.006643049350558423	0.36941619973116646	0.00991815154471639	0.31930322087805446	0.010307047657662547	0.26919024202494246	0.010695943770608706
23.0	11.0	0.10111040548553957	0.011662436501939438	0.3748014665176338	0.017731101116909218	0.32400733258816866	0.017944827465891395	0.2732131986587036	0.01815855381487353
23.0	12.0	0.06987639494314174	0.006567197724812244	0.31361178734832507	0.012366228666802835	0.26981332270653746	0.012209614829695053	0.22601485806474997	0.012053000992587212
23.0	13.0	0.08119981631023908	0.010076563526308504	0.33419098038024997	0.016926152776031197	0.2900025209488688	0.017287260910008533	0.24581406151748764	0.01764836904398589
23.0	14.0	NaN	NaN	NaN	NaN	NaN	NaN	NaN	NaN
23.0	15.0	NaN	NaN	NaN	NaN	NaN	NaN	NaN	NaN
23.0	16.0	NaN	NaN	NaN	NaN	NaN	NaN	NaN	NaN
24.0	1.0	0.09321976559865085	0.007300767206874975	0.3653892515781408	0.014013477874266114	0.3123263748497682	0.012175606116291357	0.25926349812139565	0.010337734358316602
24.0	2.0	0.13135970931557084	0.025384849567242563	0.4250627683582122	0.03808777833124373	0.3684510966930218	0.03515269657211401	0.31183942502783135	0.03221761481298434
24.0	3.0	0.10114050402926025	0.014390206881249331	0.3769457864692447	0.029240724183790864	0.3243574153183598	0.02360925637887157	0.27176904416747494	0.01797778857395232
24.0	4.0	0.11745562068347358	0.015224742765492063	0.40486510724728153	0.025728195900922436	0.34932553623640766	0.02257496232663014	0.2937859652255338	0.019421728752337847
24.0	5.0	0.10743374603105513	0.022230440722941926	0.38546143253235376	0.04099601872971885	0.33332220025575404	0.03484913877664302	0.2811829679791543	0.02870225882356719
24.0	6.0	0.11196522076529211	0.005267384643456931	0.3928722448949326	0.008219537286834151	0.340831812709957	0.007822073201862715	0.2887913805249814	0.007424609116891279
24.0	7.0	0.0883190378265251	0.028885691734756518	0.3482014397479318	0.05513260213614378	0.30100719873965864	0.04938884070102355	0.25381295773138557	0.04364507926590333
24.0	8.0	0.10837422450540636	0.0010468664091781074	0.38709355612635166	0.0002617166022945318	0.335467780631758	0.0013085830114726589	0.28384200513716434	0.002355449420650747
24.0	9.0	0.10198616871445887	0.00932117281900821	0.3750415013803275	0.017115953696853977	0.3252075069016372	0.014869090365615067	0.27537351242294694	0.012622227034376082
24.0	10.0	0.09342194948227502	0.0008240799215099925	0.36241251986194	0.0002197546457360111	0.31206259930970004	0.0010987732286800163	0.26171267875746007	0.001977791811624021
24.0	11.0	0.07365972793822173	9.17664675996566e-5	0.3220979183814665	2.7529940279863618e-5	0.2771562585739993	0.0001376497013994751	0.232214598766532	0.00024776946251906694
24.0	12.0	0.08372615449722608	0.0028031451125866973	0.34136946926441014	0.0007942244485662526	0.29508264043969773	0.003971122242831145	0.24879581161498532	0.007148020037096077
24.0	13.0	NaN	NaN	NaN	NaN	NaN	NaN	NaN	NaN
24.0	14.0	NaN	NaN	NaN	NaN	NaN	NaN	NaN	NaN
24.0	15.0	NaN	NaN	NaN	NaN	NaN	NaN	NaN	NaN
24.0	16.0	NaN	NaN	NaN	NaN	NaN	NaN	NaN	NaN
24.0	17.0	NaN	NaN	NaN	NaN	NaN	NaN	NaN	NaN
24.0	18.0	NaN	NaN	NaN	NaN	NaN	NaN	NaN	NaN
24.0	19.0	NaN	NaN	NaN	NaN	NaN	NaN	NaN	NaN
25.0	1.0	NaN	NaN	NaN	NaN	NaN	NaN	NaN	NaN
25.0	2.0	NaN	NaN	NaN	NaN	NaN	NaN	NaN	NaN
25.0	3.0	NaN	NaN	NaN	NaN	NaN	NaN	NaN	NaN
25.0	4.0	NaN	NaN	NaN	NaN	NaN	NaN	NaN	NaN
25.0	5.0	NaN	NaN	NaN	NaN	NaN	NaN	NaN	NaN
25.0	6.0	NaN	NaN	NaN	NaN	NaN	NaN	NaN	NaN
25.0	7.0	NaN	NaN	NaN	NaN	NaN	NaN	NaN	NaN
25.0	8.0	NaN	NaN	NaN	NaN	NaN	NaN	NaN	NaN
25.0	9.0	NaN	NaN	NaN	NaN	NaN	NaN	NaN	NaN
25.0	10.0	NaN	NaN	NaN	NaN	NaN	NaN	NaN	NaN
25.0	11.0	NaN	NaN	NaN	NaN	NaN	NaN	NaN	NaN
25.0	12.0	NaN	NaN	NaN	NaN	NaN	NaN	NaN	NaN
25.0	13.0	NaN	NaN	NaN	NaN	NaN	NaN	NaN	NaN
25.0	14.0	NaN	NaN	NaN	NaN	NaN	NaN	NaN	NaN
25.0	15.0	NaN	NaN	NaN	NaN	NaN	NaN	NaN	NaN
25.0	16.0	NaN	NaN	NaN	NaN	NaN	NaN	NaN	NaN
