# INITIAL SIZE IN LINEAGE
# original file "wt_unlimCap_highRe_3gen_perturbed.txt" 
# mother	daughter	initSizeMean	initSizeStd
0.0	0.0	0.8772139400000001	0.0
0.0	1.0	0.6137843940000001	0.0011256206379316948
0.0	2.0	0.6615376620000001	0.0021270555772387153
0.0	3.0	0.703080458	0.0031622056159227646
0.0	4.0	0.739788296	0.004241637094055913
0.0	5.0	0.772421696	0.005408088407592636
0.0	6.0	0.801793282	0.00667640926407104
0.0	7.0	0.8284348920000001	0.008079497178420629
0.0	8.0	0.8531236239999999	0.009663838756311197
0.0	9.0	0.87620816	0.01153064806159846
0.0	10.0	0.8983290199999999	0.013748238898926488
0.0	11.0	0.9199125159999999	0.01648387079733074
0.0	12.0	0.94162259	0.019995478186132776
0.0	13.0	0.964489496	0.024854894711452812
0.0	14.0	0.9901519039999999	0.03259644743145391
0.0	15.0	1.024769234	0.05128162249733701
0.0	16.0	1.0251766866666665	0.05585058873483887
0.0	17.0	1.0300605040000002	0.021853779605955553
0.0	18.0	1.0713401439999999	0.03730976050245401
0.0	19.0	1.06851359	0.025435154178298038
0.0	20.0	NaN	NaN
1.0	1.0	0.5601064272625699	0.005337489838177297
1.0	2.0	0.6150286185474861	0.0049845443585646845
1.0	3.0	0.6625317770949721	0.005001416458798653
1.0	4.0	0.7039706103910615	0.005382679032481513
1.0	5.0	0.740448813631285	0.006061831609968677
1.0	6.0	0.7729031617877093	0.006976246350871055
1.0	7.0	0.8020783118435755	0.008094876738860892
1.0	8.0	0.8286299770949719	0.009441168724174387
1.0	9.0	0.8531570787709498	0.011016972130854435
1.0	10.0	0.8761400746368715	0.012908438502714671
1.0	11.0	0.8981028648044692	0.015215016629682247
1.0	12.0	0.9195960765363129	0.01815710746732477
1.0	13.0	0.9412874488268157	0.02216417329920692
1.0	14.0	0.9643220467039105	0.028868664475373302
1.0	15.0	0.9884784484745761	0.034997913010642555
1.0	16.0	1.010075053006135	0.03784823482280358
1.0	17.0	1.027785075671642	0.03860444283398476
1.0	18.0	1.0455647066666667	0.04409992415835202
1.0	19.0	1.0451944789285714	0.03857901412638091
1.0	20.0	1.0557245927777776	0.040109516973234366
1.0	21.0	1.0514361066666664	0.03755970923605367
1.0	22.0	1.0669396153846153	0.038607425889895956
1.0	23.0	1.0829092244444445	0.029522634543463083
1.0	24.0	1.0852147600000002	0.037562324145617
1.0	25.0	1.11288294	0.019947680287171025
2.0	1.0	0.5696341007821228	0.004739271606836637
2.0	2.0	0.6232080385474861	0.004585568943808675
2.0	3.0	0.6696179252513967	0.004836251574717867
2.0	4.0	0.7101420502793296	0.005412083443705262
2.0	5.0	0.7458796395530728	0.006255394759404937
2.0	6.0	0.777728582793296	0.007309913452168059
2.0	7.0	0.8064138224581006	0.008575988840869197
2.0	8.0	0.8325969374301675	0.010060379170101018
2.0	9.0	0.8568050034636869	0.011813428402550546
2.0	10.0	0.8795797977653632	0.01389700446175489
2.0	11.0	0.9014430297206705	0.016441371472637828
2.0	12.0	0.9229103816759776	0.019733266527611946
2.0	13.0	0.9447666746368716	0.024275315375169568
2.0	14.0	0.9682987541899442	0.031822894242403706
2.0	15.0	0.9916064103448274	0.037899922165240296
2.0	16.0	1.0107798652564104	0.03924496584416829
2.0	17.0	1.0253331596825397	0.036738869716598496
2.0	18.0	1.0463003257425743	0.04091476455044016
2.0	19.0	1.0497672385964911	0.039815296700358216
2.0	20.0	1.0600636633333334	0.03945019366621142
2.0	21.0	1.0617887944444446	0.04115135460735093
2.0	22.0	1.0621520955555557	0.04758660924259448
2.0	23.0	1.0408250149999998	0.03654234047006246
2.0	24.0	1.0585106066666665	0.0552382439620244
2.0	25.0	1.05217689	0.04373417257872606
2.0	26.0	NaN	NaN
2.0	27.0	NaN	NaN
2.0	28.0	NaN	NaN
3.0	1.0	0.5780535510614525	0.004174524226805354
3.0	2.0	0.6304876429050279	0.004094406229653479
3.0	3.0	0.6759346888268156	0.00444139483548923
3.0	4.0	0.7156750953072625	0.0051037118400811595
3.0	5.0	0.7507574711731844	0.006025451958790696
3.0	6.0	0.7820668867039104	0.007164291093767617
3.0	7.0	0.8102878845810056	0.00848256966441841
3.0	8.0	0.8360582422346369	0.01000879000993231
3.0	9.0	0.8599352320670389	0.01177013799354969
3.0	10.0	0.8824299198882682	0.013881731784759665
3.0	11.0	0.9040370677094972	0.016479796322550304
3.0	12.0	0.9253253562011173	0.019831480979508338
3.0	13.0	0.947027210614525	0.024505537789479188
3.0	14.0	0.9697277560674157	0.030798918155136155
3.0	15.0	0.991892898604651	0.03503486944050036
3.0	16.0	1.015838736125	0.042512254522272794
3.0	17.0	1.0279351838095236	0.037838553513047546
3.0	18.0	1.0450325892631576	0.04050534505462587
3.0	19.0	1.0494771014285713	0.03759032358099233
3.0	20.0	1.056452012121212	0.03756138973641117
3.0	21.0	1.0742905130000002	0.045471113431695916
3.0	22.0	1.0638427657142855	0.058151563226769995
3.0	23.0	1.01100488	0.08610252598318363
3.0	24.0	NaN	NaN
3.0	25.0	NaN	NaN
3.0	26.0	NaN	NaN
3.0	27.0	NaN	NaN
3.0	28.0	NaN	NaN
3.0	29.0	NaN	NaN
3.0	30.0	NaN	NaN
3.0	31.0	NaN	NaN
3.0	32.0	NaN	NaN
3.0	33.0	NaN	NaN
3.0	34.0	NaN	NaN
3.0	35.0	NaN	NaN
3.0	36.0	NaN	NaN
3.0	37.0	NaN	NaN
3.0	38.0	NaN	NaN
3.0	39.0	NaN	NaN
3.0	40.0	NaN	NaN
4.0	1.0	0.5857697290502792	0.0038438865166854114
4.0	2.0	0.6374581202234637	0.003984653601624512
4.0	3.0	0.6823850442458101	0.004521096270573937
4.0	4.0	0.7217790556424583	0.005377294808197365
4.0	5.0	0.7566805745251397	0.006470255885161282
4.0	6.0	0.7879159977653631	0.007743603186170302
4.0	7.0	0.8162340544134079	0.009229451984995363
4.0	8.0	0.8422297408938547	0.010942719407555791
4.0	9.0	0.8664904674860336	0.012973587947776
4.0	10.0	0.8895366060335194	0.015423960906548502
4.0	11.0	0.911966666368715	0.01848951021772409
4.0	12.0	0.9344544739664805	0.022639364360504476
4.0	13.0	0.9581086783240225	0.029279773143833048
4.0	14.0	0.981995414090909	0.034520193977484084
4.0	15.0	1.0062062061445782	0.04034240548752945
4.0	16.0	1.0248501211510792	0.041327946195526384
4.0	17.0	1.0390871174509804	0.042134492541568126
4.0	18.0	1.0489155215384618	0.04431652418448414
4.0	19.0	1.0465911114285715	0.04204240350668172
4.0	20.0	1.0554560947826084	0.043734884002311514
4.0	21.0	1.065607036	0.04536912523163191
4.0	22.0	1.062355602222222	0.03220716659857628
4.0	23.0	1.075236952	0.03885318563618849
4.0	24.0	1.0883270133333334	0.03882364553900283
4.0	25.0	1.1171960600000002	0.02303287202630187
5.0	1.0	0.5920403448044693	0.003585932973811227
5.0	2.0	0.6425781579888268	0.0038069241293166695
5.0	3.0	0.6865198509497207	0.004413032582781188
5.0	4.0	0.7250522996648044	0.005309550798464195
5.0	5.0	0.7591731432402236	0.006415639483388904
5.0	6.0	0.7897051030167598	0.0077162566885008105
5.0	7.0	0.8173521423463685	0.009207967003571885
5.0	8.0	0.8427093603351954	0.010927846170761507
5.0	9.0	0.8663396896089385	0.012947020654117162
5.0	10.0	0.888740170726257	0.015389159217804163
5.0	11.0	0.9104533158659217	0.018487427951130748
5.0	12.0	0.9321399101675978	0.02275016124985623
5.0	13.0	0.9539968316853932	0.027724290091199193
5.0	14.0	0.9767993319318182	0.03307018133107798
5.0	15.0	0.9998854971597633	0.03815768266597032
5.0	16.0	1.0206113578666665	0.041405813229684715
5.0	17.0	1.0352940735652174	0.04188801332709876
5.0	18.0	1.0434192064102559	0.037632439194111765
5.0	19.0	1.0519628392000002	0.03401455329577645
5.0	20.0	1.0600085885714283	0.03425341144334131
5.0	21.0	1.0657998914285713	0.03485744337502306
5.0	22.0	1.0819401175	0.0350900875174228
5.0	23.0	1.0938567900000002	0.021482801960107566
5.0	24.0	NaN	NaN
6.0	1.0	0.5980173435754189	0.003217745954272775
6.0	2.0	0.647817144916201	0.0033219797118853632
6.0	3.0	0.6911508308379889	0.0038082640721888764
6.0	4.0	0.7291933691620113	0.004621423127635435
6.0	5.0	0.7629007055865922	0.005614461964686591
6.0	6.0	0.7931381810055866	0.006786596600915716
6.0	7.0	0.8205440139664804	0.008155237090209691
6.0	8.0	0.8457438237988827	0.009716292634591152
6.0	9.0	0.8692429134078212	0.011540675258998385
6.0	10.0	0.8915854560893854	0.013743946024511755
6.0	11.0	0.9132752848044693	0.01653146662334963
6.0	12.0	0.9349561749720671	0.020220798528737163
6.0	13.0	0.9575570512849163	0.02580078128063523
6.0	14.0	0.9810887418079096	0.0319134607497618
6.0	15.0	1.0050266700591717	0.03816097535190694
6.0	16.0	1.0243923933333332	0.03728828817649915
6.0	17.0	1.044113928	0.03912203116297165
6.0	18.0	1.053225865714286	0.03697939635110956
6.0	19.0	1.072738134090909	0.04147625388798721
6.0	20.0	1.0722715830000003	0.03366305047486139
6.0	21.0	1.0807332200000002	0.03207883541339682
6.0	22.0	1.07954902	0.021789932378022667
6.0	23.0	1.1291696400000002	0.015425958695653122
7.0	1.0	0.6032618583240225	0.0032833059535483707
7.0	2.0	0.6522474208938547	0.0035150454779219963
7.0	3.0	0.6948724391061453	0.004112237483262029
7.0	4.0	0.7323139830167597	0.004987124214976668
7.0	5.0	0.7655359222346368	0.006065998184363819
7.0	6.0	0.7953192705027934	0.00730609220335871
7.0	7.0	0.8223337366480447	0.00872433289705447
7.0	8.0	0.8471683630167597	0.010362979684495005
7.0	9.0	0.8703645883798883	0.012294386950692788
7.0	10.0	0.8924142051396649	0.01463295342275347
7.0	11.0	0.9138299550837989	0.017619900566426906
7.0	12.0	0.935288927150838	0.021779890154946593
7.0	13.0	0.9567327332584269	0.025199700050328667
7.0	14.0	0.9788974306285713	0.02949777320344066
7.0	15.0	1.0036137371764704	0.03639443154648431
7.0	16.0	1.0234970035862065	0.04055238663762868
7.0	17.0	1.034363523809524	0.038757082761523155
7.0	18.0	1.049388652368421	0.03918255420961459
7.0	19.0	1.0643343104000003	0.04040914141898786
7.0	20.0	1.0647999158333332	0.03629852088533639
7.0	21.0	1.0626910327272725	0.033978818525785444
7.0	22.0	1.0962034799999998	0.0432313548596188
7.0	23.0	NaN	NaN
7.0	24.0	NaN	NaN
7.0	25.0	NaN	NaN
7.0	26.0	NaN	NaN
7.0	27.0	NaN	NaN
8.0	1.0	0.6083533017877095	0.0034815893230730277
8.0	2.0	0.6567835766480447	0.003912368214127987
8.0	3.0	0.6989816947486034	0.004727109296896086
8.0	4.0	0.7361048643575419	0.00582180000354702
8.0	5.0	0.7690823776536313	0.007093011959853578
8.0	6.0	0.7987177413407822	0.008570895334408595
8.0	7.0	0.8256647279329608	0.010227996468483222
8.0	8.0	0.8505143644692736	0.012147526706903092
8.0	9.0	0.8738021356424579	0.014372154178509892
8.0	10.0	0.8960405481564244	0.0170670650178589
8.0	11.0	0.9178095734078212	0.020450669955281317
8.0	12.0	0.9397951801117319	0.024963881843319383
8.0	13.0	0.9631591194413409	0.03181002500217713
8.0	14.0	0.9887628349152545	0.04172968613448114
8.0	15.0	1.006067608717949	0.04269111392686751
8.0	16.0	1.019769577952756	0.04241299628336496
8.0	17.0	1.0312752902083333	0.041576372826368335
8.0	18.0	1.0435765391176473	0.045360637831777816
8.0	19.0	1.0462294536363637	0.04046849541624793
8.0	20.0	1.0521135055172413	0.03553468825644192
8.0	21.0	1.0599731515789474	0.03038389272561684
8.0	22.0	1.06776307	0.028784508466822113
8.0	23.0	1.0902125233333333	0.03546372881825131
8.0	24.0	1.0824411	0.028630131316275974
8.0	25.0	NaN	NaN
9.0	1.0	0.6129805034636872	0.0034983212192969725
9.0	2.0	0.6607756030167599	0.0037841626944823854
9.0	3.0	0.702423770055866	0.004491964800446577
9.0	4.0	0.7391019273743016	0.005492524389804062
9.0	5.0	0.7717198289385475	0.006726202290497086
9.0	6.0	0.8010368919553071	0.008124228982839625
9.0	7.0	0.8277174298324024	0.009734503057744304
9.0	8.0	0.852337885698324	0.0115951963221066
9.0	9.0	0.8754115600000001	0.013782910501424854
9.0	10.0	0.8974797888268154	0.016439924199649212
9.0	11.0	0.9190861868156424	0.019802100612002736
9.0	12.0	0.9409713827932962	0.024429145828250464
9.0	13.0	0.9634617698876404	0.029976245987885765
9.0	14.0	0.98719379	0.03781174660572388
9.0	15.0	1.0066335658227847	0.03960161794181992
9.0	16.0	1.024736972631579	0.0418657829114764
9.0	17.0	1.04092633	0.042443747399951326
9.0	18.0	1.0506046495652173	0.04083734594277667
9.0	19.0	1.0636854493023256	0.04482695704520755
9.0	20.0	1.0587576220000001	0.04864435148119089
9.0	21.0	1.050502694	0.051811090768363086
9.0	22.0	1.0515575342857142	0.04985051458122876
9.0	23.0	1.045525632	0.024760072855137573
9.0	24.0	1.062565615	0.027281042694214643
9.0	25.0	1.0874980733333335	0.03934793172457913
9.0	26.0	1.11092901	0.032539653998778166
10.0	1.0	0.6173630292737431	0.00370136306392644
10.0	2.0	0.6645060174301677	0.0038941985447124494
10.0	3.0	0.7056344300558659	0.004564700211442997
10.0	4.0	0.7418519474860334	0.005566211043554543
10.0	5.0	0.7740740865921789	0.006791306106140586
10.0	6.0	0.803044445810056	0.008224881813140406
10.0	7.0	0.8294120196648043	0.009857061935644427
10.0	8.0	0.8537843153072626	0.011741600556220923
10.0	9.0	0.8766203851396648	0.013940003105064385
10.0	10.0	0.8984846756424582	0.016614289324443858
10.0	11.0	0.9198854741899443	0.019980608844620412
10.0	12.0	0.9415511042458101	0.024582629161294663
10.0	13.0	0.964704474972067	0.032097884916364845
10.0	14.0	0.9870181412643678	0.03698741419386772
10.0	15.0	1.008452254375	0.04218798971036333
10.0	16.0	1.0256064099259259	0.04307166303890845
10.0	17.0	1.0344991410309277	0.04099176811200719
10.0	18.0	1.0413184621538463	0.038647896732306654
10.0	19.0	1.0505898109523808	0.042186199375333404
10.0	20.0	1.054044586153846	0.03716336878742993
10.0	21.0	1.0624955500000002	0.0387910257450478
10.0	22.0	1.0546962285714285	0.037964226220470305
10.0	23.0	1.06645966	0.03837502673547216
10.0	24.0	1.06120839	0.0638232742221347
10.0	25.0	NaN	NaN
10.0	26.0	NaN	NaN
10.0	27.0	NaN	NaN
10.0	28.0	NaN	NaN
11.0	1.0	0.6216888515083799	0.004213689772204578
11.0	2.0	0.668239725027933	0.004235500180760974
11.0	3.0	0.7088927963128492	0.0046642054338501375
11.0	4.0	0.7447280617877096	0.0054024900230742745
11.0	5.0	0.7766121120670392	0.006375187268327458
11.0	6.0	0.8053208005586594	0.007567189601570337
11.0	7.0	0.8314931834636871	0.008978361273985436
11.0	8.0	0.855650514860335	0.010604558205479928
11.0	9.0	0.8783523605586593	0.012557151124921196
11.0	10.0	0.900056082122905	0.014945975461823078
11.0	11.0	0.9213353145251398	0.01800896142280553
11.0	12.0	0.9428746740782121	0.02241725514309769
11.0	13.0	0.9646805647191011	0.025980002155731267
11.0	14.0	0.9888699205681818	0.033389312205605884
11.0	15.0	1.0116013608536585	0.037975457123657394
11.0	16.0	1.0293384241481482	0.038941248493960065
11.0	17.0	1.0476735949514564	0.04069432726769346
11.0	18.0	1.049534384642857	0.03790634867834722
11.0	19.0	1.0569872545454546	0.03855363687953036
11.0	20.0	1.0622624744444442	0.0420799390143255
11.0	21.0	1.0529318175	0.048349192235511575
11.0	22.0	1.045667736	0.04072893901376363
11.0	23.0	1.05240452	0.02674247277633093
11.0	24.0	1.0776209666666667	0.04422325359808488
11.0	25.0	NaN	NaN
11.0	26.0	NaN	NaN
12.0	1.0	0.6260937675977654	0.004733057937322793
12.0	2.0	0.6721376034636871	0.004568998192314638
12.0	3.0	0.7124045121787709	0.004860752852045773
12.0	4.0	0.7479323414525139	0.005519756913748696
12.0	5.0	0.779623876536313	0.006468152258559581
12.0	6.0	0.8081889760893856	0.007648428664867344
12.0	7.0	0.8342933207821228	0.009072202304864468
12.0	8.0	0.8584525781005587	0.010727316447855661
12.0	9.0	0.8812235205586593	0.012727713949557446
12.0	10.0	0.903092647821229	0.015177443045115428
12.0	11.0	0.924643974301676	0.018324861471860007
12.0	12.0	0.946587534972067	0.022730683698501473
12.0	13.0	0.9694139060674157	0.028196354548131585
12.0	14.0	0.9930005040462426	0.03445469641351298
12.0	15.0	1.01592283075	0.037828765717514715
12.0	16.0	1.0335251977952757	0.03869098595061869
12.0	17.0	1.0515390006666665	0.04331332737811288
12.0	18.0	1.0547769724	0.041731278367560104
12.0	19.0	1.05151096	0.031025466803717115
12.0	20.0	1.074721825	0.03138556802530266
12.0	21.0	1.0831365828571429	0.03332809470734947
12.0	22.0	1.1076742133333333	0.02825687176997724
13.0	1.0	0.6306864208938547	0.00589212314450052
13.0	2.0	0.6761974768715084	0.005678918524211129
13.0	3.0	0.7160169623463687	0.0058755543152863385
13.0	4.0	0.7511743890502793	0.006453395386496183
13.0	5.0	0.7825465061452515	0.0073124538571282234
13.0	6.0	0.8108865855865921	0.008429282716836833
13.0	7.0	0.8367677185474859	0.009826116645353348
13.0	8.0	0.8607875474860334	0.011487312746934273
13.0	9.0	0.8834247656983241	0.013490220681066204
13.0	10.0	0.9052306915083799	0.015950832555283342
13.0	11.0	0.9267408393296088	0.01911453540081091
13.0	12.0	0.9487258286033518	0.02350679076971655
13.0	13.0	0.9725110226815641	0.030791579005302425
13.0	14.0	0.9955926780346819	0.035095382267006106
13.0	15.0	1.0197376488607597	0.04198406629643855
13.0	16.0	1.0334051455	0.0412112199986655
13.0	17.0	1.0443970475609756	0.04200726787202256
13.0	18.0	1.0573222756363638	0.04196763660929035
13.0	19.0	1.0539538237037036	0.04102315697878831
13.0	20.0	1.0481788476923077	0.039822838554653135
13.0	21.0	1.0481815300000001	0.034758319125027595
13.0	22.0	1.0557950159999998	0.04428595679930927
13.0	23.0	1.0679307	0.037209318919958774
13.0	24.0	1.0601426100000002	0.021274424740711617
13.0	25.0	1.10816456	0.05230683820898376
13.0	26.0	NaN	NaN
14.0	1.0	0.6357241021348314	0.0073335698485590805
14.0	2.0	0.680619512247191	0.006635876196816531
14.0	3.0	0.7199378273033706	0.00639861100899325
14.0	4.0	0.754713899213483	0.006605780036523008
14.0	5.0	0.7858004704494382	0.007198703476165313
14.0	6.0	0.8138861807865168	0.00814176932573696
14.0	7.0	0.8396177573033707	0.009399826764316516
14.0	8.0	0.8635360142696631	0.010945991152122407
14.0	9.0	0.886152153707865	0.012862864959939407
14.0	10.0	0.9079579660674157	0.015265583305511267
14.0	11.0	0.929577603258427	0.018359086565318164
14.0	12.0	0.9517722353932583	0.022688577687250747
14.0	13.0	0.9758711235955057	0.0297429696373258
14.0	14.0	1.0002147967441863	0.035920176942832185
14.0	15.0	1.0219452453947366	0.03976483294960301
14.0	16.0	1.041328409833333	0.04157404186694595
14.0	17.0	1.0496879335064935	0.036758376778912014
14.0	18.0	1.0608876990909086	0.039627605386389486
14.0	19.0	1.0661316727272727	0.04479513990313364
14.0	20.0	1.0741320630769233	0.04297477255218216
14.0	21.0	1.061639176	0.051903880334374645
14.0	22.0	1.0630772333333331	0.048523261905903795
14.0	23.0	NaN	NaN
14.0	24.0	NaN	NaN
14.0	25.0	NaN	NaN
14.0	26.0	NaN	NaN
15.0	1.0	0.6402877825149701	0.008425099591069928
15.0	2.0	0.6844964423952096	0.007590394059970962
15.0	3.0	0.7232377688622754	0.007228625859741829
15.0	4.0	0.7575330893413174	0.007293772725857746
15.0	5.0	0.7881750379640718	0.007776568808904243
15.0	6.0	0.8158980708982037	0.008637288768705611
15.0	7.0	0.8413152619161677	0.009832174891101955
15.0	8.0	0.8649276153293413	0.011367448129845473
15.0	9.0	0.8872626239520959	0.013296927728875422
15.0	10.0	0.9088315347305388	0.01572332948371545
15.0	11.0	0.9302198135329341	0.018877958588475838
15.0	12.0	0.9521874601197603	0.023333005189049263
15.0	13.0	0.9761541438323352	0.030885892711739207
15.0	14.0	0.9998227121739127	0.036402895483806735
15.0	15.0	1.0215597955555555	0.03998246368728657
15.0	16.0	1.0394011162831858	0.04152941655999365
15.0	17.0	1.0558747756962026	0.04382020881809737
15.0	18.0	1.049426272820513	0.03851198622474128
15.0	19.0	1.0491006009090909	0.029317610990713394
15.0	20.0	1.0603781342857144	0.026110513800316516
15.0	21.0	1.0910052359999998	0.027414647727697708
15.0	22.0	1.1072764099999999	0.01567716545073751
16.0	1.0	0.6434958207246375	0.00832988461229339
16.0	2.0	0.6872457255072465	0.007569190741933826
16.0	3.0	0.7255990717391305	0.007305017316330029
16.0	4.0	0.7595706484057972	0.0075354652786220515
16.0	5.0	0.7899455553623187	0.008198178436752327
16.0	6.0	0.8174612766666667	0.009240373586029577
16.0	7.0	0.8426617436231882	0.010607816414993379
16.0	8.0	0.8661318098550725	0.012330619293329006
16.0	9.0	0.888349446231884	0.014439240689232696
16.0	10.0	0.909822275942029	0.017096997679345676
16.0	11.0	0.9311631655072463	0.020515008838504618
16.0	12.0	0.9531526382608696	0.025301819352913674
16.0	13.0	0.9772623633333336	0.033092764545050855
16.0	14.0	1.0020142383458648	0.042167071465620855
16.0	15.0	1.020319045862069	0.042320928545696496
16.0	16.0	1.035103687032967	0.041714096262458096
16.0	17.0	1.047531395409836	0.04621843541482329
16.0	18.0	1.050914518974359	0.04016075208179459
16.0	19.0	1.0464082559999999	0.036899302573378694
16.0	20.0	1.0595557728571428	0.039644724973261894
16.0	21.0	1.0689645725	0.04883715205643805
16.0	22.0	1.0799553320000002	0.06029649667575325
16.0	23.0	1.0336586300000001	0.00534605253488956
16.0	24.0	1.0547137100000001	0.007426417253683005
16.0	25.0	1.0860437	0.012843180466691213
16.0	26.0	NaN	NaN
17.0	1.0	0.647049530095238	0.00910297019626398
17.0	2.0	0.6905349156190477	0.008206480740362827
17.0	3.0	0.7287167883809524	0.007767081451014311
17.0	4.0	0.7625472956190477	0.007778404933599551
17.0	5.0	0.7928735727619046	0.008202085793509211
17.0	6.0	0.8203818293333335	0.009037435815641032
17.0	7.0	0.8456505314285713	0.010206342304856281
17.0	8.0	0.8692134339047618	0.011792081285079256
17.0	9.0	0.891613790095238	0.013831128623921567
17.0	10.0	0.9133965577142856	0.016477292215733037
17.0	11.0	0.9351265689523811	0.020080267024961053
17.0	12.0	0.957789353904762	0.025529556660257247
17.0	13.0	0.9822110775	0.03436261759543155
17.0	14.0	1.0046906343434343	0.03579839699773459
17.0	15.0	1.0241530009411763	0.0364401547564222
17.0	16.0	1.0426784062686567	0.0354049256129459
17.0	17.0	1.0531269136585368	0.032738898944850416
17.0	18.0	1.0744087488	0.03425239105087996
17.0	19.0	1.084815816	0.029824414422968282
17.0	20.0	1.07972665	0.026942394708804215
17.0	21.0	NaN	NaN
18.0	1.0	0.6483029298550725	0.007896934054100947
18.0	2.0	0.6916279910144927	0.006934863084124972
18.0	3.0	0.7297017628985507	0.0065114929997245755
18.0	4.0	0.7634605457971013	0.006615591806761009
18.0	5.0	0.7937244315942029	0.0072052908444823595
18.0	6.0	0.8211704930434782	0.008235634584289827
18.0	7.0	0.8463945295652174	0.009593776251829106
18.0	8.0	0.8699522953623189	0.011318919287477809
18.0	9.0	0.8923675081159421	0.013434189808759593
18.0	10.0	0.9141474860869566	0.016071961998708962
18.0	11.0	0.9359088144927534	0.019500465803589183
18.0	12.0	0.9585380223188406	0.0242916142770525
18.0	13.0	0.9836664837681162	0.03221774704216464
18.0	14.0	1.007472400923077	0.037596979303075574
18.0	15.0	1.0301438582142857	0.0428382841335085
18.0	16.0	1.0424397863157895	0.04619872435582026
18.0	17.0	1.0381726885714286	0.041522376231766224
18.0	18.0	1.0438019628571429	0.03690713246982768
18.0	19.0	1.0553076520000002	0.0337611842145901
18.0	20.0	1.0781358742857143	0.0434399555197312
18.0	21.0	1.05418082	0.045060917032266494
18.0	22.0	NaN	NaN
18.0	23.0	NaN	NaN
18.0	24.0	NaN	NaN
19.0	1.0	0.6502837542222223	0.007236538673364651
19.0	2.0	0.6934300448888888	0.006522905211380695
19.0	3.0	0.7313492466666669	0.006356493846072978
19.0	4.0	0.7649850355555555	0.006701785735019218
19.0	5.0	0.7951619071111109	0.0075122832990196795
19.0	6.0	0.8225561128888889	0.008703912711243619
19.0	7.0	0.8477878813333334	0.010219934187429449
19.0	8.0	0.8713432315555553	0.012080251687954104
19.0	9.0	0.8938125679999998	0.014378966092725617
19.0	10.0	0.9156732546666666	0.01728506206856575
19.0	11.0	0.937596864888889	0.021153184067924033
19.0	12.0	0.9605749102222223	0.02672187255447989
19.0	13.0	0.9868709968888889	0.03757461740269667
19.0	14.0	1.0066981141463416	0.03764415539946971
19.0	15.0	1.024509251764706	0.039544846454334634
19.0	16.0	1.0411905484615385	0.03978999915853475
19.0	17.0	1.0537634858823532	0.04354285417386234
19.0	18.0	1.058762622	0.04029642922628305
19.0	19.0	1.0718626833333333	0.0378241813610614
19.0	20.0	1.05577949	0.000251206755084389
19.0	21.0	1.1005041000000002	0.001075537698455889
20.0	1.0	0.6519143853846153	0.006346555732259351
20.0	2.0	0.6947358746153844	0.005542527426365874
20.0	3.0	0.7322903046153845	0.0053432042801159875
20.0	4.0	0.7656378884615385	0.005777235056538856
20.0	5.0	0.7955861092307693	0.006720735962859368
20.0	6.0	0.8227221076923078	0.00802164941207296
20.0	7.0	0.8476628823076926	0.00971274142721211
20.0	8.0	0.8709917276923076	0.011646031566756568
20.0	9.0	0.8931655223076925	0.014033383050627613
20.0	10.0	0.9147265692307692	0.016935369651765123
20.0	11.0	0.9363380207692307	0.020766236514007406
20.0	12.0	0.9587949100000001	0.026071961007406403
20.0	13.0	0.9839795084615383	0.035173902521350664
20.0	14.0	1.0039564766666667	0.035474315613959445
20.0	15.0	1.027080661	0.04840815024468875
20.0	16.0	1.0411483675	0.04452369869022647
20.0	17.0	1.0555513818181819	0.04971515326021755
20.0	18.0	1.0511961966666667	0.04756636626936039
20.0	19.0	1.0393151600000001	0.029737686829092815
20.0	20.0	1.05047822	0.032790860753862554
20.0	21.0	NaN	NaN
20.0	22.0	NaN	NaN
21.0	1.0	0.6552775285714285	0.007828877391510584
21.0	2.0	0.6971386299999999	0.007108202887887292
21.0	3.0	0.7339482714285713	0.006992957559746332
21.0	4.0	0.7664662214285715	0.007468539652729831
21.0	5.0	0.795617847142857	0.008505186078165597
21.0	6.0	0.8220732557142856	0.00985140120299386
21.0	7.0	0.8462924057142855	0.011598525067407854
21.0	8.0	0.868841457142857	0.01361202469960203
21.0	9.0	0.8901796171428572	0.0160455706008277
21.0	10.0	0.9108294371428575	0.01894157189521155
21.0	11.0	0.9312397857142857	0.022552569700363432
21.0	12.0	0.9521901671428571	0.0273546073210859
21.0	13.0	0.9749636528571426	0.034236476033099844
21.0	14.0	1.0024047671428573	0.046966521350359995
21.0	15.0	1.0120515218181818	0.04884379851861848
21.0	16.0	1.022065017777778	0.04284017123829504
21.0	17.0	1.0280521	0.0489037687576882
21.0	18.0	1.0274303949999999	0.05061403574972034
21.0	19.0	1.0345634466666667	0.05856304831015662
21.0	20.0	1.02462713	0.05098009375544348
21.0	21.0	1.05676764	0.07892731548458494
21.0	22.0	NaN	NaN
21.0	23.0	NaN	NaN
21.0	24.0	NaN	NaN
21.0	25.0	NaN	NaN
22.0	1.0	0.65260274	0.011826671641348076
22.0	2.0	0.6946128999999999	0.010949176740230238
22.0	3.0	0.731332975	0.010767010289724512
22.0	4.0	0.7639313750000001	0.010870943944814538
22.0	5.0	0.793104805	0.011452344496301524
22.0	6.0	0.8193861550000001	0.012364854972621674
22.0	7.0	0.84339713	0.013737687889854893
22.0	8.0	0.865759435	0.015380004522065886
22.0	9.0	0.886814515	0.017397214873401495
22.0	10.0	0.907084075	0.01978081819069086
22.0	11.0	0.927023375	0.022815866031890265
22.0	12.0	0.946987675	0.026659960673881315
22.0	13.0	0.9682341999999999	0.03170036628283443
22.0	14.0	0.9918260999999999	0.03852514961376095
22.0	15.0	1.0211771600000001	0.04977512181869966
22.0	16.0	1.076187865	0.08009885980010348
22.0	17.0	NaN	NaN
22.0	18.0	NaN	NaN
22.0	19.0	NaN	NaN
22.0	20.0	NaN	NaN
22.0	21.0	NaN	NaN
22.0	22.0	NaN	NaN
22.0	23.0	NaN	NaN
23.0	1.0	0.65059881	0.005777755366939613
23.0	2.0	0.69484053	0.006421590233345606
23.0	3.0	0.73408624	0.007175210498598616
23.0	4.0	0.7689412	0.008250748197054663
23.0	5.0	0.80032119	0.009436071294357647
23.0	6.0	0.8291143599999999	0.010762815747898002
23.0	7.0	0.85572597	0.012521263033488255
23.0	8.0	0.88091654	0.01442113167531588
23.0	9.0	0.90521896	0.01693319922615922
23.0	10.0	0.9294713800000001	0.020018390965289908
23.0	11.0	0.9544343200000001	0.024610823234926613
23.0	12.0	0.98150119	0.03153482697844076
23.0	13.0	1.0143022199999998	0.044056090011929096
23.0	14.0	NaN	NaN
23.0	15.0	NaN	NaN
23.0	16.0	NaN	NaN
24.0	1.0	0.6587421600000001	0.006099672800142649
24.0	2.0	0.7015128399999999	0.0010048270203373206
24.0	3.0	0.73938751	0.003838812004383697
24.0	4.0	0.77312669	0.009004368462307672
24.0	5.0	0.80387379	0.014099214242113
24.0	6.0	0.83195644	0.01994768028717118
24.0	7.0	0.8582627899999999	0.025937567688466893
24.0	8.0	0.8834533600000001	0.03322256358591252
24.0	9.0	0.9082886699999999	0.04179522921617015
24.0	10.0	0.9337845	0.05280925171915238
24.0	11.0	0.9619171499999999	0.06891812000194002
24.0	12.0	0.9992589299999999	0.09869449969479045
24.0	13.0	NaN	NaN
24.0	14.0	NaN	NaN
24.0	15.0	NaN	NaN
24.0	16.0	NaN	NaN
24.0	17.0	NaN	NaN
24.0	18.0	NaN	NaN
24.0	19.0	NaN	NaN
25.0	1.0	NaN	NaN
25.0	2.0	NaN	NaN
25.0	3.0	NaN	NaN
25.0	4.0	NaN	NaN
25.0	5.0	NaN	NaN
25.0	6.0	NaN	NaN
25.0	7.0	NaN	NaN
25.0	8.0	NaN	NaN
25.0	9.0	NaN	NaN
25.0	10.0	NaN	NaN
25.0	11.0	NaN	NaN
25.0	12.0	NaN	NaN
25.0	13.0	NaN	NaN
25.0	14.0	NaN	NaN
25.0	15.0	NaN	NaN
25.0	16.0	NaN	NaN
