# REJUVENATION FRACTION IN LINEAGE
# original file "wt_unlimCap_highRe_3gen_perturbed.txt" 
# mother	daughter	nCells	rej>0	rej>0.2	rej>0.5	rej>1
0.0	0.0	10.0	0.0	0.0	0.0	0.0
0.0	1.0	10.0	0.6	0.4	0.1	0.0
0.0	2.0	10.0	0.7	0.3	0.0	0.0
0.0	3.0	10.0	0.4	0.0	0.0	0.0
0.0	4.0	10.0	0.7	0.2	0.1	0.0
0.0	5.0	10.0	0.5	0.2	0.0	0.0
0.0	6.0	10.0	0.4	0.1	0.0	0.0
0.0	7.0	10.0	0.4	0.2	0.0	0.0
0.0	8.0	10.0	0.6	0.0	0.0	0.0
0.0	9.0	10.0	0.4	0.2	0.0	0.0
0.0	10.0	10.0	0.5	0.0	0.0	0.0
0.0	11.0	10.0	0.3	0.1	0.0	0.0
0.0	12.0	10.0	0.2	0.1	0.0	0.0
0.0	13.0	10.0	0.4	0.0	0.0	0.0
0.0	14.0	10.0	0.5	0.1	0.0	0.0
0.0	15.0	10.0	0.7	0.0	0.0	0.0
0.0	16.0	6.0	0.3333333333333333	0.16666666666666666	0.0	0.0
0.0	17.0	5.0	0.0	0.0	0.0	0.0
0.0	18.0	5.0	0.4	0.0	0.0	0.0
0.0	19.0	2.0	0.5	0.0	0.0	0.0
0.0	20.0	1.0	NaN	NaN	NaN	NaN
1.0	1.0	179.0	0.4581005586592179	0.15083798882681565	0.00558659217877095	0.0
1.0	2.0	179.0	0.39664804469273746	0.10614525139664804	0.0	0.0
1.0	3.0	179.0	0.41899441340782123	0.1005586592178771	0.00558659217877095	0.0
1.0	4.0	179.0	0.3407821229050279	0.0782122905027933	0.00558659217877095	0.0
1.0	5.0	179.0	0.3407821229050279	0.0893854748603352	0.00558659217877095	0.0
1.0	6.0	179.0	0.41899441340782123	0.11173184357541899	0.00558659217877095	0.0
1.0	7.0	179.0	0.29608938547486036	0.061452513966480445	0.00558659217877095	0.0
1.0	8.0	179.0	0.3240223463687151	0.0446927374301676	0.00558659217877095	0.0
1.0	9.0	179.0	0.2849162011173184	0.061452513966480445	0.0	0.0
1.0	10.0	179.0	0.2905027932960894	0.055865921787709494	0.0	0.0
1.0	11.0	179.0	0.25139664804469275	0.07262569832402235	0.0	0.0
1.0	12.0	179.0	0.25139664804469275	0.0670391061452514	0.0	0.0
1.0	13.0	179.0	0.27932960893854747	0.05027932960893855	0.00558659217877095	0.0
1.0	14.0	179.0	0.24022346368715083	0.061452513966480445	0.0	0.0
1.0	15.0	177.0	0.23163841807909605	0.03954802259887006	0.0	0.0
1.0	16.0	163.0	0.147239263803681	0.0	0.0	0.0
1.0	17.0	134.0	0.1044776119402985	0.022388059701492536	0.0	0.0
1.0	18.0	99.0	0.0707070707070707	0.0	0.0	0.0
1.0	19.0	56.0	0.017857142857142856	0.0	0.0	0.0
1.0	20.0	36.0	0.027777777777777776	0.0	0.0	0.0
1.0	21.0	18.0	0.0	0.0	0.0	0.0
1.0	22.0	13.0	0.0	0.0	0.0	0.0
1.0	23.0	9.0	0.0	0.0	0.0	0.0
1.0	24.0	3.0	0.0	0.0	0.0	0.0
1.0	25.0	2.0	0.0	0.0	0.0	0.0
2.0	1.0	179.0	0.49162011173184356	0.12290502793296089	0.0	0.0
2.0	2.0	179.0	0.4301675977653631	0.10614525139664804	0.0111731843575419	0.0
2.0	3.0	179.0	0.4301675977653631	0.1005586592178771	0.00558659217877095	0.0
2.0	4.0	179.0	0.3687150837988827	0.09497206703910614	0.0	0.0
2.0	5.0	179.0	0.36312849162011174	0.061452513966480445	0.0	0.0
2.0	6.0	179.0	0.3687150837988827	0.08379888268156424	0.0111731843575419	0.0
2.0	7.0	179.0	0.33519553072625696	0.0782122905027933	0.00558659217877095	0.0
2.0	8.0	179.0	0.3128491620111732	0.08379888268156424	0.0	0.0
2.0	9.0	179.0	0.30726256983240224	0.1005586592178771	0.0	0.0
2.0	10.0	179.0	0.31843575418994413	0.03910614525139665	0.00558659217877095	0.0
2.0	11.0	179.0	0.2905027932960894	0.07262569832402235	0.0	0.0
2.0	12.0	179.0	0.2737430167597765	0.061452513966480445	0.0	0.0
2.0	13.0	179.0	0.2122905027932961	0.05027932960893855	0.00558659217877095	0.0
2.0	14.0	179.0	0.29608938547486036	0.061452513966480445	0.0	0.0
2.0	15.0	174.0	0.2413793103448276	0.034482758620689655	0.0	0.0
2.0	16.0	156.0	0.14102564102564102	0.01282051282051282	0.0	0.0
2.0	17.0	126.0	0.0873015873015873	0.007936507936507936	0.0	0.0
2.0	18.0	101.0	0.0891089108910891	0.039603960396039604	0.0	0.0
2.0	19.0	57.0	0.07017543859649122	0.017543859649122806	0.0	0.0
2.0	20.0	36.0	0.0	0.0	0.0	0.0
2.0	21.0	18.0	0.0	0.0	0.0	0.0
2.0	22.0	9.0	0.0	0.0	0.0	0.0
2.0	23.0	4.0	0.0	0.0	0.0	0.0
2.0	24.0	3.0	0.0	0.0	0.0	0.0
2.0	25.0	2.0	0.0	0.0	0.0	0.0
2.0	26.0	1.0	NaN	NaN	NaN	NaN
2.0	27.0	1.0	NaN	NaN	NaN	NaN
2.0	28.0	1.0	NaN	NaN	NaN	NaN
3.0	1.0	179.0	0.441340782122905	0.1340782122905028	0.0	0.0
3.0	2.0	179.0	0.4581005586592179	0.12849162011173185	0.00558659217877095	0.0
3.0	3.0	179.0	0.44692737430167595	0.12290502793296089	0.00558659217877095	0.0
3.0	4.0	179.0	0.44692737430167595	0.10614525139664804	0.00558659217877095	0.0
3.0	5.0	179.0	0.3128491620111732	0.0670391061452514	0.00558659217877095	0.0
3.0	6.0	179.0	0.39664804469273746	0.061452513966480445	0.0	0.0
3.0	7.0	179.0	0.3463687150837989	0.07262569832402235	0.0	0.0
3.0	8.0	179.0	0.3463687150837989	0.07262569832402235	0.0	0.0
3.0	9.0	179.0	0.3016759776536313	0.10614525139664804	0.01675977653631285	0.0
3.0	10.0	179.0	0.39106145251396646	0.0782122905027933	0.00558659217877095	0.0
3.0	11.0	179.0	0.3463687150837989	0.055865921787709494	0.00558659217877095	0.0
3.0	12.0	179.0	0.33519553072625696	0.061452513966480445	0.0111731843575419	0.0
3.0	13.0	179.0	0.2569832402234637	0.07262569832402235	0.0111731843575419	0.0
3.0	14.0	178.0	0.21910112359550563	0.028089887640449437	0.0	0.0
3.0	15.0	172.0	0.23837209302325582	0.046511627906976744	0.011627906976744186	0.0
3.0	16.0	160.0	0.15625	0.01875	0.00625	0.0
3.0	17.0	126.0	0.15873015873015872	0.007936507936507936	0.0	0.0
3.0	18.0	95.0	0.06315789473684211	0.010526315789473684	0.0	0.0
3.0	19.0	56.0	0.017857142857142856	0.0	0.0	0.0
3.0	20.0	33.0	0.0	0.0	0.0	0.0
3.0	21.0	20.0	0.1	0.0	0.0	0.0
3.0	22.0	7.0	0.14285714285714285	0.0	0.0	0.0
3.0	23.0	2.0	0.0	0.0	0.0	0.0
3.0	24.0	1.0	NaN	NaN	NaN	NaN
3.0	25.0	1.0	NaN	NaN	NaN	NaN
3.0	26.0	1.0	NaN	NaN	NaN	NaN
3.0	27.0	1.0	NaN	NaN	NaN	NaN
3.0	28.0	1.0	NaN	NaN	NaN	NaN
3.0	29.0	1.0	NaN	NaN	NaN	NaN
3.0	30.0	1.0	NaN	NaN	NaN	NaN
3.0	31.0	1.0	NaN	NaN	NaN	NaN
3.0	32.0	1.0	NaN	NaN	NaN	NaN
3.0	33.0	1.0	NaN	NaN	NaN	NaN
3.0	34.0	1.0	NaN	NaN	NaN	NaN
3.0	35.0	1.0	NaN	NaN	NaN	NaN
3.0	36.0	1.0	NaN	NaN	NaN	NaN
3.0	37.0	1.0	NaN	NaN	NaN	NaN
3.0	38.0	1.0	NaN	NaN	NaN	NaN
3.0	39.0	1.0	NaN	NaN	NaN	NaN
3.0	40.0	1.0	NaN	NaN	NaN	NaN
4.0	1.0	179.0	0.5977653631284916	0.1787709497206704	0.00558659217877095	0.0
4.0	2.0	179.0	0.5307262569832403	0.15083798882681565	0.0	0.0
4.0	3.0	179.0	0.5307262569832403	0.16759776536312848	0.0111731843575419	0.0
4.0	4.0	179.0	0.49162011173184356	0.13966480446927373	0.00558659217877095	0.0
4.0	5.0	179.0	0.441340782122905	0.12849162011173185	0.00558659217877095	0.0
4.0	6.0	179.0	0.4301675977653631	0.09497206703910614	0.00558659217877095	0.0
4.0	7.0	179.0	0.4245810055865922	0.09497206703910614	0.0	0.0
4.0	8.0	179.0	0.43575418994413406	0.11731843575418995	0.00558659217877095	0.0
4.0	9.0	179.0	0.4692737430167598	0.1005586592178771	0.00558659217877095	0.0
4.0	10.0	179.0	0.39664804469273746	0.10614525139664804	0.0	0.0
4.0	11.0	179.0	0.36312849162011174	0.09497206703910614	0.00558659217877095	0.0
4.0	12.0	179.0	0.4022346368715084	0.0782122905027933	0.0	0.0
4.0	13.0	179.0	0.3128491620111732	0.07262569832402235	0.00558659217877095	0.0
4.0	14.0	176.0	0.36363636363636365	0.06818181818181818	0.0	0.0
4.0	15.0	166.0	0.2710843373493976	0.03614457831325301	0.0	0.0
4.0	16.0	139.0	0.20863309352517986	0.04316546762589928	0.0	0.0
4.0	17.0	102.0	0.12745098039215685	0.0	0.0	0.0
4.0	18.0	65.0	0.06153846153846154	0.0	0.0	0.0
4.0	19.0	35.0	0.02857142857142857	0.0	0.0	0.0
4.0	20.0	23.0	0.043478260869565216	0.0	0.0	0.0
4.0	21.0	15.0	0.0	0.0	0.0	0.0
4.0	22.0	9.0	0.0	0.0	0.0	0.0
4.0	23.0	5.0	0.0	0.0	0.0	0.0
4.0	24.0	3.0	0.0	0.0	0.0	0.0
4.0	25.0	2.0	0.0	0.0	0.0	0.0
5.0	1.0	179.0	0.4972067039106145	0.15083798882681565	0.0	0.0
5.0	2.0	179.0	0.4692737430167598	0.13966480446927373	0.0111731843575419	0.0
5.0	3.0	179.0	0.4245810055865922	0.11731843575418995	0.0	0.0
5.0	4.0	179.0	0.39664804469273746	0.1340782122905028	0.00558659217877095	0.0
5.0	5.0	179.0	0.4245810055865922	0.11173184357541899	0.00558659217877095	0.0
5.0	6.0	179.0	0.4301675977653631	0.11731843575418995	0.0111731843575419	0.0
5.0	7.0	179.0	0.3743016759776536	0.0446927374301676	0.0	0.0
5.0	8.0	179.0	0.3407821229050279	0.11173184357541899	0.0	0.0
5.0	9.0	179.0	0.3687150837988827	0.0893854748603352	0.0	0.0
5.0	10.0	179.0	0.3463687150837989	0.1005586592178771	0.00558659217877095	0.0
5.0	11.0	179.0	0.35195530726256985	0.07262569832402235	0.0111731843575419	0.0
5.0	12.0	179.0	0.37988826815642457	0.055865921787709494	0.01675977653631285	0.0
5.0	13.0	178.0	0.28651685393258425	0.06741573033707865	0.0	0.0
5.0	14.0	176.0	0.21022727272727273	0.045454545454545456	0.0	0.0
5.0	15.0	169.0	0.2603550295857988	0.047337278106508875	0.0	0.0
5.0	16.0	150.0	0.12666666666666668	0.02	0.0	0.0
5.0	17.0	115.0	0.11304347826086956	0.008695652173913044	0.008695652173913044	0.0
5.0	18.0	78.0	0.0641025641025641	0.01282051282051282	0.0	0.0
5.0	19.0	50.0	0.04	0.0	0.0	0.0
5.0	20.0	28.0	0.03571428571428571	0.0	0.0	0.0
5.0	21.0	14.0	0.0	0.0	0.0	0.0
5.0	22.0	8.0	0.0	0.0	0.0	0.0
5.0	23.0	4.0	0.0	0.0	0.0	0.0
5.0	24.0	1.0	NaN	NaN	NaN	NaN
6.0	1.0	179.0	0.5698324022346368	0.16759776536312848	0.0111731843575419	0.0
6.0	2.0	179.0	0.44692737430167595	0.12849162011173185	0.00558659217877095	0.0
6.0	3.0	179.0	0.4860335195530726	0.1564245810055866	0.0111731843575419	0.0
6.0	4.0	179.0	0.441340782122905	0.13966480446927373	0.0111731843575419	0.0
6.0	5.0	179.0	0.40782122905027934	0.11173184357541899	0.0	0.0
6.0	6.0	179.0	0.4022346368715084	0.0670391061452514	0.0111731843575419	0.0
6.0	7.0	179.0	0.4301675977653631	0.11173184357541899	0.0	0.0
6.0	8.0	179.0	0.3743016759776536	0.12290502793296089	0.0	0.0
6.0	9.0	179.0	0.3854748603351955	0.09497206703910614	0.00558659217877095	0.0
6.0	10.0	179.0	0.40782122905027934	0.10614525139664804	0.00558659217877095	0.0
6.0	11.0	179.0	0.3463687150837989	0.061452513966480445	0.0	0.0
6.0	12.0	179.0	0.3407821229050279	0.0670391061452514	0.0111731843575419	0.0
6.0	13.0	179.0	0.35195530726256985	0.055865921787709494	0.00558659217877095	0.0
6.0	14.0	177.0	0.2655367231638418	0.04519774011299435	0.0	0.0
6.0	15.0	169.0	0.2485207100591716	0.047337278106508875	0.0	0.0
6.0	16.0	147.0	0.21768707482993196	0.013605442176870748	0.0	0.0
6.0	17.0	115.0	0.1391304347826087	0.034782608695652174	0.0	0.0
6.0	18.0	70.0	0.07142857142857142	0.0	0.0	0.0
6.0	19.0	44.0	0.09090909090909091	0.0	0.0	0.0
6.0	20.0	20.0	0.0	0.0	0.0	0.0
6.0	21.0	9.0	0.0	0.0	0.0	0.0
6.0	22.0	3.0	0.0	0.0	0.0	0.0
6.0	23.0	2.0	0.0	0.0	0.0	0.0
7.0	1.0	179.0	0.5139664804469274	0.1452513966480447	0.0111731843575419	0.0
7.0	2.0	179.0	0.4972067039106145	0.11173184357541899	0.00558659217877095	0.0
7.0	3.0	179.0	0.4860335195530726	0.16759776536312848	0.0111731843575419	0.0
7.0	4.0	179.0	0.43575418994413406	0.13966480446927373	0.0	0.0
7.0	5.0	179.0	0.43575418994413406	0.1564245810055866	0.00558659217877095	0.0
7.0	6.0	179.0	0.40782122905027934	0.061452513966480445	0.0	0.0
7.0	7.0	179.0	0.4748603351955307	0.10614525139664804	0.00558659217877095	0.0
7.0	8.0	179.0	0.4301675977653631	0.1452513966480447	0.00558659217877095	0.0
7.0	9.0	179.0	0.3854748603351955	0.0670391061452514	0.0	0.0
7.0	10.0	179.0	0.31843575418994413	0.0893854748603352	0.00558659217877095	0.0
7.0	11.0	179.0	0.43575418994413406	0.11173184357541899	0.0	0.0
7.0	12.0	179.0	0.36312849162011174	0.08379888268156424	0.00558659217877095	0.0
7.0	13.0	178.0	0.28651685393258425	0.05056179775280899	0.011235955056179775	0.0
7.0	14.0	175.0	0.2857142857142857	0.04	0.0	0.0
7.0	15.0	170.0	0.3058823529411765	0.052941176470588235	0.0058823529411764705	0.0
7.0	16.0	145.0	0.19310344827586207	0.020689655172413793	0.0	0.0
7.0	17.0	105.0	0.09523809523809523	0.01904761904761905	0.0	0.0
7.0	18.0	76.0	0.10526315789473684	0.013157894736842105	0.0	0.0
7.0	19.0	50.0	0.08	0.02	0.02	0.0
7.0	20.0	24.0	0.041666666666666664	0.0	0.0	0.0
7.0	21.0	11.0	0.0	0.0	0.0	0.0
7.0	22.0	8.0	0.0	0.0	0.0	0.0
7.0	23.0	1.0	NaN	NaN	NaN	NaN
7.0	24.0	1.0	NaN	NaN	NaN	NaN
7.0	25.0	1.0	NaN	NaN	NaN	NaN
7.0	26.0	1.0	NaN	NaN	NaN	NaN
7.0	27.0	1.0	NaN	NaN	NaN	NaN
8.0	1.0	179.0	0.5195530726256983	0.2011173184357542	0.00558659217877095	0.0
8.0	2.0	179.0	0.547486033519553	0.18435754189944134	0.0223463687150838	0.0
8.0	3.0	179.0	0.5810055865921788	0.2011173184357542	0.0111731843575419	0.0
8.0	4.0	179.0	0.4581005586592179	0.16759776536312848	0.0111731843575419	0.0
8.0	5.0	179.0	0.4692737430167598	0.16201117318435754	0.00558659217877095	0.0
8.0	6.0	179.0	0.4301675977653631	0.12849162011173185	0.00558659217877095	0.0
8.0	7.0	179.0	0.4301675977653631	0.1340782122905028	0.01675977653631285	0.0
8.0	8.0	179.0	0.46368715083798884	0.12290502793296089	0.00558659217877095	0.0
8.0	9.0	179.0	0.44692737430167595	0.10614525139664804	0.0	0.0
8.0	10.0	179.0	0.3743016759776536	0.09497206703910614	0.0	0.0
8.0	11.0	179.0	0.39106145251396646	0.11731843575418995	0.0	0.0
8.0	12.0	179.0	0.3463687150837989	0.11173184357541899	0.00558659217877095	0.0
8.0	13.0	179.0	0.3575418994413408	0.09497206703910614	0.00558659217877095	0.0
8.0	14.0	177.0	0.423728813559322	0.096045197740113	0.0	0.0
8.0	15.0	156.0	0.28205128205128205	0.038461538461538464	0.0	0.0
8.0	16.0	127.0	0.15748031496062992	0.007874015748031496	0.0	0.0
8.0	17.0	96.0	0.09375	0.020833333333333332	0.0	0.0
8.0	18.0	68.0	0.08823529411764706	0.014705882352941176	0.0	0.0
8.0	19.0	44.0	0.022727272727272728	0.0	0.0	0.0
8.0	20.0	29.0	0.0	0.0	0.0	0.0
8.0	21.0	19.0	0.0	0.0	0.0	0.0
8.0	22.0	10.0	0.0	0.0	0.0	0.0
8.0	23.0	6.0	0.0	0.0	0.0	0.0
8.0	24.0	2.0	0.0	0.0	0.0	0.0
8.0	25.0	1.0	NaN	NaN	NaN	NaN
9.0	1.0	179.0	0.5810055865921788	0.19553072625698323	0.0111731843575419	0.0
9.0	2.0	179.0	0.547486033519553	0.17318435754189945	0.00558659217877095	0.0
9.0	3.0	179.0	0.5027932960893855	0.15083798882681565	0.0111731843575419	0.0
9.0	4.0	179.0	0.44692737430167595	0.1340782122905028	0.00558659217877095	0.0
9.0	5.0	179.0	0.45251396648044695	0.10614525139664804	0.0	0.0
9.0	6.0	179.0	0.43575418994413406	0.0893854748603352	0.00558659217877095	0.0
9.0	7.0	179.0	0.4301675977653631	0.07262569832402235	0.0111731843575419	0.0
9.0	8.0	179.0	0.4301675977653631	0.13966480446927373	0.0	0.0
9.0	9.0	179.0	0.5139664804469274	0.11731843575418995	0.00558659217877095	0.0
9.0	10.0	179.0	0.4022346368715084	0.07262569832402235	0.0111731843575419	0.0
9.0	11.0	179.0	0.4301675977653631	0.055865921787709494	0.00558659217877095	0.0
9.0	12.0	179.0	0.39664804469273746	0.10614525139664804	0.00558659217877095	0.0
9.0	13.0	178.0	0.38764044943820225	0.07865168539325842	0.0	0.0
9.0	14.0	174.0	0.3218390804597701	0.034482758620689655	0.0	0.0
9.0	15.0	158.0	0.26582278481012656	0.056962025316455694	0.006329113924050633	0.0
9.0	16.0	133.0	0.15789473684210525	0.03007518796992481	0.007518796992481203	0.0
9.0	17.0	104.0	0.125	0.009615384615384616	0.0	0.0
9.0	18.0	69.0	0.10144927536231885	0.028985507246376812	0.0	0.0
9.0	19.0	43.0	0.023255813953488372	0.0	0.0	0.0
9.0	20.0	20.0	0.0	0.0	0.0	0.0
9.0	21.0	10.0	0.0	0.0	0.0	0.0
9.0	22.0	7.0	0.0	0.0	0.0	0.0
9.0	23.0	5.0	0.0	0.0	0.0	0.0
9.0	24.0	4.0	0.0	0.0	0.0	0.0
9.0	25.0	3.0	0.0	0.0	0.0	0.0
9.0	26.0	2.0	0.0	0.0	0.0	0.0
10.0	1.0	179.0	0.5642458100558659	0.2011173184357542	0.00558659217877095	0.0
10.0	2.0	179.0	0.5195530726256983	0.16201117318435754	0.0111731843575419	0.0
10.0	3.0	179.0	0.4860335195530726	0.1564245810055866	0.0	0.0
10.0	4.0	179.0	0.45251396648044695	0.16759776536312848	0.00558659217877095	0.0
10.0	5.0	179.0	0.48044692737430167	0.11731843575418995	0.00558659217877095	0.0
10.0	6.0	179.0	0.4581005586592179	0.11173184357541899	0.0	0.0
10.0	7.0	179.0	0.43575418994413406	0.12849162011173185	0.0	0.0
10.0	8.0	179.0	0.4245810055865922	0.0893854748603352	0.00558659217877095	0.0
10.0	9.0	179.0	0.43575418994413406	0.10614525139664804	0.0	0.0
10.0	10.0	179.0	0.41899441340782123	0.11731843575418995	0.0	0.0
10.0	11.0	179.0	0.3854748603351955	0.11173184357541899	0.0	0.0
10.0	12.0	179.0	0.3463687150837989	0.0670391061452514	0.00558659217877095	0.0
10.0	13.0	179.0	0.3854748603351955	0.061452513966480445	0.0	0.0
10.0	14.0	174.0	0.3563218390804598	0.08045977011494253	0.011494252873563218	0.0
10.0	15.0	160.0	0.26875	0.06875	0.00625	0.0
10.0	16.0	135.0	0.16296296296296298	0.022222222222222223	0.0	0.0
10.0	17.0	97.0	0.041237113402061855	0.010309278350515464	0.0	0.0
10.0	18.0	65.0	0.09230769230769231	0.0	0.0	0.0
10.0	19.0	42.0	0.023809523809523808	0.0	0.0	0.0
10.0	20.0	26.0	0.0	0.0	0.0	0.0
10.0	21.0	16.0	0.0	0.0	0.0	0.0
10.0	22.0	7.0	0.0	0.0	0.0	0.0
10.0	23.0	5.0	0.0	0.0	0.0	0.0
10.0	24.0	2.0	0.0	0.0	0.0	0.0
10.0	25.0	1.0	NaN	NaN	NaN	NaN
10.0	26.0	1.0	NaN	NaN	NaN	NaN
10.0	27.0	1.0	NaN	NaN	NaN	NaN
10.0	28.0	1.0	NaN	NaN	NaN	NaN
11.0	1.0	179.0	0.5642458100558659	0.16759776536312848	0.00558659217877095	0.0
11.0	2.0	179.0	0.553072625698324	0.1340782122905028	0.0	0.0
11.0	3.0	179.0	0.5363128491620112	0.18435754189944134	0.0	0.0
11.0	4.0	179.0	0.5698324022346368	0.15083798882681565	0.01675977653631285	0.0
11.0	5.0	179.0	0.49162011173184356	0.11731843575418995	0.00558659217877095	0.0
11.0	6.0	179.0	0.4692737430167598	0.1340782122905028	0.0	0.0
11.0	7.0	179.0	0.48044692737430167	0.12849162011173185	0.0	0.0
11.0	8.0	179.0	0.49162011173184356	0.11731843575418995	0.00558659217877095	0.0
11.0	9.0	179.0	0.4972067039106145	0.1452513966480447	0.027932960893854747	0.0
11.0	10.0	179.0	0.441340782122905	0.12290502793296089	0.0111731843575419	0.0
11.0	11.0	179.0	0.41899441340782123	0.09497206703910614	0.00558659217877095	0.0
11.0	12.0	179.0	0.3854748603351955	0.1005586592178771	0.00558659217877095	0.0
11.0	13.0	178.0	0.398876404494382	0.07865168539325842	0.0	0.0
11.0	14.0	176.0	0.32954545454545453	0.0625	0.005681818181818182	0.0
11.0	15.0	164.0	0.2621951219512195	0.04878048780487805	0.0	0.0
11.0	16.0	135.0	0.17777777777777778	0.02962962962962963	0.0	0.0
11.0	17.0	103.0	0.14563106796116504	0.009708737864077669	0.0	0.0
11.0	18.0	56.0	0.07142857142857142	0.017857142857142856	0.0	0.0
11.0	19.0	33.0	0.09090909090909091	0.0	0.0	0.0
11.0	20.0	18.0	0.0	0.0	0.0	0.0
11.0	21.0	8.0	0.0	0.0	0.0	0.0
11.0	22.0	5.0	0.0	0.0	0.0	0.0
11.0	23.0	4.0	0.0	0.0	0.0	0.0
11.0	24.0	3.0	0.0	0.0	0.0	0.0
11.0	25.0	1.0	NaN	NaN	NaN	NaN
11.0	26.0	1.0	NaN	NaN	NaN	NaN
12.0	1.0	179.0	0.5363128491620112	0.2011173184357542	0.0	0.0
12.0	2.0	179.0	0.5865921787709497	0.20670391061452514	0.0	0.0
12.0	3.0	179.0	0.5418994413407822	0.18435754189944134	0.0	0.0
12.0	4.0	179.0	0.5698324022346368	0.1787709497206704	0.0111731843575419	0.0
12.0	5.0	179.0	0.5195530726256983	0.12290502793296089	0.0111731843575419	0.0
12.0	6.0	179.0	0.49162011173184356	0.15083798882681565	0.00558659217877095	0.0
12.0	7.0	179.0	0.4748603351955307	0.1787709497206704	0.0111731843575419	0.0
12.0	8.0	179.0	0.49162011173184356	0.15083798882681565	0.00558659217877095	0.0
12.0	9.0	179.0	0.44692737430167595	0.11731843575418995	0.00558659217877095	0.0
12.0	10.0	179.0	0.44692737430167595	0.09497206703910614	0.00558659217877095	0.0
12.0	11.0	179.0	0.4134078212290503	0.11731843575418995	0.00558659217877095	0.0
12.0	12.0	179.0	0.4022346368715084	0.11731843575418995	0.0	0.0
12.0	13.0	178.0	0.28651685393258425	0.08426966292134831	0.0056179775280898875	0.0
12.0	14.0	173.0	0.3583815028901734	0.06358381502890173	0.0	0.0
12.0	15.0	160.0	0.28125	0.04375	0.0	0.0
12.0	16.0	127.0	0.18110236220472442	0.015748031496062992	0.0	0.0
12.0	17.0	90.0	0.08888888888888889	0.0	0.0	0.0
12.0	18.0	50.0	0.08	0.0	0.0	0.0
12.0	19.0	27.0	0.037037037037037035	0.0	0.0	0.0
12.0	20.0	20.0	0.0	0.0	0.0	0.0
12.0	21.0	7.0	0.0	0.0	0.0	0.0
12.0	22.0	3.0	0.0	0.0	0.0	0.0
13.0	1.0	179.0	0.6033519553072626	0.24581005586592178	0.01675977653631285	0.0
13.0	2.0	179.0	0.5363128491620112	0.16759776536312848	0.0111731843575419	0.0
13.0	3.0	179.0	0.5698324022346368	0.16759776536312848	0.00558659217877095	0.00558659217877095
13.0	4.0	179.0	0.5251396648044693	0.18994413407821228	0.00558659217877095	0.0
13.0	5.0	179.0	0.5586592178770949	0.12290502793296089	0.00558659217877095	0.0
13.0	6.0	179.0	0.553072625698324	0.16201117318435754	0.00558659217877095	0.0
13.0	7.0	179.0	0.5027932960893855	0.16201117318435754	0.00558659217877095	0.0
13.0	8.0	179.0	0.4692737430167598	0.09497206703910614	0.00558659217877095	0.0
13.0	9.0	179.0	0.441340782122905	0.12290502793296089	0.0111731843575419	0.0
13.0	10.0	179.0	0.4972067039106145	0.0782122905027933	0.00558659217877095	0.0
13.0	11.0	179.0	0.4748603351955307	0.11173184357541899	0.0	0.0
13.0	12.0	179.0	0.41899441340782123	0.10614525139664804	0.00558659217877095	0.0
13.0	13.0	179.0	0.39664804469273746	0.0893854748603352	0.00558659217877095	0.0
13.0	14.0	173.0	0.3699421965317919	0.06358381502890173	0.005780346820809248	0.0
13.0	15.0	158.0	0.31645569620253167	0.03164556962025317	0.0	0.0
13.0	16.0	120.0	0.21666666666666667	0.03333333333333333	0.0	0.0
13.0	17.0	82.0	0.13414634146341464	0.012195121951219513	0.0	0.0
13.0	18.0	55.0	0.09090909090909091	0.0	0.0	0.0
13.0	19.0	27.0	0.07407407407407407	0.0	0.0	0.0
13.0	20.0	13.0	0.0	0.0	0.0	0.0
13.0	21.0	8.0	0.0	0.0	0.0	0.0
13.0	22.0	5.0	0.0	0.0	0.0	0.0
13.0	23.0	4.0	0.0	0.0	0.0	0.0
13.0	24.0	2.0	0.0	0.0	0.0	0.0
13.0	25.0	2.0	0.0	0.0	0.0	0.0
13.0	26.0	1.0	NaN	NaN	NaN	NaN
14.0	1.0	178.0	0.5898876404494382	0.2303370786516854	0.016853932584269662	0.0
14.0	2.0	178.0	0.5786516853932584	0.1797752808988764	0.0056179775280898875	0.0
14.0	3.0	178.0	0.6067415730337079	0.23595505617977527	0.0056179775280898875	0.0
14.0	4.0	178.0	0.601123595505618	0.17415730337078653	0.0	0.0
14.0	5.0	178.0	0.5674157303370787	0.14606741573033707	0.0	0.0
14.0	6.0	178.0	0.5112359550561798	0.14606741573033707	0.0	0.0
14.0	7.0	178.0	0.5280898876404494	0.1348314606741573	0.0	0.0
14.0	8.0	178.0	0.5786516853932584	0.10112359550561797	0.0056179775280898875	0.0
14.0	9.0	178.0	0.47191011235955055	0.12921348314606743	0.0056179775280898875	0.0
14.0	10.0	178.0	0.46629213483146065	0.11797752808988764	0.0	0.0
14.0	11.0	178.0	0.47191011235955055	0.12359550561797752	0.0	0.0
14.0	12.0	178.0	0.4550561797752809	0.14606741573033707	0.0056179775280898875	0.0
14.0	13.0	178.0	0.42134831460674155	0.10112359550561797	0.0056179775280898875	0.0
14.0	14.0	172.0	0.436046511627907	0.10465116279069768	0.011627906976744186	0.0
14.0	15.0	152.0	0.3355263157894737	0.05921052631578947	0.006578947368421052	0.0
14.0	16.0	120.0	0.16666666666666666	0.025	0.0	0.0
14.0	17.0	77.0	0.16883116883116883	0.025974025974025976	0.0	0.0
14.0	18.0	44.0	0.11363636363636363	0.022727272727272728	0.0	0.0
14.0	19.0	22.0	0.09090909090909091	0.0	0.0	0.0
14.0	20.0	13.0	0.0	0.0	0.0	0.0
14.0	21.0	5.0	0.0	0.0	0.0	0.0
14.0	22.0	3.0	0.0	0.0	0.0	0.0
14.0	23.0	1.0	NaN	NaN	NaN	NaN
14.0	24.0	1.0	NaN	NaN	NaN	NaN
14.0	25.0	1.0	NaN	NaN	NaN	NaN
14.0	26.0	1.0	NaN	NaN	NaN	NaN
15.0	1.0	167.0	0.562874251497006	0.23353293413173654	0.005988023952095809	0.0
15.0	2.0	167.0	0.6167664670658682	0.16766467065868262	0.005988023952095809	0.0
15.0	3.0	167.0	0.5808383233532934	0.17365269461077845	0.0	0.0
15.0	4.0	167.0	0.592814371257485	0.23952095808383234	0.005988023952095809	0.0
15.0	5.0	167.0	0.5508982035928144	0.1497005988023952	0.005988023952095809	0.0
15.0	6.0	167.0	0.5568862275449101	0.16766467065868262	0.017964071856287425	0.0
15.0	7.0	167.0	0.562874251497006	0.1377245508982036	0.023952095808383235	0.0
15.0	8.0	167.0	0.562874251497006	0.17365269461077845	0.0	0.0
15.0	9.0	167.0	0.5149700598802395	0.12574850299401197	0.011976047904191617	0.0
15.0	10.0	167.0	0.5089820359281437	0.07784431137724551	0.0	0.0
15.0	11.0	167.0	0.4491017964071856	0.1377245508982036	0.0	0.0
15.0	12.0	167.0	0.4491017964071856	0.07784431137724551	0.0	0.0
15.0	13.0	167.0	0.41916167664670656	0.09580838323353294	0.005988023952095809	0.0
15.0	14.0	161.0	0.35403726708074534	0.08695652173913043	0.0	0.0
15.0	15.0	144.0	0.2222222222222222	0.04861111111111111	0.0	0.0
15.0	16.0	113.0	0.17699115044247787	0.035398230088495575	0.0	0.0
15.0	17.0	79.0	0.10126582278481013	0.0	0.0	0.0
15.0	18.0	39.0	0.10256410256410256	0.0	0.0	0.0
15.0	19.0	22.0	0.0	0.0	0.0	0.0
15.0	20.0	14.0	0.0	0.0	0.0	0.0
15.0	21.0	10.0	0.0	0.0	0.0	0.0
15.0	22.0	2.0	0.0	0.0	0.0	0.0
16.0	1.0	138.0	0.5869565217391305	0.2391304347826087	0.007246376811594203	0.0
16.0	2.0	138.0	0.5797101449275363	0.1956521739130435	0.007246376811594203	0.0
16.0	3.0	138.0	0.5434782608695652	0.2028985507246377	0.007246376811594203	0.0
16.0	4.0	138.0	0.5362318840579711	0.14492753623188406	0.0	0.0
16.0	5.0	138.0	0.5579710144927537	0.2318840579710145	0.0	0.0
16.0	6.0	138.0	0.5072463768115942	0.13768115942028986	0.007246376811594203	0.0
16.0	7.0	138.0	0.463768115942029	0.12318840579710146	0.0	0.0
16.0	8.0	138.0	0.4855072463768116	0.12318840579710146	0.014492753623188406	0.0
16.0	9.0	138.0	0.427536231884058	0.11594202898550725	0.007246376811594203	0.0
16.0	10.0	138.0	0.4492753623188406	0.11594202898550725	0.0	0.0
16.0	11.0	138.0	0.47101449275362317	0.09420289855072464	0.007246376811594203	0.0
16.0	12.0	138.0	0.5362318840579711	0.15942028985507245	0.0	0.0
16.0	13.0	138.0	0.3695652173913043	0.10144927536231885	0.014492753623188406	0.0
16.0	14.0	133.0	0.3458646616541353	0.05263157894736842	0.007518796992481203	0.0
16.0	15.0	116.0	0.2413793103448276	0.05172413793103448	0.0	0.0
16.0	16.0	91.0	0.18681318681318682	0.03296703296703297	0.0	0.0
16.0	17.0	61.0	0.18032786885245902	0.01639344262295082	0.0	0.0
16.0	18.0	39.0	0.05128205128205128	0.0	0.0	0.0
16.0	19.0	20.0	0.0	0.0	0.0	0.0
16.0	20.0	14.0	0.0	0.0	0.0	0.0
16.0	21.0	8.0	0.125	0.0	0.0	0.0
16.0	22.0	5.0	0.0	0.0	0.0	0.0
16.0	23.0	2.0	0.0	0.0	0.0	0.0
16.0	24.0	2.0	0.0	0.0	0.0	0.0
16.0	25.0	2.0	0.0	0.0	0.0	0.0
16.0	26.0	1.0	NaN	NaN	NaN	NaN
17.0	1.0	105.0	0.6190476190476191	0.1619047619047619	0.009523809523809525	0.0
17.0	2.0	105.0	0.6190476190476191	0.24761904761904763	0.009523809523809525	0.0
17.0	3.0	105.0	0.6476190476190476	0.2	0.02857142857142857	0.0
17.0	4.0	105.0	0.5714285714285714	0.1619047619047619	0.0	0.0
17.0	5.0	105.0	0.580952380952381	0.11428571428571428	0.009523809523809525	0.0
17.0	6.0	105.0	0.5428571428571428	0.24761904761904763	0.02857142857142857	0.0
17.0	7.0	105.0	0.580952380952381	0.1619047619047619	0.0380952380952381	0.0
17.0	8.0	105.0	0.49523809523809526	0.10476190476190476	0.0	0.0
17.0	9.0	105.0	0.47619047619047616	0.1619047619047619	0.009523809523809525	0.0
17.0	10.0	105.0	0.4380952380952381	0.14285714285714285	0.0	0.0
17.0	11.0	105.0	0.4857142857142857	0.13333333333333333	0.0	0.0
17.0	12.0	105.0	0.45714285714285713	0.10476190476190476	0.0	0.0
17.0	13.0	104.0	0.47115384615384615	0.125	0.019230769230769232	0.0
17.0	14.0	99.0	0.5050505050505051	0.06060606060606061	0.0	0.0
17.0	15.0	85.0	0.27058823529411763	0.03529411764705882	0.0	0.0
17.0	16.0	67.0	0.19402985074626866	0.029850746268656716	0.0	0.0
17.0	17.0	41.0	0.0975609756097561	0.024390243902439025	0.0	0.0
17.0	18.0	25.0	0.0	0.0	0.0	0.0
17.0	19.0	10.0	0.1	0.1	0.0	0.0
17.0	20.0	2.0	0.0	0.0	0.0	0.0
17.0	21.0	1.0	NaN	NaN	NaN	NaN
18.0	1.0	69.0	0.6811594202898551	0.2753623188405797	0.028985507246376812	0.0
18.0	2.0	69.0	0.7101449275362319	0.17391304347826086	0.0	0.0
18.0	3.0	69.0	0.7101449275362319	0.2028985507246377	0.028985507246376812	0.0
18.0	4.0	69.0	0.5942028985507246	0.17391304347826086	0.014492753623188406	0.0
18.0	5.0	69.0	0.6231884057971014	0.18840579710144928	0.0	0.0
18.0	6.0	69.0	0.5797101449275363	0.2608695652173913	0.0	0.0
18.0	7.0	69.0	0.5942028985507246	0.18840579710144928	0.028985507246376812	0.0
18.0	8.0	69.0	0.463768115942029	0.11594202898550725	0.0	0.0
18.0	9.0	69.0	0.5507246376811594	0.17391304347826086	0.0	0.0
18.0	10.0	69.0	0.5652173913043478	0.14492753623188406	0.0	0.0
18.0	11.0	69.0	0.463768115942029	0.11594202898550725	0.0	0.0
18.0	12.0	69.0	0.4782608695652174	0.10144927536231885	0.0	0.0
18.0	13.0	69.0	0.5652173913043478	0.15942028985507245	0.0	0.0
18.0	14.0	65.0	0.4461538461538462	0.07692307692307693	0.0	0.0
18.0	15.0	56.0	0.32142857142857145	0.017857142857142856	0.0	0.0
18.0	16.0	38.0	0.18421052631578946	0.0	0.0	0.0
18.0	17.0	21.0	0.14285714285714285	0.0	0.0	0.0
18.0	18.0	14.0	0.14285714285714285	0.14285714285714285	0.0	0.0
18.0	19.0	10.0	0.1	0.0	0.0	0.0
18.0	20.0	7.0	0.0	0.0	0.0	0.0
18.0	21.0	2.0	0.0	0.0	0.0	0.0
18.0	22.0	1.0	NaN	NaN	NaN	NaN
18.0	23.0	1.0	NaN	NaN	NaN	NaN
18.0	24.0	1.0	NaN	NaN	NaN	NaN
19.0	1.0	45.0	0.6666666666666666	0.2222222222222222	0.0	0.0
19.0	2.0	45.0	0.6888888888888889	0.24444444444444444	0.0	0.0
19.0	3.0	45.0	0.6222222222222222	0.24444444444444444	0.022222222222222223	0.0
19.0	4.0	45.0	0.6666666666666666	0.17777777777777778	0.0	0.0
19.0	5.0	45.0	0.5111111111111111	0.08888888888888889	0.0	0.0
19.0	6.0	45.0	0.6444444444444445	0.1111111111111111	0.044444444444444446	0.0
19.0	7.0	45.0	0.5777777777777777	0.2	0.0	0.0
19.0	8.0	45.0	0.6	0.13333333333333333	0.022222222222222223	0.0
19.0	9.0	45.0	0.5111111111111111	0.1111111111111111	0.0	0.0
19.0	10.0	45.0	0.5555555555555556	0.15555555555555556	0.022222222222222223	0.0
19.0	11.0	45.0	0.5333333333333333	0.13333333333333333	0.0	0.0
19.0	12.0	45.0	0.4222222222222222	0.17777777777777778	0.022222222222222223	0.0
19.0	13.0	45.0	0.4888888888888889	0.13333333333333333	0.0	0.0
19.0	14.0	41.0	0.4634146341463415	0.07317073170731707	0.0	0.0
19.0	15.0	34.0	0.4411764705882353	0.14705882352941177	0.029411764705882353	0.0
19.0	16.0	26.0	0.38461538461538464	0.07692307692307693	0.0	0.0
19.0	17.0	17.0	0.17647058823529413	0.0	0.0	0.0
19.0	18.0	10.0	0.2	0.0	0.0	0.0
19.0	19.0	6.0	0.0	0.0	0.0	0.0
19.0	20.0	2.0	0.0	0.0	0.0	0.0
19.0	21.0	2.0	0.0	0.0	0.0	0.0
20.0	1.0	26.0	0.5769230769230769	0.2692307692307692	0.0	0.0
20.0	2.0	26.0	0.5769230769230769	0.2692307692307692	0.0	0.0
20.0	3.0	26.0	0.5769230769230769	0.15384615384615385	0.038461538461538464	0.0
20.0	4.0	26.0	0.6538461538461539	0.19230769230769232	0.0	0.0
20.0	5.0	26.0	0.6153846153846154	0.19230769230769232	0.0	0.0
20.0	6.0	26.0	0.5384615384615384	0.15384615384615385	0.0	0.0
20.0	7.0	26.0	0.5384615384615384	0.19230769230769232	0.0	0.0
20.0	8.0	26.0	0.6538461538461539	0.11538461538461539	0.0	0.0
20.0	9.0	26.0	0.5	0.19230769230769232	0.0	0.0
20.0	10.0	26.0	0.4230769230769231	0.15384615384615385	0.0	0.0
20.0	11.0	26.0	0.5	0.23076923076923078	0.0	0.0
20.0	12.0	26.0	0.6538461538461539	0.07692307692307693	0.0	0.0
20.0	13.0	26.0	0.4230769230769231	0.07692307692307693	0.0	0.0
20.0	14.0	24.0	0.5416666666666666	0.125	0.0	0.0
20.0	15.0	20.0	0.35	0.1	0.0	0.0
20.0	16.0	16.0	0.1875	0.0	0.0	0.0
20.0	17.0	11.0	0.0	0.0	0.0	0.0
20.0	18.0	6.0	0.16666666666666666	0.16666666666666666	0.0	0.0
20.0	19.0	3.0	0.0	0.0	0.0	0.0
20.0	20.0	2.0	0.0	0.0	0.0	0.0
20.0	21.0	1.0	NaN	NaN	NaN	NaN
20.0	22.0	1.0	NaN	NaN	NaN	NaN
21.0	1.0	14.0	0.6428571428571429	0.35714285714285715	0.0	0.0
21.0	2.0	14.0	0.7142857142857143	0.21428571428571427	0.0	0.0
21.0	3.0	14.0	0.5	0.0	0.0	0.0
21.0	4.0	14.0	0.5	0.21428571428571427	0.0	0.0
21.0	5.0	14.0	0.35714285714285715	0.14285714285714285	0.0	0.0
21.0	6.0	14.0	0.5714285714285714	0.14285714285714285	0.0	0.0
21.0	7.0	14.0	0.5714285714285714	0.21428571428571427	0.0	0.0
21.0	8.0	14.0	0.5714285714285714	0.14285714285714285	0.0	0.0
21.0	9.0	14.0	0.5714285714285714	0.14285714285714285	0.0	0.0
21.0	10.0	14.0	0.5714285714285714	0.21428571428571427	0.0	0.0
21.0	11.0	14.0	0.42857142857142855	0.14285714285714285	0.0	0.0
21.0	12.0	14.0	0.42857142857142855	0.07142857142857142	0.0	0.0
21.0	13.0	14.0	0.35714285714285715	0.0	0.0	0.0
21.0	14.0	14.0	0.35714285714285715	0.07142857142857142	0.0	0.0
21.0	15.0	11.0	0.18181818181818182	0.0	0.0	0.0
21.0	16.0	9.0	0.2222222222222222	0.1111111111111111	0.0	0.0
21.0	17.0	6.0	0.16666666666666666	0.0	0.0	0.0
21.0	18.0	4.0	0.0	0.0	0.0	0.0
21.0	19.0	3.0	0.0	0.0	0.0	0.0
21.0	20.0	2.0	0.0	0.0	0.0	0.0
21.0	21.0	2.0	0.0	0.0	0.0	0.0
21.0	22.0	1.0	NaN	NaN	NaN	NaN
21.0	23.0	1.0	NaN	NaN	NaN	NaN
21.0	24.0	1.0	NaN	NaN	NaN	NaN
21.0	25.0	1.0	NaN	NaN	NaN	NaN
22.0	1.0	4.0	0.75	0.0	0.0	0.0
22.0	2.0	4.0	0.5	0.0	0.0	0.0
22.0	3.0	4.0	0.5	0.0	0.0	0.0
22.0	4.0	4.0	0.75	0.0	0.0	0.0
22.0	5.0	4.0	0.5	0.0	0.0	0.0
22.0	6.0	4.0	0.25	0.0	0.0	0.0
22.0	7.0	4.0	0.25	0.0	0.0	0.0
22.0	8.0	4.0	0.5	0.0	0.0	0.0
22.0	9.0	4.0	0.5	0.0	0.0	0.0
22.0	10.0	4.0	0.5	0.0	0.0	0.0
22.0	11.0	4.0	0.25	0.0	0.0	0.0
22.0	12.0	4.0	0.25	0.0	0.0	0.0
22.0	13.0	4.0	0.25	0.0	0.0	0.0
22.0	14.0	4.0	0.5	0.25	0.0	0.0
22.0	15.0	4.0	0.0	0.0	0.0	0.0
22.0	16.0	4.0	0.25	0.25	0.0	0.0
22.0	17.0	1.0	NaN	NaN	NaN	NaN
22.0	18.0	1.0	NaN	NaN	NaN	NaN
22.0	19.0	1.0	NaN	NaN	NaN	NaN
22.0	20.0	1.0	NaN	NaN	NaN	NaN
22.0	21.0	1.0	NaN	NaN	NaN	NaN
22.0	22.0	1.0	NaN	NaN	NaN	NaN
22.0	23.0	1.0	NaN	NaN	NaN	NaN
23.0	1.0	2.0	1.0	0.5	0.0	0.0
23.0	2.0	2.0	1.0	0.5	0.0	0.0
23.0	3.0	2.0	1.0	0.5	0.0	0.0
23.0	4.0	2.0	1.0	0.0	0.0	0.0
23.0	5.0	2.0	0.5	0.5	0.0	0.0
23.0	6.0	2.0	0.5	0.5	0.0	0.0
23.0	7.0	2.0	0.5	0.5	0.0	0.0
23.0	8.0	2.0	0.5	0.0	0.0	0.0
23.0	9.0	2.0	0.5	0.0	0.0	0.0
23.0	10.0	2.0	1.0	0.0	0.0	0.0
23.0	11.0	2.0	0.5	0.0	0.0	0.0
23.0	12.0	2.0	1.0	0.5	0.0	0.0
23.0	13.0	2.0	1.0	0.0	0.0	0.0
23.0	14.0	1.0	NaN	NaN	NaN	NaN
23.0	15.0	1.0	NaN	NaN	NaN	NaN
23.0	16.0	1.0	NaN	NaN	NaN	NaN
24.0	1.0	2.0	0.5	0.5	0.0	0.0
24.0	2.0	2.0	0.5	0.0	0.0	0.0
24.0	3.0	2.0	0.5	0.5	0.0	0.0
24.0	4.0	2.0	0.5	0.5	0.0	0.0
24.0	5.0	2.0	0.5	0.5	0.0	0.0
24.0	6.0	2.0	0.5	0.5	0.0	0.0
24.0	7.0	2.0	1.0	0.5	0.0	0.0
24.0	8.0	2.0	0.5	0.0	0.0	0.0
24.0	9.0	2.0	0.5	0.0	0.0	0.0
24.0	10.0	2.0	0.5	0.5	0.0	0.0
24.0	11.0	2.0	0.5	0.5	0.5	0.0
24.0	12.0	2.0	0.5	0.5	0.0	0.0
24.0	13.0	1.0	NaN	NaN	NaN	NaN
24.0	14.0	1.0	NaN	NaN	NaN	NaN
24.0	15.0	1.0	NaN	NaN	NaN	NaN
24.0	16.0	1.0	NaN	NaN	NaN	NaN
24.0	17.0	1.0	NaN	NaN	NaN	NaN
24.0	18.0	1.0	NaN	NaN	NaN	NaN
24.0	19.0	1.0	NaN	NaN	NaN	NaN
25.0	1.0	1.0	NaN	NaN	NaN	NaN
25.0	2.0	1.0	NaN	NaN	NaN	NaN
25.0	3.0	1.0	NaN	NaN	NaN	NaN
25.0	4.0	1.0	NaN	NaN	NaN	NaN
25.0	5.0	1.0	NaN	NaN	NaN	NaN
25.0	6.0	1.0	NaN	NaN	NaN	NaN
25.0	7.0	1.0	NaN	NaN	NaN	NaN
25.0	8.0	1.0	NaN	NaN	NaN	NaN
25.0	9.0	1.0	NaN	NaN	NaN	NaN
25.0	10.0	1.0	NaN	NaN	NaN	NaN
25.0	11.0	1.0	NaN	NaN	NaN	NaN
25.0	12.0	1.0	NaN	NaN	NaN	NaN
25.0	13.0	1.0	NaN	NaN	NaN	NaN
25.0	14.0	1.0	NaN	NaN	NaN	NaN
25.0	15.0	1.0	NaN	NaN	NaN	NaN
25.0	16.0	1.0	NaN	NaN	NaN	NaN
