# REJUVENATION INDEX IN LINEAGE
# original file "wt_unlimCap_highRe_3gen.txt" 
# mother	daughter	rejMean	rejStd
0.0	0.0	0.0	0.0
0.0	1.0	0.09065	0.15420621294588333
0.0	2.0	-0.013859999999999994	0.34477856404107
0.0	3.0	-0.0365	0.258190468022694
0.0	4.0	0.03168	0.2863656435010628
0.0	5.0	-0.11359999999999996	0.30064591946156344
0.0	6.0	-0.06349	0.2345751405318892
0.0	7.0	-0.059179999999999996	0.3272022167814067
0.0	8.0	-0.09979	0.19234361295464023
0.0	9.0	-0.14079	0.28589874839413576
0.0	10.0	-0.009189999999999999	0.23894578394829794
0.0	11.0	-0.14531999999999998	0.20500921280111617
0.0	12.0	-0.06359	0.21740762252812876
0.0	13.0	-0.17717999999999995	0.2500570059450889
0.0	14.0	-0.04106	0.2937579245266793
0.0	15.0	0.07720999999999999	0.25511392858006704
0.0	16.0	-0.05452	0.21699146322173857
0.0	17.0	-0.12252999999999999	0.21403242770924014
0.0	18.0	-0.07268	0.2173700214432115
0.0	19.0	-0.17705	0.21559873865844187
0.0	20.0	-0.23197777777777778	0.14259770139958233
0.0	21.0	-0.19674444444444444	0.21065597612642697
0.0	22.0	-0.2917714285714285	0.2160981467935786
0.0	23.0	-0.351875	0.1591503979469315
0.0	24.0	-0.215575	0.23846097339676642
0.0	25.0	-0.4996	0.06477098115668777
0.0	26.0	-0.54495	0.06356889962867061
0.0	27.0	-0.4768	0.09574225817265851
0.0	28.0	-0.36315	0.25646762953636076
0.0	29.0	-0.5904	0.06491240251292506
0.0	30.0	NaN	NaN
0.0	31.0	NaN	NaN
0.0	32.0	NaN	NaN
1.0	1.0	0.02101341463414634	0.26631871335792234
1.0	2.0	-0.0014845528455284572	0.23180195330568262
1.0	3.0	-0.009219918699186994	0.2456874240499906
1.0	4.0	-0.002735365853658535	0.25912111424234063
1.0	5.0	-0.03911138211382113	0.23645300217435522
1.0	6.0	-0.018644715447154465	0.26096253455495727
1.0	7.0	-0.03453008130081301	0.26625341433011207
1.0	8.0	-0.030446341463414635	0.21854012447824914
1.0	9.0	-0.03559634146341463	0.2728767722685523
1.0	10.0	-0.042790650406504066	0.3007024904948067
1.0	11.0	-0.04959918699186992	0.2476325371770117
1.0	12.0	-0.057188617886178864	0.23778859988919912
1.0	13.0	-0.04852723577235772	0.2366150553934776
1.0	14.0	-0.05959634146341464	0.25604201462234005
1.0	15.0	-0.06048455284552845	0.2363856144082947
1.0	16.0	-0.07076693877551021	0.2715762974504623
1.0	17.0	-0.07700860655737704	0.22517065473276673
1.0	18.0	-0.07138117154811714	0.2516004138658068
1.0	19.0	-0.10361216216216218	0.24103416532918603
1.0	20.0	-0.12740591133004928	0.24850443142956366
1.0	21.0	-0.13468494623655913	0.24942287285228873
1.0	22.0	-0.14694172185430462	0.30121476332955877
1.0	23.0	-0.19855439999999996	0.19999387954505976
1.0	24.0	-0.2412438775510204	0.2371825483689493
1.0	25.0	-0.31530259740259736	0.24894661759947126
1.0	26.0	-0.332168	0.2433785037713051
1.0	27.0	-0.41073421052631576	0.1935601076784548
1.0	28.0	-0.4456714285714285	0.15533955127550803
1.0	29.0	-0.537625	0.1970492988675944
1.0	30.0	-0.4264	0.22132346891989754
1.0	31.0	-0.5410692307692309	0.17813272385413162
1.0	32.0	-0.49021	0.27888432269391633
1.0	33.0	-0.67172	0.2594843868135422
1.0	34.0	-0.7561666666666667	0.06951361976859881
1.0	35.0	-0.6653333333333333	0.4404789022567747
1.0	36.0	-0.8317666666666668	0.15926425629542032
1.0	37.0	-0.81675	0.00035355339059323483
1.0	38.0	NaN	NaN
1.0	39.0	NaN	NaN
1.0	40.0	NaN	NaN
2.0	1.0	0.020643495934959358	0.2416804576513908
2.0	2.0	0.028234552845528452	0.2663571208389893
2.0	3.0	0.03838170731707317	0.2620815995976929
2.0	4.0	-0.0005556910569105702	0.2415643155752033
2.0	5.0	-0.004227642276422761	0.2320352720550989
2.0	6.0	-0.00462682926829268	0.22712918955220204
2.0	7.0	-0.022833333333333334	0.25507266212980645
2.0	8.0	-0.013246341463414631	0.2682015952996073
2.0	9.0	-0.032630487804878046	0.22060007716746538
2.0	10.0	-0.03036544715447154	0.24536962868044374
2.0	11.0	-0.03536829268292682	0.25028397009081527
2.0	12.0	-0.026180487804878052	0.23399144015689943
2.0	13.0	-0.03945731707317074	0.251964719119435
2.0	14.0	-0.04259512195121949	0.22290871357655
2.0	15.0	-0.043509756097560984	0.2543003125551649
2.0	16.0	-0.031685772357723574	0.23182086610142166
2.0	17.0	-0.04983360655737705	0.23213109592906178
2.0	18.0	-0.07243278008298756	0.23832014629343082
2.0	19.0	-0.06934222222222222	0.23854601073191542
2.0	20.0	-0.1351848484848485	0.2254413743566259
2.0	21.0	-0.1497229411764706	0.19122668045213273
2.0	22.0	-0.17224492753623188	0.19801714777639423
2.0	23.0	-0.18877321428571434	0.2716967267895104
2.0	24.0	-0.24599444444444438	0.19164840136059028
2.0	25.0	-0.2886434782608696	0.1875120094022693
2.0	26.0	-0.32251090909090907	0.2208942730782939
2.0	27.0	-0.34075853658536587	0.20134803075223973
2.0	28.0	-0.3409379310344828	0.16820293316151755
2.0	29.0	-0.44761875000000007	0.17343217009828366
2.0	30.0	-0.5069454545454546	0.19115493382927035
2.0	31.0	-0.46449999999999997	0.2985044436137306
2.0	32.0	-0.5361666666666666	0.11954899692873491
2.0	33.0	-0.6118	0.353694811949511
2.0	34.0	NaN	NaN
2.0	35.0	NaN	NaN
2.0	36.0	NaN	NaN
2.0	37.0	NaN	NaN
2.0	38.0	NaN	NaN
3.0	1.0	0.027493902439024394	0.24388207706530712
3.0	2.0	0.031921138211382115	0.25139857296756435
3.0	3.0	0.014384146341463414	0.2585397872366463
3.0	4.0	0.0077382113821138215	0.2442420061216719
3.0	5.0	0.014752439024390244	0.26693836339344285
3.0	6.0	-0.0077471544715447165	0.2540889289366942
3.0	7.0	-0.010527235772357724	0.23131725742303708
3.0	8.0	-0.023050813008130076	0.2435087642460584
3.0	9.0	-0.009434552845528457	0.27116596240784857
3.0	10.0	-0.03078739837398374	0.23792331255443924
3.0	11.0	0.004997154471544717	0.25579091436057877
3.0	12.0	-0.03780772357723577	0.24889081808668226
3.0	13.0	-0.031174796747967477	0.23368721205168488
3.0	14.0	-0.0457239837398374	0.2317790625371404
3.0	15.0	-0.04594552845528455	0.2202646850262647
3.0	16.0	-0.05943836734693877	0.23012493078285828
3.0	17.0	-0.05184122448979591	0.26448978220705827
3.0	18.0	-0.03811680672268907	0.24957626480222264
3.0	19.0	-0.060164732142857134	0.21344142086468387
3.0	20.0	-0.08917512437810944	0.236124478777846
3.0	21.0	-0.13123107344632767	0.2259129586394449
3.0	22.0	-0.1649371428571429	0.22063959295056162
3.0	23.0	-0.17418018867924528	0.2184540751213099
3.0	24.0	-0.26287948717948717	0.20772220045236514
3.0	25.0	-0.26765084745762713	0.22176152722274883
3.0	26.0	-0.3240071428571428	0.22341366575323046
3.0	27.0	-0.3781111111111111	0.272868978609111
3.0	28.0	-0.42019999999999996	0.34938354600957133
3.0	29.0	-0.5269615384615385	0.23195765252326245
3.0	30.0	-0.5082	0.3455589899793602
3.0	31.0	-0.6501	0.26283053856049526
3.0	32.0	-0.6126750000000001	0.5551776134715809
3.0	33.0	-0.7714	0.31471364762272386
3.0	34.0	-1.02115	0.03189051583151332
3.0	35.0	-0.885	0.09644936495384514
3.0	36.0	-1.04385	0.06441742776609445
3.0	37.0	-0.8850499999999999	0.28899454147094195
3.0	38.0	-1.04385	0.1281984594291211
3.0	39.0	-0.9077500000000001	0.3210971893368113
3.0	40.0	-0.9530500000000001	0.1281984594291211
3.0	41.0	-0.8395999999999999	0.031961226509631964
3.0	42.0	-1.2027	0.032244069222106625
3.0	43.0	-0.7034499999999999	0.0321733585439879
4.0	1.0	0.02139878048780488	0.2677425899783272
4.0	2.0	0.015311788617886185	0.2570919171433852
4.0	3.0	-0.0005589430894308948	0.24835924141703633
4.0	4.0	-0.006835365853658536	0.2601243994575113
4.0	5.0	-0.025104471544715446	0.23870826875447865
4.0	6.0	-0.03228983739837399	0.2380188684391107
4.0	7.0	-0.031383739837398374	0.2475138559300976
4.0	8.0	-0.017153252032520327	0.27012511290517616
4.0	9.0	-0.013681300813008133	0.25339059108205503
4.0	10.0	-0.043369105691056904	0.2417458779185811
4.0	11.0	-0.0483560975609756	0.24267727175813997
4.0	12.0	-0.026044715447154473	0.25274554412293865
4.0	13.0	-0.042988211382113825	0.24971595713573527
4.0	14.0	-0.06457520325203253	0.23666464932421666
4.0	15.0	-0.0465150406504065	0.26616967255715296
4.0	16.0	-0.06669918367346937	0.23784331820701696
4.0	17.0	-0.059195884773662555	0.23806085960433923
4.0	18.0	-0.07755485232067508	0.2281193044510254
4.0	19.0	-0.1020366515837104	0.2321154226312474
4.0	20.0	-0.09186504854368935	0.22648744334277973
4.0	21.0	-0.11166477272727274	0.24143877332821614
4.0	22.0	-0.1515493333333333	0.2143320339365179
4.0	23.0	-0.21895438596491226	0.2083866429145468
4.0	24.0	-0.23825326086956522	0.21314989899082604
4.0	25.0	-0.2643246376811594	0.2353605397018877
4.0	26.0	-0.3330574468085107	0.26162941908827825
4.0	27.0	-0.3721514285714286	0.25409183190731816
4.0	28.0	-0.4764428571428572	0.17180838687020433
4.0	29.0	-0.55602	0.19187554519037922
4.0	30.0	-0.49308666666666656	0.2507266208063124
4.0	31.0	-0.5652545454545455	0.12235131681871154
4.0	32.0	-0.57627	0.17239332321435447
4.0	33.0	-0.6897599999999999	0.1676781232003746
4.0	34.0	-0.567175	0.07872184681946089
4.0	35.0	-0.86205	0.06441742776609445
4.0	36.0	-0.93005	0.03174909447527602
4.0	37.0	-0.81665	0.00021213203435594088
4.0	38.0	-0.95275	0.06385174234114527
5.0	1.0	0.021767479674796756	0.2479281740939105
5.0	2.0	0.004627235772357722	0.26055867189576126
5.0	3.0	0.0186280487804878	0.25031344119465065
5.0	4.0	0.0020613821138211375	0.25961034682007794
5.0	5.0	-0.0016654471544715437	0.2701894854092542
5.0	6.0	0.013468292682926824	0.31284304934128676
5.0	7.0	0.0020243902439024348	0.2699384538595338
5.0	8.0	-0.021206910569105696	0.24636462920532584
5.0	9.0	-0.012539430894308944	0.2764012477268888
5.0	10.0	-1.0975609756100217e-5	0.2835255024369157
5.0	11.0	-0.015506504065040652	0.2642582131605953
5.0	12.0	-0.00621626016260163	0.2833154719257089
5.0	13.0	-0.033016666666666666	0.26245882446093327
5.0	14.0	-0.04187967479674798	0.25630788006052074
5.0	15.0	-0.05333048780487804	0.25646712946354605
5.0	16.0	-0.032226016260162596	0.2764596436836626
5.0	17.0	-0.029633877551020416	0.2725694230173321
5.0	18.0	-0.06490775862068966	0.2528541814611741
5.0	19.0	-0.07160526315789476	0.25800450674554537
5.0	20.0	-0.11113174603174603	0.24336540088626177
5.0	21.0	-0.13638895705521473	0.2521015149258685
5.0	22.0	-0.16416544117647058	0.2559981291536606
5.0	23.0	-0.22732038834951457	0.22994104417421035
5.0	24.0	-0.2686565789473685	0.3259559464449253
5.0	25.0	-0.3030622641509434	0.2579863750326116
5.0	26.0	-0.35948717948717945	0.2877660281141125
5.0	27.0	-0.4364068965517241	0.2555855726576501
5.0	28.0	-0.4423833333333332	0.29764983755598023
5.0	29.0	-0.503878947368421	0.21856428390482832
5.0	30.0	-0.6092142857142857	0.21171613018431018
5.0	31.0	-0.6993499999999999	0.20683540008246346
5.0	32.0	-0.67112	0.29460815708704036
5.0	33.0	-0.776575	0.24656096754005025
5.0	34.0	-0.8012999999999999	0.28991772626039963
5.0	35.0	-0.7071400000000001	0.3597948901805027
5.0	36.0	-0.8609749999999999	0.3763447477601709
5.0	37.0	-0.9670666666666667	0.3865233800604219
5.0	38.0	-1.1181666666666668	0.2891997464268136
5.0	39.0	-1.1327500000000001	0.2591546353048697
5.0	40.0	NaN	NaN
5.0	41.0	NaN	NaN
5.0	42.0	NaN	NaN
5.0	43.0	NaN	NaN
5.0	44.0	NaN	NaN
5.0	45.0	NaN	NaN
5.0	46.0	NaN	NaN
5.0	47.0	NaN	NaN
6.0	1.0	0.020091056910569106	0.25812997343392885
6.0	2.0	0.0005699186991869927	0.24775798673177243
6.0	3.0	-0.017200406504065038	0.25960172297437206
6.0	4.0	-0.003902439024390245	0.24626290148353264
6.0	5.0	0.016037804878048782	0.28791239270146074
6.0	6.0	-0.02933130081300813	0.23154873378686608
6.0	7.0	-0.025465040650406508	0.2607983784486148
6.0	8.0	-0.030432113821138213	0.24087695661851766
6.0	9.0	-0.019602845528455287	0.23990196984336554
6.0	10.0	-0.05275569105691058	0.24154445627096222
6.0	11.0	-0.019189024390243906	0.23009932318915133
6.0	12.0	-0.02879349593495935	0.25860601496858626
6.0	13.0	-0.029157317073170735	0.25492530095832167
6.0	14.0	-0.03673130081300812	0.2353515713971702
6.0	15.0	-0.06514146341463414	0.24592921527713876
6.0	16.0	-0.06107845528455285	0.24125846632760262
6.0	17.0	-0.05451065573770491	0.261660181977484
6.0	18.0	-0.07816680672268908	0.2456473384450127
6.0	19.0	-0.0751053811659193	0.28543095703194826
6.0	20.0	-0.12067164948453608	0.24181604100946874
6.0	21.0	-0.16132923976608188	0.20408482944745088
6.0	22.0	-0.18216267605633804	0.21467113578752423
6.0	23.0	-0.24501217391304345	0.22358684256074926
6.0	24.0	-0.24507173913043473	0.22685328817846512
6.0	25.0	-0.308656338028169	0.20995602922815892
6.0	26.0	-0.36907499999999993	0.20598363715234716
6.0	27.0	-0.38449	0.27297020387787424
6.0	28.0	-0.38631612903225804	0.22709632331791751
6.0	29.0	-0.42159166666666664	0.15975680679971221
6.0	30.0	-0.5232266666666666	0.16153035303738103
6.0	31.0	-0.5707916666666666	0.23620373508837023
6.0	32.0	-0.5366333333333334	0.16600744160026884
6.0	33.0	-0.7481	0.108846283047853
6.0	34.0	-0.7820250000000001	0.15008223023840409
6.0	35.0	-0.7706333333333332	0.13725160594081706
6.0	36.0	-0.5594666666666667	0.45699021141960294
6.0	37.0	NaN	NaN
6.0	38.0	NaN	NaN
6.0	39.0	NaN	NaN
6.0	40.0	NaN	NaN
7.0	1.0	-0.004416260162601624	0.27495165255864906
7.0	2.0	0.027878048780487805	0.30910838401311214
7.0	3.0	0.021225609756097552	0.2879656154974242
7.0	4.0	0.014199999999999997	0.2810770641656839
7.0	5.0	0.0022365853658536596	0.2772607058033619
7.0	6.0	0.000379674796747969	0.27894016429813284
7.0	7.0	-0.010498373983739836	0.2628246020179935
7.0	8.0	-0.02303577235772358	0.26956297545383245
7.0	9.0	-0.0029349593495934957	0.2932596520279415
7.0	10.0	-0.01936666666666667	0.283373348498859
7.0	11.0	-0.019324390243902437	0.2733235049194698
7.0	12.0	-0.021189837398373986	0.29604262272133813
7.0	13.0	-0.03666422764227643	0.2630598696906199
7.0	14.0	-0.021177235772357722	0.27926762566574187
7.0	15.0	-0.04849715447154472	0.2642759050535442
7.0	16.0	-0.021201626016260165	0.29041493973594934
7.0	17.0	-0.04650041666666666	0.2972733694636878
7.0	18.0	-0.06330042918454935	0.24232817846342428
7.0	19.0	-0.08531238532110093	0.2624531952704102
7.0	20.0	-0.09922192513368984	0.27200873108325263
7.0	21.0	-0.13408812499999997	0.2725086359192132
7.0	22.0	-0.19147401574803147	0.2947693077571859
7.0	23.0	-0.21827227722772277	0.3223715018790625
7.0	24.0	-0.27683823529411766	0.2922757903431619
7.0	25.0	-0.3851941176470588	0.2786012336022687
7.0	26.0	-0.3989363636363636	0.352504943122794
7.0	27.0	-0.5389558823529412	0.31055394026293437
7.0	28.0	-0.5460076923076923	0.3633817187730576
7.0	29.0	-0.5872157894736841	0.4406731861130926
7.0	30.0	-0.68026875	0.34740941787032775
7.0	31.0	-0.7332083333333334	0.4036808335539203
7.0	32.0	-0.7217333333333334	0.40205581777417504
7.0	33.0	-0.6713699999999999	0.49327953997257534
7.0	34.0	-0.8366444444444444	0.4240727800481632
7.0	35.0	-0.92995	0.3468527559148324
7.0	36.0	-0.9251400000000001	0.418708404501271
7.0	37.0	-1.0317749999999999	0.2574134595678063
7.0	38.0	-1.05445	0.40601210573085134
7.0	39.0	-0.9525	0.3034924051768017
7.0	40.0	-1.2095	0.33370813595116317
7.0	41.0	-1.1489666666666667	0.5290141901058357
7.0	42.0	-1.2397333333333334	0.34283888830372405
7.0	43.0	-1.247	0.544613642869879
7.0	44.0	-0.9296	0.2240114282798983
7.0	45.0	-1.3831	0.28793388129916214
7.0	46.0	NaN	NaN
7.0	47.0	NaN	NaN
7.0	48.0	NaN	NaN
7.0	49.0	NaN	NaN
7.0	50.0	NaN	NaN
7.0	51.0	NaN	NaN
7.0	52.0	NaN	NaN
7.0	53.0	NaN	NaN
7.0	54.0	NaN	NaN
7.0	55.0	NaN	NaN
7.0	56.0	NaN	NaN
8.0	1.0	0.0016300813008130097	0.25219109580972054
8.0	2.0	0.015645934959349593	0.22985779624283376
8.0	3.0	0.03099186991869919	0.2807179011307698
8.0	4.0	0.017130081300813005	0.2903833038813605
8.0	5.0	0.01197235772357723	0.26155849006021903
8.0	6.0	0.013092276422764225	0.2893868359086946
8.0	7.0	0.001830081300813011	0.23787533467453909
8.0	8.0	-0.01626829268292683	0.257078616838197
8.0	9.0	-0.006653252032520325	0.26299034926344284
8.0	10.0	-0.004615040650406503	0.25949256868247095
8.0	11.0	-0.0031459349593495945	0.26533048465159226
8.0	12.0	-0.028240243902439024	0.24115339611013248
8.0	13.0	-0.02712845528455285	0.2582534339879795
8.0	14.0	0.002915040650406505	0.27435725684789236
8.0	15.0	-0.005542682926829269	0.2578836643411075
8.0	16.0	-0.028953061224489793	0.28383069655010024
8.0	17.0	-0.04129506172839506	0.24226535972145757
8.0	18.0	-0.0611311403508772	0.24305746776912956
8.0	19.0	-0.05521556603773585	0.2364527428776626
8.0	20.0	-0.09005833333333334	0.23821463254640315
8.0	21.0	-0.10552392638036809	0.23531447433466976
8.0	22.0	-0.15184923076923076	0.24430834508879112
8.0	23.0	-0.18668453608247423	0.25673703770435935
8.0	24.0	-0.24446857142857137	0.23096040726186662
8.0	25.0	-0.30924999999999997	0.2570134312244931
8.0	26.0	-0.3875794871794872	0.27328397528413284
8.0	27.0	-0.4143903225806452	0.2473768425632423
8.0	28.0	-0.4786818181818182	0.24889940908759878
8.0	29.0	-0.5327631578947368	0.20732559527501748
8.0	30.0	-0.632076923076923	0.13154433443929434
8.0	31.0	-0.49029	0.21257227502925002
8.0	32.0	-0.630511111111111	0.11221085558497051
8.0	33.0	-0.5901142857142857	0.22222363682089435
8.0	34.0	-0.6897800000000001	0.2635548367987201
8.0	35.0	-0.6578499999999999	0.07886606790417956
8.0	36.0	-0.7863666666666665	0.27751865402767667
8.0	37.0	-0.9075500000000001	0.19254517651709696
8.0	38.0	NaN	NaN
8.0	39.0	NaN	NaN
8.0	40.0	NaN	NaN
8.0	41.0	NaN	NaN
8.0	42.0	NaN	NaN
9.0	1.0	0.04891951219512195	0.2801350995235463
9.0	2.0	0.03816422764227643	0.2681695688438396
9.0	3.0	0.004258536585365853	0.26133909036215586
9.0	4.0	0.009803658536585368	0.26969213897200484
9.0	5.0	-0.006070325203252036	0.2573505733539525
9.0	6.0	0.0204829268292683	0.2579206610195982
9.0	7.0	0.00022601626016260313	0.26564735081280405
9.0	8.0	-0.01790203252032521	0.2739087475708872
9.0	9.0	-0.0021853658536585352	0.27541890622725346
9.0	10.0	-0.02246626016260163	0.2504823613486044
9.0	11.0	-0.029454471544715453	0.2408684817707288
9.0	12.0	0.0007715447154471572	0.2628650626199221
9.0	13.0	-0.01584674796747967	0.23781872355871267
9.0	14.0	-0.0503430894308943	0.26617360748089963
9.0	15.0	-0.01475081300813008	0.23908497605421908
9.0	16.0	-0.036877551020408156	0.2537429779899807
9.0	17.0	-0.03712355371900827	0.24222800064751418
9.0	18.0	-0.07206610169491523	0.24621543454405384
9.0	19.0	-0.07067880184331796	0.2499558576074213
9.0	20.0	-0.08653711340206187	0.2717767921097168
9.0	21.0	-0.14869182389937108	0.242602380833109
9.0	22.0	-0.15865839999999998	0.2556287240233508
9.0	23.0	-0.22065000000000004	0.2469302802752868
9.0	24.0	-0.2759342465753425	0.2456538255458833
9.0	25.0	-0.2836326923076923	0.28200497264504204
9.0	26.0	-0.4071263157894737	0.3056548244690322
9.0	27.0	-0.4422892857142857	0.2520967882018593
9.0	28.0	-0.5060578947368422	0.2985221326538629
9.0	29.0	-0.5683933333333333	0.31354909268535525
9.0	30.0	-0.5781666666666667	0.37140816394153786
9.0	31.0	-0.6621699999999999	0.20717792702033788
9.0	32.0	-0.8843	0.1782083724183575
9.0	33.0	-0.7708333333333334	0.34603091576717054
9.0	34.0	-0.8617166666666667	0.09094049519695098
9.0	35.0	-0.75605	0.15435495132971924
9.0	36.0	-0.8617500000000001	0.13495395881559014
9.0	37.0	-0.7798399999999999	0.23790501886257046
9.0	38.0	-0.8434800000000001	0.19664098504635297
9.0	39.0	-1.0121333333333336	0.11454930525033027
9.0	40.0	-1.06455	0.09878281733176072
9.0	41.0	-0.9058999999999999	0.0022627416997969383
9.0	42.0	-0.86085	0.19424223279194455
9.0	43.0	NaN	NaN
9.0	44.0	NaN	NaN
9.0	45.0	NaN	NaN
9.0	46.0	NaN	NaN
10.0	1.0	0.04334146341463415	0.23996144738884978
10.0	2.0	0.023983739837398373	0.23376869777850617
10.0	3.0	0.006106910569105692	0.229030998331988
10.0	4.0	0.019566260162601625	0.2791769203515522
10.0	5.0	0.008320325203252033	0.25210213963727024
10.0	6.0	0.020494308943089432	0.2618948331696314
10.0	7.0	0.0020508130081300802	0.2641149225346019
10.0	8.0	0.0060638211382113855	0.2484993615399192
10.0	9.0	0.006447967479674796	0.26788412263349487
10.0	10.0	-0.0005430894308943086	0.23330558224601303
10.0	11.0	-0.024349999999999997	0.2616949449731305
10.0	12.0	-0.004763821138211387	0.2577315552339265
10.0	13.0	0.0031361788617886178	0.26184729143660473
10.0	14.0	-0.023989430894308945	0.2665812664891141
10.0	15.0	-0.012940816326530609	0.24394474794205184
10.0	16.0	-0.007795081967213116	0.2684100981683787
10.0	17.0	-0.019853333333333337	0.24687598683523612
10.0	18.0	-0.041651724137931015	0.2345766079954681
10.0	19.0	-0.061482242990654204	0.22601437002512953
10.0	20.0	-0.10086250000000001	0.24023244585113285
10.0	21.0	-0.1326949685534591	0.2483291223608278
10.0	22.0	-0.15367177419354847	0.2485471231957014
10.0	23.0	-0.17548979591836736	0.24224980822598174
10.0	24.0	-0.23444084507042257	0.235714985024266
10.0	25.0	-0.2722686274509804	0.2391980522413977
10.0	26.0	-0.34606857142857145	0.3042884784227631
10.0	27.0	-0.41854074074074077	0.2425706752827359
10.0	28.0	-0.42664	0.25354457388666085
10.0	29.0	-0.5349071428571428	0.2518253743684781
10.0	30.0	-0.5363	0.28628616802074114
10.0	31.0	-0.6297625	0.26283467882465045
10.0	32.0	-0.65376	0.291545790571567
10.0	33.0	-0.7081	0.3963258003208976
10.0	34.0	-0.68108	0.09649736783974994
10.0	35.0	-0.8018000000000001	0.17156914058186568
10.0	36.0	-0.8018000000000001	0.09425163128561752
10.0	37.0	-0.8926	0.06955738637988063
10.0	38.0	NaN	NaN
10.0	39.0	NaN	NaN
10.0	40.0	NaN	NaN
10.0	41.0	NaN	NaN
10.0	42.0	NaN	NaN
10.0	43.0	NaN	NaN
11.0	1.0	0.07879959349593497	0.24923636785400835
11.0	2.0	0.051684959349593496	0.2692054060950758
11.0	3.0	0.026756910569105695	0.2322314131158044
11.0	4.0	0.03231097560975609	0.2416477149156231
11.0	5.0	0.03766056910569106	0.25173085568552095
11.0	6.0	0.05036504065040649	0.26563781602676173
11.0	7.0	0.01422276422764227	0.24160655816650042
11.0	8.0	0.04151666666666667	0.26272964937338905
11.0	9.0	0.024934552845528455	0.27885346364889013
11.0	10.0	0.026602845528455286	0.2714632879152308
11.0	11.0	0.021587804878048778	0.23502125621117792
11.0	12.0	0.004273577235772356	0.24534045364950938
11.0	13.0	0.0035178861788617904	0.2514223263940398
11.0	14.0	0.018265447154471547	0.2902398429469684
11.0	15.0	-0.011222357723577239	0.2599152276795736
11.0	16.0	0.012013821138211386	0.25775894032681107
11.0	17.0	-0.03844406779661017	0.2269221283780802
11.0	18.0	-0.049975115207373286	0.24318002786403795
11.0	19.0	-0.07175412371134021	0.23801823461410185
11.0	20.0	-0.11899999999999997	0.21781064764572028
11.0	21.0	-0.15545735294117646	0.19930923846657575
11.0	22.0	-0.14169292035398234	0.2501499991850654
11.0	23.0	-0.19317956989247306	0.2162833475464534
11.0	24.0	-0.24827837837837846	0.20004277574769141
11.0	25.0	-0.2560301886792453	0.294348124338999
11.0	26.0	-0.31542195121951216	0.21827136036616798
11.0	27.0	-0.40401562500000004	0.18654833518658673
11.0	28.0	-0.37422000000000005	0.14263957744129635
11.0	29.0	-0.4706687500000001	0.22400304676127364
11.0	30.0	-0.54904	0.12167545356397895
11.0	31.0	-0.6069	0.18601632800836135
11.0	32.0	-0.53526	0.15854263779816455
11.0	33.0	-0.63505	0.11092130844281757
11.0	34.0	-0.601	0.3278036099048738
11.0	35.0	-0.77105	0.12876414485407026
11.0	36.0	NaN	NaN
12.0	1.0	0.0328479674796748	0.2390032807731764
12.0	2.0	0.04169146341463415	0.2260844934349263
12.0	3.0	0.0420520325203252	0.2403991778482982
12.0	4.0	0.03872235772357724	0.2217302592463168
12.0	5.0	0.02986585365853659	0.23912374247870785
12.0	6.0	0.023424796747967477	0.24268483852931425
12.0	7.0	0.04645772357723578	0.2634836614252619
12.0	8.0	0.020284146341463416	0.24114070215836972
12.0	9.0	0.015497560975609753	0.23828662554242155
12.0	10.0	0.01308861788617886	0.2659051378196711
12.0	11.0	0.014379674796747968	0.24306510288040353
12.0	12.0	0.007925609756097563	0.25122503115780265
12.0	13.0	0.0005821138211382121	0.23043878766920362
12.0	14.0	-0.00795609756097561	0.21233556294035766
12.0	15.0	-0.004085365853658536	0.20300200931263623
12.0	16.0	-0.00035619834710743547	0.2298091257022377
12.0	17.0	-0.013230416666666666	0.22611455559267227
12.0	18.0	-0.03953200000000001	0.22701804354814747
12.0	19.0	-0.07105999999999998	0.21632870654286684
12.0	20.0	-0.07373920454545455	0.20353045485681198
12.0	21.0	-0.12182416107382549	0.21341835062916023
12.0	22.0	-0.1515	0.1919997262284373
12.0	23.0	-0.21755568181818177	0.22125000310823012
12.0	24.0	-0.21435507246376814	0.22380971535464458
12.0	25.0	-0.29330555555555554	0.23258616128519696
12.0	26.0	-0.286025	0.25176365603478196
12.0	27.0	-0.34222916666666664	0.22153081340127806
12.0	28.0	-0.37960000000000005	0.2309174335365589
12.0	29.0	-0.3779533333333333	0.21380560552141978
12.0	30.0	-0.45378333333333326	0.0908206455970594
12.0	31.0	-0.521775	0.34051477084946946
12.0	32.0	-0.6805666666666667	0.24038557222373672
12.0	33.0	-0.6805	0.19304015126392743
12.0	34.0	-0.6805	0.19304015126392743
12.0	35.0	NaN	NaN
12.0	36.0	NaN	NaN
12.0	37.0	NaN	NaN
12.0	38.0	NaN	NaN
12.0	39.0	NaN	NaN
13.0	1.0	0.044631707317073166	0.23765284072534934
13.0	2.0	0.02914756097560976	0.24151379318819313
13.0	3.0	0.05034674796747966	0.2634805374247328
13.0	4.0	0.047736991869918706	0.2781321461975678
13.0	5.0	0.048861788617886176	0.25401949146499514
13.0	6.0	0.03543902439024389	0.2568943475785713
13.0	7.0	0.012529268292682931	0.23809488461251346
13.0	8.0	0.040921951219512205	0.2697397457827687
13.0	9.0	0.010153658536585362	0.238410743078268
13.0	10.0	-0.0014731707317073182	0.22498247499030355
13.0	11.0	0.006447967479674796	0.2299731701652434
13.0	12.0	0.026752439024390246	0.22501535941712672
13.0	13.0	-0.018458536585365854	0.2104808106729047
13.0	14.0	0.0049654471544715445	0.229526750531155
13.0	15.0	0.013445528455284553	0.24623488943657446
13.0	16.0	0.01865679012345679	0.23617229542262427
13.0	17.0	-0.001701244813278007	0.25565926599697236
13.0	18.0	-0.04458864628820962	0.22338191089732823
13.0	19.0	-0.06179999999999999	0.22992548856371303
13.0	20.0	-0.09782427745664737	0.2237615559966951
13.0	21.0	-0.11907304964539005	0.2242496959320865
13.0	22.0	-0.15534237288135594	0.24433879953544807
13.0	23.0	-0.19397931034482754	0.19971959770261805
13.0	24.0	-0.20749836065573765	0.28250501617481844
13.0	25.0	-0.29327073170731704	0.254508846844174
13.0	26.0	-0.3546481481481481	0.253575812317722
13.0	27.0	-0.41985	0.24237215077991986
13.0	28.0	-0.5672083333333333	0.2571527436381072
13.0	29.0	-0.6029	0.2112006076380148
13.0	30.0	-0.7033333333333333	0.3223760268175452
13.0	31.0	-0.79846	0.15297409257779565
13.0	32.0	-0.68942	0.21582493368468808
13.0	33.0	-0.907125	0.19001893545995183
13.0	34.0	-0.805075	0.16812509975213893
13.0	35.0	-0.9524999999999999	0.15444371142911578
13.0	36.0	-0.9296500000000001	0.059665204823805544
13.0	37.0	-0.963725	0.1206668243553297
13.0	38.0	-0.9229333333333334	0.025962729697266675
13.0	39.0	-0.65845	0.09694433970067566
13.0	40.0	-1.0444	0.12940054095713815
13.0	41.0	-0.8401000000000001	0.22556706319850872
13.0	42.0	NaN	NaN
14.0	1.0	0.08999593495934959	0.25392430075520583
14.0	2.0	0.0909239837398374	0.2473229623551899
14.0	3.0	0.061614227642276434	0.23274508837802552
14.0	4.0	0.05701829268292683	0.21717411887448723
14.0	5.0	0.061266666666666664	0.2375158872165652
14.0	6.0	0.05169918699186993	0.285989134229424
14.0	7.0	0.042063008130081306	0.23567676007247967
14.0	8.0	0.03877845528455284	0.2611458050459825
14.0	9.0	0.015134146341463418	0.2203454963643319
14.0	10.0	0.032294715447154475	0.22480592721441983
14.0	11.0	0.026565447154471542	0.23830329514024182
14.0	12.0	0.015510162601626017	0.211522812438787
14.0	13.0	0.023099186991869917	0.2348360134728618
14.0	14.0	-0.0008955284552845535	0.22978764895567547
14.0	15.0	0.015199591836734694	0.23722223610595913
14.0	16.0	0.027078189300411518	0.23104255103789054
14.0	17.0	0.01440593220338983	0.22779606381161077
14.0	18.0	-0.009728251121076234	0.2524867500940471
14.0	19.0	-0.040762626262626264	0.21116310225385929
14.0	20.0	-0.08547317073170732	0.19568230014147367
14.0	21.0	-0.06341250000000001	0.23416734580763515
14.0	22.0	-0.14576796116504856	0.1696959103887455
14.0	23.0	-0.20272962962962968	0.1909806976139503
14.0	24.0	-0.22368793103448273	0.19006301732198985
14.0	25.0	-0.2170027027027027	0.24051885983626511
14.0	26.0	-0.3307208333333333	0.16239575379747243
14.0	27.0	-0.40172857142857143	0.14230937278485062
14.0	28.0	-0.4422916666666666	0.17749331080011968
14.0	29.0	-0.25197777777777774	0.8160939862812644
14.0	30.0	-0.4795428571428571	0.14078101028598586
14.0	31.0	-0.5448	0.19802063023836683
14.0	32.0	-0.6806	0.00014142135623729392
14.0	33.0	-0.6578999999999999	0.22471853506108477
14.0	34.0	NaN	NaN
14.0	35.0	NaN	NaN
15.0	1.0	0.07377235772357722	0.2699162401601162
15.0	2.0	0.05845243902439025	0.2610344022486159
15.0	3.0	0.0571630081300813	0.2546425793897422
15.0	4.0	0.05772317073170731	0.2536836041448998
15.0	5.0	0.03651951219512194	0.2395841843979661
15.0	6.0	0.049411788617886185	0.2612638776770118
15.0	7.0	0.014550000000000002	0.25483783122701736
15.0	8.0	0.0341109756097561	0.2545796104213957
15.0	9.0	0.04259349593495934	0.2425565806459749
15.0	10.0	0.043900813008130084	0.2531904002422812
15.0	11.0	0.014195121951219511	0.2429049157562615
15.0	12.0	0.0387739837398374	0.2807443714411774
15.0	13.0	0.02488536585365854	0.2625949102458166
15.0	14.0	0.00996991869918699	0.26866046242611463
15.0	15.0	-0.007756504065040649	0.24402219675378892
15.0	16.0	0.012897560975609755	0.2707361331443316
15.0	17.0	-0.0209635593220339	0.23287383934097233
15.0	18.0	-0.032295555555555557	0.22919482604048927
15.0	19.0	-0.029590196078431375	0.22203733255078248
15.0	20.0	-0.07701607142857143	0.22607558651479123
15.0	21.0	-0.10743760000000001	0.2689515877601575
15.0	22.0	-0.158854	0.2283680148047414
15.0	23.0	-0.1958371428571429	0.2415764098351076
15.0	24.0	-0.32421632653061216	0.2122491365774927
15.0	25.0	-0.2988487804878049	0.3403895820394267
15.0	26.0	-0.43437857142857145	0.23468923085511412
15.0	27.0	-0.4388142857142857	0.22636455616044288
15.0	28.0	-0.4923615384615385	0.2577285605000655
15.0	29.0	-0.49546666666666667	0.2953033150487612
15.0	30.0	-0.6310300000000001	0.27482936948829423
15.0	31.0	-0.60505	0.35727729706769784
15.0	32.0	-0.7107166666666668	0.17621412448117396
15.0	33.0	-0.6987000000000001	0.2650008962248996
15.0	34.0	-0.9535999999999999	0.31899308769940454
15.0	35.0	-1.04495	0.2577404217424966
15.0	36.0	-1.18125	0.1935351260107581
15.0	37.0	-0.97675	0.09708576105691304
15.0	38.0	-0.9768	0.2897723589302471
15.0	39.0	-0.8404	0.09574225817265851
15.0	40.0	-1.04485	0.12777419536040913
15.0	41.0	-0.81785	0.38600959184973627
15.0	42.0	NaN	NaN
15.0	43.0	NaN	NaN
15.0	44.0	NaN	NaN
15.0	45.0	NaN	NaN
16.0	1.0	0.037572244897959184	0.2857020016287843
16.0	2.0	0.03594367346938776	0.2724286525840214
16.0	3.0	0.033719591836734696	0.26212838524717563
16.0	4.0	0.02131673469387755	0.2742889086629709
16.0	5.0	0.017621632653061225	0.26625946204495915
16.0	6.0	0.02775877551020408	0.2567964840806809
16.0	7.0	0.02187795918367346	0.2594576362414773
16.0	8.0	0.0022277551020408147	0.2504204337763328
16.0	9.0	0.00797020408163265	0.27641123135950807
16.0	10.0	-0.005730204081632653	0.2647441080977992
16.0	11.0	0.004836734693877556	0.26801632313108076
16.0	12.0	-0.009077959183673469	0.25240401877256097
16.0	13.0	-0.0009171428571428531	0.25078297560332724
16.0	14.0	-0.011654285714285714	0.2605990945217841
16.0	15.0	-0.017781224489795917	0.2449630018369841
16.0	16.0	-0.028262704918032785	0.26032832143430235
16.0	17.0	-0.025253586497890296	0.27050134456769337
16.0	18.0	-0.03457174887892377	0.26206425757661017
16.0	19.0	-0.08288009950248758	0.2525502415401538
16.0	20.0	-0.104216	0.26306508979084753
16.0	21.0	-0.14968888888888887	0.2866482750374989
16.0	22.0	-0.17851666666666663	0.24134718161360227
16.0	23.0	-0.22486847826086956	0.25142605009384117
16.0	24.0	-0.2973430769230768	0.2664410435309932
16.0	25.0	-0.33273571428571425	0.2671483052277568
16.0	26.0	-0.36762999999999996	0.2637436662419756
16.0	27.0	-0.4869346153846154	0.30412059047990514
16.0	28.0	-0.4877249999999999	0.28207685192999593
16.0	29.0	-0.5717599999999999	0.4058012317801484
16.0	30.0	-0.6352777777777777	0.3128182810266121
16.0	31.0	-0.8103142857142858	0.19667309109765058
16.0	32.0	-0.8298142857142856	0.23397133320538382
16.0	33.0	-0.8092	0.30822702023021925
16.0	34.0	-0.9439	0.10827444296785832
16.0	35.0	-1.03468	0.20651189311998475
16.0	36.0	-0.85318	0.3432499045884791
16.0	37.0	-0.88946	0.24558836088055966
16.0	38.0	-1.1950666666666667	0.3082872902559126
16.0	39.0	-0.9834333333333335	0.3092862158799408
16.0	40.0	-1.0134999999999998	0.3279434707384795
16.0	41.0	-0.8925666666666666	0.1833093923762046
16.0	42.0	-1.1648	0.23237403039066135
16.0	43.0	-1.1043	0.2140161676135707
16.0	44.0	NaN	NaN
16.0	45.0	NaN	NaN
16.0	46.0	NaN	NaN
16.0	47.0	NaN	NaN
16.0	48.0	NaN	NaN
17.0	1.0	0.027785232067510546	0.2281735386096776
17.0	2.0	0.07297974683544302	0.2921317128264555
17.0	3.0	0.05918016877637132	0.25999474959491115
17.0	4.0	0.036775527426160345	0.24780294777096404
17.0	5.0	0.043121518987341775	0.2800060634955841
17.0	6.0	0.027026160337552743	0.24673629697500993
17.0	7.0	0.034297890295358645	0.2661149328683573
17.0	8.0	0.02719493670886076	0.2491384124007707
17.0	9.0	0.02929451476793249	0.26034573446253273
17.0	10.0	0.03657805907172996	0.2703257939145632
17.0	11.0	0.004982700421940929	0.25175449534868294
17.0	12.0	0.0036485232067510554	0.23173457083905796
17.0	13.0	0.02914050632911392	0.27449262340077096
17.0	14.0	0.014181434599156117	0.2622874411261612
17.0	15.0	-0.008087288135593224	0.24792382376631814
17.0	16.0	-0.022767659574468083	0.2472204923860684
17.0	17.0	-0.02359422222222222	0.2304684641280444
17.0	18.0	-0.043616267942583734	0.25627495061165223
17.0	19.0	-0.029707446808510642	0.3093185519416262
17.0	20.0	-0.10622658227848103	0.21512443515552487
17.0	21.0	-0.11442575757575758	0.24188975175322847
17.0	22.0	-0.1335712962962963	0.24934375927600974
17.0	23.0	-0.19820000000000002	0.23653087860432376
17.0	24.0	-0.27989491525423726	0.21202968109053688
17.0	25.0	-0.2516886363636365	0.3065257037789278
17.0	26.0	-0.42162352941176473	0.1467798063454307
17.0	27.0	-0.46820909090909085	0.20175195026871348
17.0	28.0	-0.43600000000000005	0.26043817828014837
17.0	29.0	-0.5474714285714287	0.24476015710383606
17.0	30.0	-0.6011416666666668	0.18359966061730038
17.0	31.0	-0.6351818181818182	0.14342782727338388
17.0	32.0	-0.6199888888888889	0.2433464990730524
17.0	33.0	-0.5822166666666666	0.2603712842589725
17.0	34.0	-0.7410333333333333	0.1887272458690937
17.0	35.0	-0.6956666666666665	0.40905556264807513
17.0	36.0	-0.7484999999999999	0.09616652224137047
17.0	37.0	NaN	NaN
17.0	38.0	NaN	NaN
17.0	39.0	NaN	NaN
17.0	40.0	NaN	NaN
17.0	41.0	NaN	NaN
17.0	42.0	NaN	NaN
18.0	1.0	0.070135	0.2927169168786468
18.0	2.0	0.035264090909090905	0.2694458224981914
18.0	3.0	0.04720909090909091	0.24832198002135625
18.0	4.0	0.03959363636363636	0.24101088752279365
18.0	5.0	0.05550636363636364	0.2641440762513518
18.0	6.0	0.03359772727272727	0.26767876959789183
18.0	7.0	0.02265636363636364	0.23891363546365615
18.0	8.0	0.023098181818181823	0.2551962145916052
18.0	9.0	0.017308181818181816	0.23194953794291176
18.0	10.0	0.03320000000000001	0.25973364878371513
18.0	11.0	0.015488181818181816	0.2220559698386228
18.0	12.0	0.018326363636363648	0.2755256862375463
18.0	13.0	-0.015273636363636368	0.24346723882159288
18.0	14.0	-0.004734090909090909	0.24263638610988783
18.0	15.0	-0.017107727272727278	0.24991624694677578
18.0	16.0	0.02321735159817351	0.2774428511618991
18.0	17.0	-0.009155140186915886	0.250117073520406
18.0	18.0	-0.026478124999999988	0.2534141990357007
18.0	19.0	-0.060564739884393065	0.2730345194433031
18.0	20.0	-0.09263958333333333	0.250173463518368
18.0	21.0	-0.1543	0.22153376171736253
18.0	22.0	-0.18201290322580638	0.23317038378656782
18.0	23.0	-0.23280571428571425	0.2575412103709569
18.0	24.0	-0.2574163636363636	0.23709063024399543
18.0	25.0	-0.2754279069767442	0.2345665661695259
18.0	26.0	-0.272265625	0.30180094872483365
18.0	27.0	-0.461004	0.20440661372209398
18.0	28.0	-0.38121	0.24211171388431416
18.0	29.0	-0.49935384615384615	0.19433136483587604
18.0	30.0	-0.54007	0.21003392345047503
18.0	31.0	-0.5748000000000001	0.26056840752478033
18.0	32.0	-0.6611571428571429	0.2454894692727359
18.0	33.0	-0.7789333333333334	0.13870803389373906
18.0	34.0	-0.72608	0.19515121572770178
18.0	35.0	-0.8849499999999999	0.14106004631598085
18.0	36.0	-0.7713000000000001	0.5130766804289589
18.0	37.0	-0.93025	0.03245620125646257
18.0	38.0	NaN	NaN
18.0	39.0	NaN	NaN
18.0	40.0	NaN	NaN
18.0	41.0	NaN	NaN
19.0	1.0	0.07408112244897959	0.2541568058295958
19.0	2.0	0.06853010204081633	0.26284092832365513
19.0	3.0	0.04748826530612245	0.2687127926588421
19.0	4.0	0.04769744897959184	0.2692254324551052
19.0	5.0	0.04866683673469387	0.2903808432478407
19.0	6.0	0.0134469387755102	0.23785888952047635
19.0	7.0	0.022458163265306117	0.2883436299060174
19.0	8.0	0.02662244897959183	0.2514573122892141
19.0	9.0	0.04028673469387755	0.2663235896184035
19.0	10.0	0.04493826530612245	0.26380803357657534
19.0	11.0	0.02666326530612245	0.2759110028894044
19.0	12.0	0.01737091836734694	0.2574027159444176
19.0	13.0	0.02616071428571428	0.24517991287927154
19.0	14.0	0.0032520408163265254	0.2860971162813978
19.0	15.0	-9.693877551017075e-6	0.2551158563514959
19.0	16.0	-0.004454404145077717	0.27387500188989494
19.0	17.0	0.0032456521739130427	0.2826909523074841
19.0	18.0	-0.04376242774566474	0.31069405505667497
19.0	19.0	-0.04441558441558442	0.25294287508485425
19.0	20.0	-0.08619384615384615	0.24672412920269648
19.0	21.0	-0.1417653846153846	0.26619297977118456
19.0	22.0	-0.16173058823529413	0.24099159688152408
19.0	23.0	-0.24112833333333333	0.2415474954816264
19.0	24.0	-0.24620816326530612	0.2756825777628554
19.0	25.0	-0.3260513513513514	0.24315129448969014
19.0	26.0	-0.4335518518518518	0.30741151869011324
19.0	27.0	-0.37334545454545454	0.3597087151297001
19.0	28.0	-0.40020000000000006	0.3138736887666757
19.0	29.0	-0.4677692307692307	0.2779763220870181
19.0	30.0	-0.5443899999999999	0.30589832897004626
19.0	31.0	-0.6048333333333332	0.18053565483490144
19.0	32.0	-0.725725	0.2792263523260892
19.0	33.0	-0.7710250000000001	0.46364826017862576
19.0	34.0	-0.9071333333333333	0.4598730839409209
19.0	35.0	NaN	NaN
19.0	36.0	NaN	NaN
19.0	37.0	NaN	NaN
19.0	38.0	NaN	NaN
19.0	39.0	NaN	NaN
19.0	40.0	NaN	NaN
19.0	41.0	NaN	NaN
19.0	42.0	NaN	NaN
19.0	43.0	NaN	NaN
19.0	44.0	NaN	NaN
19.0	45.0	NaN	NaN
19.0	46.0	NaN	NaN
19.0	47.0	NaN	NaN
19.0	48.0	NaN	NaN
19.0	49.0	NaN	NaN
19.0	50.0	NaN	NaN
20.0	1.0	0.06249940119760479	0.2763530942661628
20.0	2.0	0.041559880239520966	0.2381628384059443
20.0	3.0	0.055680239520958075	0.24046908456445623
20.0	4.0	0.03151317365269461	0.25142389242240104
20.0	5.0	0.042576646706586826	0.2455011898349465
20.0	6.0	0.03421616766467066	0.23308243340313817
20.0	7.0	0.03396467065868264	0.31361414114712866
20.0	8.0	0.032880838323353284	0.2540279172908923
20.0	9.0	0.021441317365269462	0.2283158444980473
20.0	10.0	0.011946706586826346	0.22296922170884823
20.0	11.0	0.039120359281437124	0.28188155026213296
20.0	12.0	0.024715568862275456	0.24549248215025835
20.0	13.0	0.005701197604790417	0.24097765731257803
20.0	14.0	0.010685542168674698	0.2282581917319389
20.0	15.0	-0.00954578313253012	0.2198693266471976
20.0	16.0	-0.005213253012048194	0.24253370888292067
20.0	17.0	0.011845962732919251	0.23830386379415586
20.0	18.0	-0.02584834437086093	0.23119133514740692
20.0	19.0	-0.06524817518248176	0.2182308566168721
20.0	20.0	-0.09075398230088493	0.21388534647070265
20.0	21.0	-0.12599042553191492	0.22692086350629076
20.0	22.0	-0.15999736842105264	0.2065955539848711
20.0	23.0	-0.17575873015873017	0.19204896102457714
20.0	24.0	-0.23392888888888885	0.1991612316489311
20.0	25.0	-0.2510833333333334	0.2259995439167405
20.0	26.0	-0.31761599999999995	0.18484873698964424
20.0	27.0	-0.3509052631578947	0.21045837137512813
20.0	28.0	-0.3554666666666666	0.2602712722363249
20.0	29.0	-0.36757999999999996	0.12370477220651863
20.0	30.0	-0.49921666666666664	0.10770714770462851
20.0	31.0	-0.5902499999999999	0.12763277400417183
21.0	1.0	0.0724935251798561	0.22784154938123022
21.0	2.0	0.06949856115107914	0.2215103579825713
21.0	3.0	0.061374820143884894	0.19712259008241736
21.0	4.0	0.05220719424460433	0.23168668831434985
21.0	5.0	0.061042446043165464	0.23333850324865235
21.0	6.0	0.07800431654676258	0.26770026524121693
21.0	7.0	0.033302158273381295	0.20210996449688298
21.0	8.0	0.03496258992805756	0.21857685090092546
21.0	9.0	0.047325179856115104	0.2379070793804831
21.0	10.0	0.03689352517985611	0.21904296488364855
21.0	11.0	0.06758417266187049	0.2501410681007392
21.0	12.0	0.014697122302158276	0.21041758548541972
21.0	13.0	0.044699280575539575	0.22848521833912733
21.0	14.0	0.0388294964028777	0.25242132292772956
21.0	15.0	0.012700719424460433	0.2172402571976584
21.0	16.0	0.01711111111111111	0.23825917929308185
21.0	17.0	0.0017392307692307724	0.22267212608640044
21.0	18.0	-0.006082352941176466	0.2644092845773157
21.0	19.0	-0.031367272727272716	0.21267049333561297
21.0	20.0	-0.036523711340206176	0.26484041726937335
21.0	21.0	-0.12118857142857141	0.18148756458605886
21.0	22.0	-0.06077358490566038	0.30274088257308773
21.0	23.0	-0.17770833333333333	0.24822035875407156
21.0	24.0	-0.24318800000000004	0.23175195490006117
21.0	25.0	-0.2642882352941176	0.1669684284616142
21.0	26.0	-0.26456666666666667	0.3916582748295053
21.0	27.0	-0.36295714285714287	0.16403494401237453
21.0	28.0	-0.41982500000000006	0.3001411709512709
21.0	29.0	-0.40853333333333336	0.1367003048033666
21.0	30.0	-0.5904	0.32201642815235376
21.0	31.0	NaN	NaN
21.0	32.0	NaN	NaN
21.0	33.0	NaN	NaN
21.0	34.0	NaN	NaN
21.0	35.0	NaN	NaN
21.0	36.0	NaN	NaN
22.0	1.0	0.07277927927927927	0.25367892810942844
22.0	2.0	0.07071531531531533	0.25786275637816547
22.0	3.0	0.06826126126126125	0.2636113841420811
22.0	4.0	0.056794594594594586	0.264680624643031
22.0	5.0	0.1038054054054054	0.32532394675792364
22.0	6.0	0.06538378378378379	0.256335068554826
22.0	7.0	0.0625045045045045	0.24824824063732048
22.0	8.0	0.04988198198198197	0.2556755359286447
22.0	9.0	0.06166396396396396	0.2858878549338702
22.0	10.0	0.036774774774774775	0.25746015100963365
22.0	11.0	0.02122252252252253	0.23998029149558575
22.0	12.0	0.05436396396396397	0.2839909905077953
22.0	13.0	0.015510810810810809	0.24219414351877125
22.0	14.0	0.027748648648648653	0.2771263797242448
22.0	15.0	0.022057798165137615	0.260304549658443
22.0	16.0	-0.005474074074074071	0.2468280908332119
22.0	17.0	-0.011570588235294119	0.21797530816119376
22.0	18.0	-0.06277765957446808	0.24689371539154223
22.0	19.0	-0.07581012658227847	0.23797471724950908
22.0	20.0	-0.08867424242424243	0.27173533804370187
22.0	21.0	-0.1311166666666667	0.24218736996344653
22.0	22.0	-0.18841956521739128	0.18255707250009998
22.0	23.0	-0.20540789473684212	0.2112302821523249
22.0	24.0	-0.18153214285714284	0.2901706459023487
22.0	25.0	-0.342665	0.1758518583323684
22.0	26.0	-0.31191250000000004	0.28804973615679635
22.0	27.0	-0.253325	0.19287612663902373
22.0	28.0	-0.46397777777777777	0.1482599893580343
22.0	29.0	-0.3575	0.21895614694663013
22.0	30.0	-0.57182	0.1651082584245864
22.0	31.0	-0.4384666666666666	0.15922607617263365
22.0	32.0	-0.5896666666666667	0.1200608318034376
22.0	33.0	-0.6575500000000001	0.09595439020701453
22.0	34.0	NaN	NaN
22.0	35.0	NaN	NaN
23.0	1.0	0.08599540229885058	0.2187890711462388
23.0	2.0	0.11107586206896553	0.2518819832388828
23.0	3.0	0.08496551724137931	0.23806359753547301
23.0	4.0	0.04690344827586208	0.21629626616151515
23.0	5.0	0.08238505747126436	0.30992786052178806
23.0	6.0	0.07824252873563217	0.3057422659206203
23.0	7.0	0.03178850574712643	0.2040829821108956
23.0	8.0	0.067783908045977	0.26765236472463516
23.0	9.0	0.06204712643678161	0.2389229368018456
23.0	10.0	0.05423448275862069	0.21395596255629834
23.0	11.0	0.02655287356321839	0.21600410032665052
23.0	12.0	0.06204022988505748	0.26763115040118707
23.0	13.0	0.014057471264367814	0.19851642052179702
23.0	14.0	0.03177241379310344	0.21738505366223726
23.0	15.0	0.02081264367816092	0.24446280584769886
23.0	16.0	0.046379310344827576	0.2936814047125515
23.0	17.0	0.0052534883720930245	0.22674848449985774
23.0	18.0	-0.013671250000000001	0.24064406101062114
23.0	19.0	-0.02523809523809524	0.2166716003455768
23.0	20.0	-0.012950943396226416	0.22927749866335262
23.0	21.0	-0.12321904761904759	0.21177425421965335
23.0	22.0	-0.16090303030303033	0.13095575943054322
23.0	23.0	-0.18518399999999996	0.23216870604512285
23.0	24.0	-0.2496	0.21815210559715115
23.0	25.0	-0.26806	0.2683504019416073
23.0	26.0	-0.45395	0.22821380107259073
23.0	27.0	-0.41776	0.1965353988471288
23.0	28.0	-0.43870000000000003	0.11402398870413193
23.0	29.0	-0.6655	0.1585331195681205
23.0	30.0	-0.6656666666666666	0.05328980515383153
23.0	31.0	-0.6202666666666666	0.1050238703025809
23.0	32.0	-0.74905	0.0976514464818622
23.0	33.0	-0.5674	0.03111269837220812
23.0	34.0	NaN	NaN
23.0	35.0	NaN	NaN
24.0	1.0	0.08296571428571428	0.25316510330630304
24.0	2.0	0.07451571428571428	0.25553734440813847
24.0	3.0	0.08359571428571429	0.23048403977295717
24.0	4.0	0.031101428571428575	0.2304395733255279
24.0	5.0	0.04989571428571429	0.2453418493140637
24.0	6.0	0.03433714285714286	0.20148529070016508
24.0	7.0	0.07653142857142858	0.26132163953217635
24.0	8.0	0.06939571428571428	0.2550590454150433
24.0	9.0	0.07317285714285716	0.26691761466921576
24.0	10.0	0.020707142857142848	0.27843162526595316
24.0	11.0	0.008360000000000003	0.20894142192753798
24.0	12.0	0.023969999999999995	0.23967158650288856
24.0	13.0	0.009702857142857142	0.2521943355634086
24.0	14.0	-0.02142428571428572	0.20289408062430248
24.0	15.0	0.016195714285714282	0.2321879095553541
24.0	16.0	0.012261428571428576	0.28282504618854537
24.0	17.0	-0.033018181818181815	0.21376707662535652
24.0	18.0	-0.017837704918032774	0.23772438744894922
24.0	19.0	-0.018839622641509436	0.2846289043782222
24.0	20.0	-0.10991999999999998	0.20877060660403848
24.0	21.0	-0.171325	0.17826300373324802
24.0	22.0	-0.09378709677419354	0.24427791105205762
24.0	23.0	-0.188776	0.18614588651556785
24.0	24.0	-0.32767777777777773	0.1560706987443061
24.0	25.0	-0.37544545454545447	0.20412676631758198
24.0	26.0	-0.36315454545454545	0.1436155518294336
24.0	27.0	-0.41500000000000004	0.1490525298901923
24.0	28.0	-0.46535	0.07747905093206378
24.0	29.0	-0.385825	0.23576142425483154
24.0	30.0	-0.19653333333333334	0.22359812909175547
24.0	31.0	-0.40854999999999997	0.0007778174593052343
24.0	32.0	NaN	NaN
25.0	1.0	0.07747058823529412	0.2720403097293617
25.0	2.0	0.04184509803921569	0.28743642101426575
25.0	3.0	0.08271960784313726	0.32814567376066855
25.0	4.0	0.05783725490196078	0.2906390393328359
25.0	5.0	0.038305882352941176	0.2884243772025969
25.0	6.0	0.04358823529411765	0.3136307776013437
25.0	7.0	0.04187843137254902	0.33363941452635687
25.0	8.0	0.06497058823529411	0.30092838436685737
25.0	9.0	0.015117647058823524	0.2857816682055602
25.0	10.0	-0.002645098039215693	0.2777293188078821
25.0	11.0	-0.0017784313725490207	0.280526832451889
25.0	12.0	0.02767843137254902	0.33605624845476423
25.0	13.0	0.009815686274509804	0.2676208372848041
25.0	14.0	0.008025490196078431	0.2711249732821654
25.0	15.0	0.0159843137254902	0.24353904276115484
25.0	16.0	-0.015143137254901958	0.27768261397134825
25.0	17.0	-0.03152653061224491	0.26810681389413177
25.0	18.0	-0.04642	0.2765168683001915
25.0	19.0	-0.0806	0.30914704129727194
25.0	20.0	-0.14216	0.3097519247665004
25.0	21.0	-0.1814083333333334	0.3255092891437056
25.0	22.0	-0.26206111111111113	0.3277515507010274
25.0	23.0	-0.22391250000000004	0.25523425024866864
25.0	24.0	-0.3380272727272728	0.3391082189829939
25.0	25.0	-0.3462454545454545	0.34795698976636863
25.0	26.0	-0.39123749999999996	0.40285276621862737
25.0	27.0	-0.5595	0.43110102064365374
25.0	28.0	-0.9073	0.5774233975169348
25.0	29.0	-0.95265	0.5132888124633149
25.0	30.0	-0.7712000000000001	0.769897863355913
25.0	31.0	-0.5897	0.5774233975169347
25.0	32.0	NaN	NaN
25.0	33.0	NaN	NaN
25.0	34.0	NaN	NaN
25.0	35.0	NaN	NaN
25.0	36.0	NaN	NaN
25.0	37.0	NaN	NaN
25.0	38.0	NaN	NaN
25.0	39.0	NaN	NaN
25.0	40.0	NaN	NaN
25.0	41.0	NaN	NaN
25.0	42.0	NaN	NaN
25.0	43.0	NaN	NaN
25.0	44.0	NaN	NaN
25.0	45.0	NaN	NaN
25.0	46.0	NaN	NaN
25.0	47.0	NaN	NaN
25.0	48.0	NaN	NaN
26.0	1.0	0.11346874999999997	0.21596683203752046
26.0	2.0	0.11201875	0.22631848161599122
26.0	3.0	0.113415625	0.22668889596633415
26.0	4.0	0.06240312499999998	0.2124522101622447
26.0	5.0	0.07376875	0.15755759712337045
26.0	6.0	0.09784687499999999	0.1990115412188611
26.0	7.0	0.10071875	0.1566435782432166
26.0	8.0	0.17155312499999997	0.2492171847028404
26.0	9.0	0.16586250000000002	0.2644150839360403
26.0	10.0	0.06243124999999999	0.21862681923476285
26.0	11.0	0.08368125	0.2147267121888177
26.0	12.0	0.06523124999999999	0.18907148577686422
26.0	13.0	0.068065625	0.19702907859628233
26.0	14.0	0.07520625	0.21370433439760314
26.0	15.0	0.06809062500000002	0.22793857174668652
26.0	16.0	0.017009374999999993	0.19243980099253996
26.0	17.0	0.07032580645161292	0.2097103017144396
26.0	18.0	-0.03840384615384615	0.12998066157938795
26.0	19.0	-0.05397142857142857	0.15491606805898844
26.0	20.0	0.023910526315789472	0.15140645771761685
26.0	21.0	0.014030769230769232	0.2434587418318738
26.0	22.0	-0.11086666666666667	0.09914698684276795
26.0	23.0	-0.13618333333333332	0.21087104511209376
26.0	24.0	-0.0907	0.16979106768810504
26.0	25.0	-0.121	0.1310296531324112
26.0	26.0	-0.2723	0.06420529573173851
26.0	27.0	NaN	NaN
26.0	28.0	NaN	NaN
27.0	1.0	0.1310888888888889	0.3820911030443408
27.0	2.0	0.0638925925925926	0.250745491447965
27.0	3.0	0.1210111111111111	0.29820889339951634
27.0	4.0	0.015218518518518522	0.29867452060605915
27.0	5.0	0.005114814814814815	0.25248381014921406
27.0	6.0	0.053881481481481475	0.2322949998419401
27.0	7.0	0.033600000000000005	0.24024385207854637
27.0	8.0	0.07235925925925925	0.29757452105992804
27.0	9.0	0.07065555555555554	0.25313854420870513
27.0	10.0	0.05213703703703704	0.272954310276602
27.0	11.0	0.021933333333333336	0.2693525256553632
27.0	12.0	0.025262962962962963	0.16370856175192303
27.0	13.0	-0.00161481481481482	0.2614714467477997
27.0	14.0	-0.003333333333333336	0.23496974109610205
27.0	15.0	-0.036833333333333336	0.2977310647599221
27.0	16.0	-0.03352962962962963	0.2619440292752146
27.0	17.0	-0.015074074074074073	0.19829113326814068
27.0	18.0	-0.06425416666666667	0.2286046064033719
27.0	19.0	-0.07630526315789475	0.2737926881453764
27.0	20.0	-0.0972	0.2856851790668559
27.0	21.0	-0.15128333333333333	0.32891579699848944
27.0	22.0	-0.29026	0.2893770750345569
27.0	23.0	-0.23262499999999997	0.16537585546695918
27.0	24.0	-0.26443333333333335	0.35101133694891773
27.0	25.0	-0.3627833333333333	0.11449991120811696
27.0	26.0	-0.385325	0.2523439633384031
27.0	27.0	-0.19646666666666668	0.026358363631555977
27.0	28.0	-0.5288666666666667	0.22843128799123233
27.0	29.0	-0.4682333333333333	0.1709729315808012
27.0	30.0	0.04444999999999999	0.7044904860961573
27.0	31.0	-0.5889	0.06547808793787431
27.0	32.0	NaN	NaN
27.0	33.0	NaN	NaN
27.0	34.0	NaN	NaN
28.0	1.0	0.08859545454545453	0.31540743488122625
28.0	2.0	0.05363636363636364	0.23410038047497517
28.0	3.0	0.0020363636363636317	0.3282922065788844
28.0	4.0	-0.008250000000000006	0.2869602789005243
28.0	5.0	0.01648636363636363	0.24830051166058656
28.0	6.0	0.01449090909090908	0.3189668514036722
28.0	7.0	0.0062181818181818085	0.2491997031190688
28.0	8.0	-0.018522727272727278	0.2785077239790978
28.0	9.0	0.030945454545454543	0.2507464508171603
28.0	10.0	0.010263636363636372	0.2543818961540092
28.0	11.0	0.08247272727272728	0.49168555881232545
28.0	12.0	-0.014454545454545449	0.25632761538103227
28.0	13.0	-0.04947727272727273	0.241658089697029
28.0	14.0	-0.03304545454545455	0.25993080897528376
28.0	15.0	-0.041268181818181815	0.29970169516079
28.0	16.0	-0.08651818181818183	0.27906587656537923
28.0	17.0	-0.043340909090909104	0.2494854297856383
28.0	18.0	-0.03625	0.28797221996867023
28.0	19.0	-0.077125	0.2816832952373809
28.0	20.0	-0.21180833333333335	0.20512229371472004
28.0	21.0	-0.24041	0.22450863111347064
28.0	22.0	-0.21166666666666667	0.26474457973677196
28.0	23.0	-0.2647833333333333	0.20979475128483716
28.0	24.0	-0.37823333333333337	0.2806087644152739
28.0	25.0	-0.4160833333333333	0.26191520319879613
28.0	26.0	-0.41615	0.286179759941195
28.0	27.0	-0.544725	0.12798651947242984
28.0	28.0	-0.31766666666666665	0.25246220179134404
28.0	29.0	-0.4991	0.2563969188582421
28.0	30.0	-0.68065	0.2561847868238862
28.0	31.0	-0.5898	0.3846660889654818
28.0	32.0	NaN	NaN
28.0	33.0	NaN	NaN
28.0	34.0	NaN	NaN
28.0	35.0	NaN	NaN
28.0	36.0	NaN	NaN
28.0	37.0	NaN	NaN
29.0	1.0	0.10430500000000001	0.2047321163065737
29.0	2.0	0.07255	0.16536038633367137
29.0	3.0	0.17235999999999999	0.2707505618403073
29.0	4.0	0.133905	0.17890326252504526
29.0	5.0	0.14295	0.21112136569431236
29.0	6.0	0.12486500000000003	0.23043001283641304
29.0	7.0	0.143005	0.18876303015323626
29.0	8.0	0.14312	0.27077849094397205
29.0	9.0	0.11122999999999998	0.16691370635277694
29.0	10.0	0.10896499999999998	0.2592579375529523
29.0	11.0	0.13154499999999997	0.17660295781930244
29.0	12.0	0.0975	0.16555034216054546
29.0	13.0	0.10432999999999999	0.1878683052174133
29.0	14.0	0.10898000000000001	0.2574263340718742
29.0	15.0	0.08174999999999999	0.18652497927821046
29.0	16.0	0.074835	0.19106117586012242
29.0	17.0	0.050544444444444454	0.20335826751651936
29.0	18.0	0.04288823529411764	0.22195711264327883
29.0	19.0	0.07142857142857142	0.2140597128357895
29.0	20.0	-0.018169999999999988	0.2549672573750075
29.0	21.0	-0.1663	0.0741585868258019
29.0	22.0	-0.079375	0.17122453825313708
29.0	23.0	-0.1964	0.0526544395089341
29.0	24.0	0.044800000000000006	0.38424182489676995
30.0	1.0	0.11343571428571429	0.44173454891291525
30.0	2.0	-0.05199285714285715	0.31451402185761923
30.0	3.0	-0.05826428571428573	0.21771784353976226
30.0	4.0	-0.039142857142857146	0.29754988131090204
30.0	5.0	-0.04214285714285715	0.36046170758814683
30.0	6.0	-0.13942142857142856	0.2608890574070236
30.0	7.0	-0.07776428571428573	0.3382923055746155
30.0	8.0	-0.10697142857142858	0.3185551429829365
30.0	9.0	-0.0324	0.2502208224748692
30.0	10.0	-0.05832142857142858	0.3218227108173104
30.0	11.0	-0.107	0.16476894311545673
30.0	12.0	-0.2172285714285714	0.22820138349399074
30.0	13.0	-0.05190714285714286	0.27398753892014227
30.0	14.0	-0.07767142857142854	0.29830475492889286
30.0	15.0	-0.1556142857142857	0.25167717373695175
30.0	16.0	-0.1913	0.21176586490381666
30.0	17.0	-0.11356428571428574	0.3063123684866677
30.0	18.0	-0.1851	0.24496514037715653
30.0	19.0	-0.17809230769230772	0.21501620272876515
30.0	20.0	-0.22322499999999998	0.28405152261517624
30.0	21.0	-0.27242727272727274	0.2687644101844926
30.0	22.0	-0.12226999999999999	0.5148623549605813
30.0	23.0	-0.3006125	0.14349899389891208
30.0	24.0	-0.2723625	0.1752723915795069
30.0	25.0	-0.26665	0.14449046434181836
30.0	26.0	-0.3813	0.13088556070094212
30.0	27.0	-0.29517499999999997	0.23038526247715296
30.0	28.0	NaN	NaN
30.0	29.0	NaN	NaN
30.0	30.0	NaN	NaN
30.0	31.0	NaN	NaN
30.0	32.0	NaN	NaN
30.0	33.0	NaN	NaN
30.0	34.0	NaN	NaN
30.0	35.0	NaN	NaN
30.0	36.0	NaN	NaN
31.0	1.0	-0.004154545454545452	0.2379827530038106
31.0	2.0	-0.10314545454545451	0.29089157898996104
31.0	3.0	-0.08689999999999999	0.34055021656137585
31.0	4.0	-0.012481818181818195	0.352083322008248
31.0	5.0	-0.13225454545454546	0.36807043718189697
31.0	6.0	-0.06619090909090909	0.42494524930759126
31.0	7.0	-0.18989090909090908	0.3906257837228502
31.0	8.0	-0.07428181818181818	0.4607338620465873
31.0	9.0	-0.16510909090909093	0.3088405104727858
31.0	10.0	-0.1856909090909091	0.35626886603952773
31.0	11.0	-0.11158181818181821	0.4416811787209906
31.0	12.0	-0.11154545454545457	0.32377646413424294
31.0	13.0	-0.09083636363636362	0.2559980830894141
31.0	14.0	-0.1073	0.3248998491843294
31.0	15.0	-0.11137272727272728	0.400805157379266
31.0	16.0	-0.09508181818181818	0.2621503607404797
31.0	17.0	-0.0990909090909091	0.3118789715724529
31.0	18.0	-0.09497272727272726	0.24059302604568195
31.0	19.0	-0.21790000000000004	0.32815359208760764
31.0	20.0	-0.1966111111111111	0.375866450499524
31.0	21.0	-0.238375	0.3345042205584685
31.0	22.0	-0.3176666666666667	0.26163785404001977
31.0	23.0	-0.476525	0.2787519491710626
31.0	24.0	-0.5145333333333334	0.250625384455233
31.0	25.0	-0.6507333333333333	0.3032268512736518
31.0	26.0	-0.5901666666666667	0.34327339444433114
31.0	27.0	-0.83995	0.161998163569838
31.0	28.0	-0.7266	0.3222992708648284
31.0	29.0	-0.7265	0.25809397513308985
31.0	30.0	-0.40825	0.32024866119938744
31.0	31.0	-0.68115	0.25802326445497126
31.0	32.0	-0.77175	0.06554879861599296
31.0	33.0	-0.8400500000000001	0.29040875503331515
31.0	34.0	NaN	NaN
31.0	35.0	NaN	NaN
31.0	36.0	NaN	NaN
31.0	37.0	NaN	NaN
31.0	38.0	NaN	NaN
31.0	39.0	NaN	NaN
31.0	40.0	NaN	NaN
32.0	1.0	0.15623333333333334	0.2044784829755933
32.0	2.0	0.0957	0.12715518078316745
32.0	3.0	0.09583333333333333	0.1673908375628726
32.0	4.0	0.1361222222222222	0.13994909590434818
32.0	5.0	0.23203333333333337	0.2633907743259053
32.0	6.0	0.03535555555555555	0.17401033095129087
32.0	7.0	0.15137777777777775	0.07545082467703347
32.0	8.0	0.0806222222222222	0.28891697673284006
32.0	9.0	0.10604444444444444	0.19010316351333498
32.0	10.0	0.09073333333333332	0.29960425981617816
32.0	11.0	0.06052222222222222	0.11339175210060229
32.0	12.0	0.16642222222222222	0.21401022042053142
32.0	13.0	0.2317111111111111	0.3402265511554193
32.0	14.0	0.13621111111111112	0.2202061389042347
32.0	15.0	0.18165555555555554	0.3121519506230544
32.0	16.0	0.1418	0.1582300946632557
32.0	17.0	0.017062499999999998	0.12120032929587515
32.0	18.0	0.032314285714285705	0.19919751026365287
32.0	19.0	-0.037933333333333326	0.16081683576873
32.0	20.0	0.011149999999999998	0.13551217657465323
32.0	21.0	-0.060566666666666664	0.2503493625582724
32.0	22.0	0.10613333333333332	0.20487518964807166
32.0	23.0	NaN	NaN
32.0	24.0	NaN	NaN
33.0	1.0	0.038183333333333326	0.2425541458451425
33.0	2.0	0.10611666666666668	0.23426035444920393
33.0	3.0	0.16646666666666668	0.24277877721635116
33.0	4.0	0.2041666666666667	0.33282121126314446
33.0	5.0	0.1588333333333333	0.12439198795206492
33.0	6.0	0.18138333333333337	0.37607713792075514
33.0	7.0	0.05306666666666667	0.16559069619597191
33.0	8.0	0.16655	0.23439711389008183
33.0	9.0	0.13628333333333334	0.41024220853864696
33.0	10.0	0.07576666666666666	0.12745729742414386
33.0	11.0	0.022899999999999993	0.2195445011837008
33.0	12.0	0.21191666666666667	0.35687969074558823
33.0	13.0	0.16665000000000005	0.35379438520134826
33.0	14.0	0.007816666666666666	0.18001695938623857
33.0	15.0	0.05313333333333333	0.24210433838877538
33.0	16.0	0.23433333333333337	0.3172641528232691
33.0	17.0	0.09858333333333334	0.3227562759524075
33.0	18.0	-0.03610000000000001	0.13757995856955327
33.0	19.0	0.011400000000000007	0.19707269386362658
33.0	20.0	-0.07536666666666667	0.13053889586377437
33.0	21.0	-0.1358	0.0637810316630266
33.0	22.0	-0.022949999999999998	0.28828743468975543
33.0	23.0	NaN	NaN
33.0	24.0	NaN	NaN
33.0	25.0	NaN	NaN
34.0	1.0	0.45446666666666663	0.5585437165820893
34.0	2.0	-0.06056666666666666	0.026096232167371086
34.0	3.0	0.07579999999999999	0.4222804873540808
34.0	4.0	-0.015033333333333338	0.17194773430706592
34.0	5.0	-0.09083333333333334	0.13640004887584659
34.0	6.0	0.21186666666666668	0.2776279945058375
34.0	7.0	-0.060533333333333335	0.20497498221327726
34.0	8.0	0.1666	0.25035540737120104
34.0	9.0	-0.045466666666666676	0.16390004067520342
34.0	10.0	0.045399999999999996	0.1363500275027475
34.0	11.0	-0.06046666666666667	0.09449975308609719
34.0	12.0	0.07556666666666667	0.13856844277588362
34.0	13.0	0.3481666666666667	0.026731317463479648
34.0	14.0	-0.10586666666666666	0.1310876170098966
34.0	15.0	-0.07556666666666666	0.2662417197460483
34.0	16.0	0.03033333333333334	0.3918630160315379
34.0	17.0	-0.1363	0.12869343417595164
34.0	18.0	-0.159	0.09659078631008239
34.0	19.0	0.1362	0.00028284271247460747
34.0	20.0	-0.09075	0.06399316369738256
34.0	21.0	-0.022449999999999998	0.22464782438296615
34.0	22.0	0.04535	0.06413458505361987
34.0	23.0	NaN	NaN
34.0	24.0	NaN	NaN
35.0	1.0	0.2118	0.26214627596057893
35.0	2.0	0.28773333333333334	0.1597812984467623
35.0	3.0	0.060599999999999994	0.10496227893867395
35.0	4.0	0.19666666666666666	0.15912172489428758
35.0	5.0	0.015000000000000005	0.1047890738579171
35.0	6.0	0.13633333333333333	0.09100001831501646
35.0	7.0	0.045533333333333335	0.13625000305810395
35.0	8.0	0.09096666666666665	0.13630001222792806
35.0	9.0	0.045599999999999995	0.15727021332725405
35.0	10.0	0.06056666666666666	0.026269627582692016
35.0	11.0	0.07583333333333334	0.13880840512495393
35.0	12.0	0.18143333333333334	0.22675022234461717
35.0	13.0	0.07583333333333332	0.21473896556827624
35.0	14.0	0.06066666666666667	0.11430714471691317
35.0	15.0	-0.030266666666666664	0.026211892975009136
35.0	16.0	0.07556666666666667	0.1141748366906357
35.0	17.0	-0.015066666666666667	0.13117401927719274
35.0	18.0	0.13633333333333333	0.09100001831501646
35.0	19.0	0.022799999999999997	0.09630794359760776
35.0	20.0	0.15865	0.22436498167049154
35.0	21.0	NaN	NaN
36.0	1.0	-0.12083333333333333	0.38618547789026625
36.0	2.0	-0.045266666666666656	0.43818996261134663
36.0	3.0	0.10613333333333332	0.20487518964807166
36.0	4.0	0.03036666666666667	0.3350284963004391
36.0	5.0	-0.1663666666666667	0.34400129844716193
36.0	6.0	-0.09090000000000002	0.2838831978120579
36.0	7.0	-0.21176666666666666	0.34083917517405965
36.0	8.0	-0.15123333333333336	0.36999515312140696
36.0	9.0	-0.04533333333333334	0.32774467704805416
36.0	10.0	0.00020000000000000573	0.35482870515221854
36.0	11.0	-0.18143333333333334	0.43326172613483105
36.0	12.0	-0.21176666666666666	0.34083917517405965
36.0	13.0	-0.0603	0.4480951684631291
36.0	14.0	-0.15123333333333336	0.45512069095277724
36.0	15.0	-0.10593333333333332	0.2739403098000244
36.0	16.0	-0.045399999999999996	0.31815001178689273
36.0	17.0	-0.20425	0.031749094475276
36.0	18.0	-0.34065	0.2253549311641527
36.0	19.0	-0.386	0.16122034611053282
36.0	20.0	-0.2499	0.28934809486153523
36.0	21.0	-0.36345	0.3216628747617605
36.0	22.0	-0.1814	0.19219162312650365
36.0	23.0	-0.18165	0.06455884912233179
36.0	24.0	-0.29500000000000004	0.09574225817265855
36.0	25.0	-0.24965	0.031607673119038684
36.0	26.0	-0.24955	0.09581296885077721
36.0	27.0	-0.43135	0.16129105678865147
36.0	28.0	NaN	NaN
37.0	1.0	-0.09083333333333334	0.18180003667033
37.0	2.0	-0.12116666666666666	0.06951333205460182
37.0	3.0	-0.10599999999999998	0.06942614781190153
37.0	4.0	0.0153	0.302470940752992
37.0	5.0	-0.06056666666666666	0.026096232167371086
37.0	6.0	-0.07563333333333333	0.14602884418269332
37.0	7.0	-0.12119999999999999	0.13885204355716196
37.0	8.0	-0.12116666666666666	0.09469980640599712
37.0	9.0	0.0152	0.18924748347071882
37.0	10.0	-0.0151	0.05248123474157215
37.0	11.0	-0.19686666666666666	0.18928762065526983
37.0	12.0	-0.04533333333333334	0.19803174829641162
37.0	13.0	0.07543333333333335	0.24981371726415133
37.0	14.0	0.015133333333333332	0.15963888415211794
37.0	15.0	-0.16649999999999998	0.06939394786290805
37.0	16.0	0.0	0.3182
37.0	17.0	-0.015133333333333332	0.15963888415211794
37.0	18.0	-0.15143333333333334	0.10502006157555485
37.0	19.0	-0.19683333333333333	0.06957890005837497
37.0	20.0	-0.15139999999999998	0.0263279319354939
37.0	21.0	0.0	0.0909
37.0	22.0	-0.13649999999999998	0.27255001375894294
37.0	23.0	NaN	NaN
37.0	24.0	NaN	NaN
37.0	25.0	NaN	NaN
38.0	1.0	0.12106666666666666	0.06918629440382924
38.0	2.0	0.1969	0.224250217391199
38.0	3.0	0.03053333333333332	0.26200155215825216
38.0	4.0	0.12090000000000001	0.23290025762115418
38.0	5.0	0.04573333333333331	0.3426896895637996
38.0	6.0	-0.10586666666666666	0.21472853404550904
38.0	7.0	0.045566666666666665	0.2763465276303166
38.0	8.0	0.15159999999999998	0.25024645851639943
38.0	9.0	0.015033333333333334	0.1387321279781051
38.0	10.0	-0.030200000000000005	0.18359749453628174
38.0	11.0	-0.07563333333333333	0.10490473456109277
38.0	12.0	0.12113333333333333	0.13887391163689938
38.0	13.0	0.0911	0.3428817288803823
38.0	14.0	-0.18153333333333332	0.11975810341406272
38.0	15.0	-0.07563333333333333	0.14602884418269332
38.0	16.0	-0.1059	0.0691314689558959
38.0	17.0	0.03050000000000001	0.20471257899796974
38.0	18.0	0.060566666666666664	0.06946972961897385
38.0	19.0	-0.09093333333333332	0.07875057671746495
38.0	20.0	-0.11355	0.032314779900225216
38.0	21.0	-0.0452	0.19247446583897823
38.0	22.0	NaN	NaN
38.0	23.0	NaN	NaN
38.0	24.0	NaN	NaN
39.0	1.0	-0.3332	0.23340670513076525
39.0	2.0	-0.2572666666666667	0.06905579869448572
39.0	3.0	-0.3485666666666667	0.4772276221399316
39.0	4.0	-0.5299333333333333	0.13933274322044092
39.0	5.0	-0.24243333333333336	0.21481653412466492
39.0	6.0	-0.33336666666666664	0.37833479001188003
39.0	7.0	-0.2725333333333333	0.04575022768613651
39.0	8.0	-0.3181333333333333	0.2728000061094818
39.0	9.0	-0.3332333333333333	0.3442122939892376
39.0	10.0	-0.27243333333333336	0.25300150855940234
39.0	11.0	-0.4543	0.16428837451262335
39.0	12.0	-0.2724333333333333	0.07849205904633497
39.0	13.0	-0.5450666666666666	0.16430280987656093
39.0	14.0	-0.439	0.09478164379245593
39.0	15.0	-0.28776666666666667	0.3442299570539051
39.0	16.0	-0.30266666666666664	0.14569246148422826
39.0	17.0	-0.3332	0.34121406770530427
39.0	18.0	-0.5299333333333333	0.10559736423478255
39.0	19.0	-0.3178666666666667	0.045000925916400154
39.0	20.0	-0.12126666666666668	0.32877038086380794
39.0	21.0	-0.19676666666666667	0.2503585695224618
39.0	22.0	-0.21203333333333332	0.20998231671579715
39.0	23.0	-0.3937333333333333	0.1895036763055887
39.0	24.0	-0.2877	0.05282754963085074
39.0	25.0	-0.37860000000000005	0.34130070319294686
39.0	26.0	-0.2725333333333333	0.09115011428041839
39.0	27.0	-0.3481666666666667	0.204886952569785
39.0	28.0	-0.5226999999999999	0.09644936495384505
39.0	29.0	NaN	NaN
39.0	30.0	NaN	NaN
39.0	31.0	NaN	NaN
39.0	32.0	NaN	NaN
39.0	33.0	NaN	NaN
40.0	1.0	-0.11359999999999999	0.3535533905932738
40.0	2.0	-0.09095	0.06427600640985717
40.0	3.0	-0.045450000000000004	0.25717473631754734
40.0	4.0	-0.04545	0.19282801922957152
40.0	5.0	0.04545	0.128622723497833
40.0	6.0	0.0455	0.0
40.0	7.0	0.18180000000000002	0.4500027555471189
40.0	8.0	0.1591	0.032102647865869256
40.0	9.0	0.022750000000000006	0.28927738418341664
40.0	10.0	-0.06820000000000001	0.22500137777355944
40.0	11.0	0.0909	0.0
40.0	12.0	-0.06814999999999999	0.16072537136370224
40.0	13.0	-0.04545	0.19282801922957152
40.0	14.0	0.02275	0.16072537136370227
40.0	15.0	0.04545	0.128622723497833
40.0	16.0	-0.0682	0.09644936495384507
40.0	17.0	-0.0909	0.32145074272740454
40.0	18.0	-0.04545	0.06427600640985717
40.0	19.0	NaN	NaN
40.0	20.0	NaN	NaN
40.0	21.0	NaN	NaN
40.0	22.0	NaN	NaN
40.0	23.0	NaN	NaN
40.0	24.0	NaN	NaN
41.0	1.0	NaN	NaN
41.0	2.0	NaN	NaN
41.0	3.0	NaN	NaN
41.0	4.0	NaN	NaN
41.0	5.0	NaN	NaN
41.0	6.0	NaN	NaN
41.0	7.0	NaN	NaN
41.0	8.0	NaN	NaN
41.0	9.0	NaN	NaN
41.0	10.0	NaN	NaN
41.0	11.0	NaN	NaN
41.0	12.0	NaN	NaN
41.0	13.0	NaN	NaN
41.0	14.0	NaN	NaN
41.0	15.0	NaN	NaN
41.0	16.0	NaN	NaN
41.0	17.0	NaN	NaN
41.0	18.0	NaN	NaN
41.0	19.0	NaN	NaN
41.0	20.0	NaN	NaN
41.0	21.0	NaN	NaN
42.0	1.0	NaN	NaN
42.0	2.0	NaN	NaN
42.0	3.0	NaN	NaN
42.0	4.0	NaN	NaN
42.0	5.0	NaN	NaN
42.0	6.0	NaN	NaN
42.0	7.0	NaN	NaN
42.0	8.0	NaN	NaN
42.0	9.0	NaN	NaN
42.0	10.0	NaN	NaN
42.0	11.0	NaN	NaN
42.0	12.0	NaN	NaN
42.0	13.0	NaN	NaN
42.0	14.0	NaN	NaN
42.0	15.0	NaN	NaN
42.0	16.0	NaN	NaN
42.0	17.0	NaN	NaN
42.0	18.0	NaN	NaN
42.0	19.0	NaN	NaN
43.0	1.0	NaN	NaN
43.0	2.0	NaN	NaN
43.0	3.0	NaN	NaN
43.0	4.0	NaN	NaN
43.0	5.0	NaN	NaN
43.0	6.0	NaN	NaN
43.0	7.0	NaN	NaN
43.0	8.0	NaN	NaN
43.0	9.0	NaN	NaN
43.0	10.0	NaN	NaN
43.0	11.0	NaN	NaN
43.0	12.0	NaN	NaN
43.0	13.0	NaN	NaN
43.0	14.0	NaN	NaN
43.0	15.0	NaN	NaN
43.0	16.0	NaN	NaN
43.0	17.0	NaN	NaN
43.0	18.0	NaN	NaN
43.0	19.0	NaN	NaN
44.0	1.0	NaN	NaN
44.0	2.0	NaN	NaN
44.0	3.0	NaN	NaN
44.0	4.0	NaN	NaN
44.0	5.0	NaN	NaN
44.0	6.0	NaN	NaN
44.0	7.0	NaN	NaN
44.0	8.0	NaN	NaN
44.0	9.0	NaN	NaN
44.0	10.0	NaN	NaN
44.0	11.0	NaN	NaN
44.0	12.0	NaN	NaN
44.0	13.0	NaN	NaN
44.0	14.0	NaN	NaN
44.0	15.0	NaN	NaN
44.0	16.0	NaN	NaN
44.0	17.0	NaN	NaN
44.0	18.0	NaN	NaN
44.0	19.0	NaN	NaN
44.0	20.0	NaN	NaN
44.0	21.0	NaN	NaN
44.0	22.0	NaN	NaN
44.0	23.0	NaN	NaN
45.0	1.0	NaN	NaN
45.0	2.0	NaN	NaN
45.0	3.0	NaN	NaN
45.0	4.0	NaN	NaN
45.0	5.0	NaN	NaN
45.0	6.0	NaN	NaN
45.0	7.0	NaN	NaN
45.0	8.0	NaN	NaN
45.0	9.0	NaN	NaN
45.0	10.0	NaN	NaN
45.0	11.0	NaN	NaN
45.0	12.0	NaN	NaN
45.0	13.0	NaN	NaN
45.0	14.0	NaN	NaN
45.0	15.0	NaN	NaN
45.0	16.0	NaN	NaN
45.0	17.0	NaN	NaN
45.0	18.0	NaN	NaN
45.0	19.0	NaN	NaN
