# GENERATION TIME IN LINEAGE
# original file "wt_unlimCap_highRe_3gen.txt" 
# mother	daughter	genTMean	genTStd
0.0	0.0	2.3537799999999995	0.044659720852986376
0.0	1.0	2.29244	0.05474659197916647
0.0	2.0	2.27765	0.06783198606360678
0.0	3.0	2.28212	0.06337407110868681
0.0	4.0	2.31132	0.04143524532997902
0.0	5.0	2.2971700000000004	0.04843602997769324
0.0	6.0	2.31764	0.05066958763510025
0.0	7.0	2.30517	0.06583178985532415
0.0	8.0	2.2886699999999998	0.040877079967466715
0.0	9.0	2.2933199999999996	0.05563559611935112
0.0	10.0	2.3269599999999997	0.04572327877812593
0.0	11.0	2.30424	0.03609974453587666
0.0	12.0	2.3238099999999995	0.04513132565697099
0.0	13.0	2.31013	0.04764013364101038
0.0	14.0	2.3448399999999996	0.04372297133341033
0.0	15.0	2.38851	0.06453210140008696
0.0	16.0	2.3459399999999997	0.044425423151864527
0.0	17.0	2.3381299999999996	0.054630334471284875
0.0	18.0	2.36211	0.043157706920857984
0.0	19.0	2.3350400000000002	0.06133759405490602
0.0	20.0	2.342455555555555	0.04456475937080534
0.0	21.0	2.360088888888889	0.04811975801176802
0.0	22.0	2.325714285714285	0.05710377770840937
0.0	23.0	2.364675	0.03324979949814239
0.0	24.0	2.384175	0.07184976803488406
0.0	25.0	2.3686	0.0605283404695684
0.0	26.0	2.37415	0.04065863991822624
0.0	27.0	2.36165	0.0679529616720271
0.0	28.0	2.3853	0.06095260453828028
0.0	29.0	2.33655	0.04815397179880376
0.0	30.0	NaN	NaN
0.0	31.0	NaN	NaN
0.0	32.0	NaN	NaN
1.0	1.0	2.262288617886179	0.05901147270433966
1.0	2.0	2.269359349593496	0.05289560428849105
1.0	3.0	2.2786837398373985	0.05513294859013295
1.0	4.0	2.2894467479674794	0.05583176597083363
1.0	5.0	2.291793902439024	0.0551172509331071
1.0	6.0	2.3037910569105695	0.05684806533154498
1.0	7.0	2.3041902439024393	0.05848280460992197
1.0	8.0	2.312921951219512	0.04860432589563443
1.0	9.0	2.316473577235773	0.0592665882488722
1.0	10.0	2.3168191056910565	0.05898813855874347
1.0	11.0	2.326113414634146	0.048677803085088414
1.0	12.0	2.328367073170732	0.05161604335675942
1.0	13.0	2.3349382113821138	0.05157459985552166
1.0	14.0	2.3340528455284555	0.05272042832999833
1.0	15.0	2.3407508130081296	0.05280953357179945
1.0	16.0	2.3401889795918365	0.0538878639978389
1.0	17.0	2.348030327868853	0.04852330633319653
1.0	18.0	2.3574079497907947	0.052948533553280275
1.0	19.0	2.3514414414414415	0.05187100859588595
1.0	20.0	2.3575275862068965	0.05169267262921024
1.0	21.0	2.360555913978495	0.054909415255989774
1.0	22.0	2.366944370860927	0.05430143108704913
1.0	23.0	2.372979199999999	0.048271619418560265
1.0	24.0	2.37349693877551	0.05524705422772848
1.0	25.0	2.365631168831169	0.05316977341680899
1.0	26.0	2.3660179999999995	0.05314056711655782
1.0	27.0	2.372007894736842	0.04651014641744753
1.0	28.0	2.3724214285714282	0.051317619219212046
1.0	29.0	2.3573	0.05056813017577066
1.0	30.0	2.3871599999999997	0.06147723926274196
1.0	31.0	2.389615384615385	0.025878589804245775
1.0	32.0	2.39056	0.05543829803384026
1.0	33.0	2.38034	0.06827120915876615
1.0	34.0	2.3855999999999997	0.04907249738906718
1.0	35.0	2.379	0.09444749864342625
1.0	36.0	2.353266666666667	0.03305288691375276
1.0	37.0	2.3459000000000003	0.006646803743153443
1.0	38.0	NaN	NaN
1.0	39.0	NaN	NaN
1.0	40.0	NaN	NaN
2.0	1.0	2.2640926829268295	0.060405766275274886
2.0	2.0	2.274719105691057	0.059786230078104526
2.0	3.0	2.2884857723577237	0.059287709439862134
2.0	4.0	2.291048780487805	0.054468892999850554
2.0	5.0	2.294029674796748	0.05521724639535775
2.0	6.0	2.3030743902439026	0.05260373031928659
2.0	7.0	2.3021402439024397	0.054399003276634494
2.0	8.0	2.312027642276423	0.057599631944420755
2.0	9.0	2.3161804878048784	0.05080920800130877
2.0	10.0	2.320571544715447	0.05199965387690962
2.0	11.0	2.324037804878049	0.056444773746778705
2.0	12.0	2.3335626016260167	0.05050313855411523
2.0	13.0	2.332165853658536	0.05483887393605393
2.0	14.0	2.339813414634146	0.04791332930861243
2.0	15.0	2.340568292682927	0.0536358710567093
2.0	16.0	2.3529475609756094	0.05196872660598185
2.0	17.0	2.350579098360656	0.05186207822707684
2.0	18.0	2.3516008298755198	0.051137965341890926
2.0	19.0	2.356930222222222	0.05253827832811558
2.0	20.0	2.353217171717172	0.054616695798817005
2.0	21.0	2.363561176470588	0.048218978055964375
2.0	22.0	2.368340579710145	0.04857925518879412
2.0	23.0	2.3653687499999996	0.054018587110163996
2.0	24.0	2.3688966666666667	0.046568937542316995
2.0	25.0	2.3674652173913038	0.051149029161297106
2.0	26.0	2.367150909090909	0.05038140042136095
2.0	27.0	2.367126829268293	0.052603469583242524
2.0	28.0	2.3814241379310346	0.04532419454151875
2.0	29.0	2.3793625000000005	0.04560944163949682
2.0	30.0	2.3752	0.04708861858241333
2.0	31.0	2.37265	0.054952213006263094
2.0	32.0	2.4032666666666667	0.023264708609107166
2.0	33.0	2.4319	0.0369109739779378
2.0	34.0	NaN	NaN
2.0	35.0	NaN	NaN
2.0	36.0	NaN	NaN
2.0	37.0	NaN	NaN
2.0	38.0	NaN	NaN
3.0	1.0	2.259035365853659	0.05723968732772575
3.0	2.0	2.274077235772357	0.05584501119700099
3.0	3.0	2.2803223577235774	0.055599114918536
3.0	4.0	2.2899455284552843	0.054606602354843534
3.0	5.0	2.29985487804878	0.05690385192465108
3.0	6.0	2.2984939024390245	0.05445191253752735
3.0	7.0	2.305316260162602	0.05342753608467245
3.0	8.0	2.310962601626016	0.052475505498142165
3.0	9.0	2.3174353658536586	0.05808443264403888
3.0	10.0	2.3166873983739835	0.05126882136964422
3.0	11.0	2.3329382113821135	0.055764541466339086
3.0	12.0	2.3279223577235766	0.05503688288487781
3.0	13.0	2.3332902439024386	0.04821748757983662
3.0	14.0	2.3351333333333337	0.04970536975330659
3.0	15.0	2.3432264227642277	0.048928026201426514
3.0	16.0	2.340504081632653	0.047362439115925005
3.0	17.0	2.3448746938775513	0.05433512748017668
3.0	18.0	2.3576579831932776	0.05156321587486923
3.0	19.0	2.3615866071428573	0.04932174407562159
3.0	20.0	2.3613930348258707	0.054373933564197646
3.0	21.0	2.3639129943502817	0.05104831491036179
3.0	22.0	2.3633778571428574	0.051709224463877865
3.0	23.0	2.3680113207547167	0.04743538225489034
3.0	24.0	2.3701756410256407	0.05116524587986836
3.0	25.0	2.372615254237288	0.05002588231333212
3.0	26.0	2.374328571428572	0.04403416237929356
3.0	27.0	2.3685703703703704	0.05492482145074312
3.0	28.0	2.354021052631579	0.07537497063900198
3.0	29.0	2.3599923076923077	0.034244840524728704
3.0	30.0	2.3842400000000006	0.05282901559643985
3.0	31.0	2.3787333333333334	0.04932430097494191
3.0	32.0	2.399475	0.09883259836713791
3.0	33.0	2.3727	0.04522488253163306
3.0	34.0	2.3927500000000004	0.0014849242404917434
3.0	35.0	2.35955	0.0366988419435817
3.0	36.0	2.3096	0.01131370849898477
3.0	37.0	2.35655	0.0840749962830805
3.0	38.0	2.3402000000000003	0.06675088014400996
3.0	39.0	2.3873499999999996	0.09793428919433687
3.0	40.0	2.3885	0.03775950211536156
3.0	41.0	2.4128	0.043274935008616656
3.0	42.0	2.33115	0.034436100243784996
3.0	43.0	2.45055	0.0036062445840514662
4.0	1.0	2.265703658536585	0.06098523095573013
4.0	2.0	2.2778211382113818	0.05767595226539042
4.0	3.0	2.280887804878049	0.055478360679937194
4.0	4.0	2.291303252032521	0.05398295034690701
4.0	5.0	2.291643902439025	0.05510621528165397
4.0	6.0	2.2978402439024395	0.053479516261201406
4.0	7.0	2.3093451219512193	0.05230412123873696
4.0	8.0	2.317623577235772	0.05541698639064147
4.0	9.0	2.3210463414634144	0.052856387319207034
4.0	10.0	2.320593902439024	0.04989993827870948
4.0	11.0	2.323630894308943	0.055188747936411674
4.0	12.0	2.3349394308943094	0.054405383419115036
4.0	13.0	2.333979674796748	0.054528858428601494
4.0	14.0	2.333578455284553	0.051816007920215026
4.0	15.0	2.3407902439024384	0.05623923158913346
4.0	16.0	2.341815918367347	0.052518779151841166
4.0	17.0	2.3499629629629633	0.051705485372742166
4.0	18.0	2.353094514767932	0.04803118791116476
4.0	19.0	2.350734841628959	0.05268640767095683
4.0	20.0	2.3664966019417473	0.04749567413531053
4.0	21.0	2.369189772727273	0.05061053541314491
4.0	22.0	2.3662560000000004	0.05294047750435637
4.0	23.0	2.366071052631579	0.051235888147668454
4.0	24.0	2.3711630434782607	0.048911965585617584
4.0	25.0	2.3760579710144922	0.051760868156294146
4.0	26.0	2.3653021276595743	0.054985367576734126
4.0	27.0	2.365474285714286	0.06047375873714417
4.0	28.0	2.3528357142857144	0.04678985498054603
4.0	29.0	2.3459049999999997	0.04751396996784484
4.0	30.0	2.3671266666666666	0.06127303609566738
4.0	31.0	2.3678181818181825	0.05268940725006918
4.0	32.0	2.37517	0.05434505088373327
4.0	33.0	2.3498	0.04729402710702477
4.0	34.0	2.3915499999999996	0.04566818732261361
4.0	35.0	2.3487999999999998	0.02078893936688472
4.0	36.0	2.33385	0.061447579285110965
4.0	37.0	2.3437	0.012162236636408533
4.0	38.0	2.38635	0.039527269068327896
5.0	1.0	2.2627524390243905	0.0536309015985353
5.0	2.0	2.2687646341463417	0.056797802570208465
5.0	3.0	2.2834979674796747	0.053234621578701104
5.0	4.0	2.289341869918699	0.057196933653354834
5.0	5.0	2.29550243902439	0.05841934955295329
5.0	6.0	2.3063914634146343	0.06069237090452918
5.0	7.0	2.312603658536585	0.056403295124010204
5.0	8.0	2.310227642276423	0.05099918654943591
5.0	9.0	2.3201345528455284	0.05525391910749873
5.0	10.0	2.3281430894308937	0.05258251526156566
5.0	11.0	2.327791463414635	0.05144602132821097
5.0	12.0	2.3369772357723577	0.057045627013009935
5.0	13.0	2.330415040650406	0.05230381787873825
5.0	14.0	2.337611382113821	0.051139034499201624
5.0	15.0	2.34029918699187	0.05466104906650262
5.0	16.0	2.347331707317073	0.05527006839085974
5.0	17.0	2.3527734693877553	0.05225285299101765
5.0	18.0	2.354635344827586	0.05234388746414365
5.0	19.0	2.3587693779904306	0.05214969872410665
5.0	20.0	2.3628328042328044	0.054607662378998646
5.0	21.0	2.365557668711656	0.05145502638431505
5.0	22.0	2.3693227941176467	0.05666782608867714
5.0	23.0	2.366317475728156	0.05403083438328353
5.0	24.0	2.359743421052631	0.06954780290903287
5.0	25.0	2.3735283018867923	0.049897550338200626
5.0	26.0	2.373253846153846	0.05529664425981709
5.0	27.0	2.377927586206897	0.042095765791073866
5.0	28.0	2.3738208333333333	0.05477679593759027
5.0	29.0	2.380021052631579	0.05512139712536899
5.0	30.0	2.361192857142857	0.03975845269171778
5.0	31.0	2.3443583333333335	0.04654586122277357
5.0	32.0	2.36958	0.044855912529887146
5.0	33.0	2.3520250000000003	0.04930023906056206
5.0	34.0	2.3589	0.054716688496289766
5.0	35.0	2.3930599999999997	0.0634227719356385
5.0	36.0	2.37195	0.06830214735521388
5.0	37.0	2.356033333333333	0.06072366370150395
5.0	38.0	2.3329333333333335	0.022140535976649965
5.0	39.0	2.3293	0.005374011537017797
5.0	40.0	NaN	NaN
5.0	41.0	NaN	NaN
5.0	42.0	NaN	NaN
5.0	43.0	NaN	NaN
5.0	44.0	NaN	NaN
5.0	45.0	NaN	NaN
5.0	46.0	NaN	NaN
5.0	47.0	NaN	NaN
6.0	1.0	2.266658536585366	0.058427737928849595
6.0	2.0	2.2736089430894313	0.05638032224119722
6.0	3.0	2.2790382113821135	0.05966413002367223
6.0	4.0	2.2918577235772357	0.05606400425188992
6.0	5.0	2.3013300813008133	0.06157028561744514
6.0	6.0	2.302330894308943	0.05159429509687952
6.0	7.0	2.305964634146342	0.05605657573315399
6.0	8.0	2.3162065040650406	0.052253418971959786
6.0	9.0	2.319091869918699	0.05553648345778187
6.0	10.0	2.318936991869918	0.054033063701358235
6.0	11.0	2.333895121951219	0.05034997169390369
6.0	12.0	2.332215040650407	0.053652703846109574
6.0	13.0	2.336384959349594	0.05641077746026739
6.0	14.0	2.340829268292683	0.050127665963743254
6.0	15.0	2.339951219512195	0.05201638417841552
6.0	16.0	2.3417402439024384	0.05269966470037647
6.0	17.0	2.3507565573770495	0.05508146975828913
6.0	18.0	2.3530084033613443	0.053194449569015534
6.0	19.0	2.362944394618834	0.0528826343920192
6.0	20.0	2.3582298969072166	0.052785866504017814
6.0	21.0	2.3587309941520473	0.04540147093568109
6.0	22.0	2.3622225352112673	0.0531853048471394
6.0	23.0	2.358298260869565	0.05550938751429396
6.0	24.0	2.370377173913044	0.05344666459902462
6.0	25.0	2.3632788732394365	0.04956786665196072
6.0	26.0	2.367403846153846	0.05179643019548235
6.0	27.0	2.3686	0.049647836733413574
6.0	28.0	2.386332258064516	0.05391636354637168
6.0	29.0	2.387225	0.03981551205246517
6.0	30.0	2.3807066666666667	0.03760316222771444
6.0	31.0	2.3654583333333337	0.05789415825975936
6.0	32.0	2.4048333333333334	0.03178393724299534
6.0	33.0	2.3557499999999996	0.035843781422537815
6.0	34.0	2.342575	0.04604160256405787
6.0	35.0	2.341766666666667	0.024682855048258543
6.0	36.0	2.4179	0.08077790539497771
6.0	37.0	NaN	NaN
6.0	38.0	NaN	NaN
6.0	39.0	NaN	NaN
6.0	40.0	NaN	NaN
7.0	1.0	2.2573308943089434	0.052612078430223294
7.0	2.0	2.2772829268292676	0.06478042436405045
7.0	3.0	2.2891682926829273	0.05668001601122176
7.0	4.0	2.293508943089431	0.054666842553752336
7.0	5.0	2.299380081300813	0.051990026217687293
7.0	6.0	2.3078414634146345	0.053971210658002595
7.0	7.0	2.309984552845528	0.051621398873296434
7.0	8.0	2.3131268292682927	0.05503343261894348
7.0	9.0	2.323497967479675	0.053181540797219144
7.0	10.0	2.3252686991869917	0.055365681884592344
7.0	11.0	2.3303154471544714	0.048934937283520594
7.0	12.0	2.3343752032520326	0.055050861037579855
7.0	13.0	2.3372382113821133	0.052583015059105884
7.0	14.0	2.3432813008130084	0.05217616603368295
7.0	15.0	2.3405841463414636	0.046876581689591516
7.0	16.0	2.3521467479674794	0.05333759528713092
7.0	17.0	2.3485970833333334	0.05336936610378079
7.0	18.0	2.352205579399142	0.04694926566329162
7.0	19.0	2.3605229357798168	0.048324806641761114
7.0	20.0	2.3620823529411767	0.0554721867615774
7.0	21.0	2.36552625	0.053412604791649436
7.0	22.0	2.365385039370079	0.05233859099877007
7.0	23.0	2.368520792079208	0.05672764108762444
7.0	24.0	2.371360294117647	0.05097600588543209
7.0	25.0	2.366198039215686	0.04454844774039194
7.0	26.0	2.363906818181818	0.06223123196194222
7.0	27.0	2.341767647058824	0.04563432865586672
7.0	28.0	2.3623923076923075	0.058713255219426705
7.0	29.0	2.3616789473684214	0.07412853385953175
7.0	30.0	2.3621125	0.05398531744835807
7.0	31.0	2.362883333333333	0.05554339553789259
7.0	32.0	2.376033333333333	0.05673096530328408
7.0	33.0	2.3876999999999997	0.0630917497688001
7.0	34.0	2.3689666666666667	0.0503173180922831
7.0	35.0	2.3657874999999997	0.030378913622069174
7.0	36.0	2.37074	0.0318484379522765
7.0	37.0	2.39015	0.03875413956383662
7.0	38.0	2.371625	0.06640062123203376
7.0	39.0	2.3777749999999997	0.10784465293498186
7.0	40.0	2.3705666666666665	0.04512453139184186
7.0	41.0	2.3591	0.08097413167178782
7.0	42.0	2.3762666666666665	0.01007488626900252
7.0	43.0	2.36545	0.08789337290148776
7.0	44.0	2.4575500000000003	0.02298097038856293
7.0	45.0	2.3549499999999997	0.053245140623346975
7.0	46.0	NaN	NaN
7.0	47.0	NaN	NaN
7.0	48.0	NaN	NaN
7.0	49.0	NaN	NaN
7.0	50.0	NaN	NaN
7.0	51.0	NaN	NaN
7.0	52.0	NaN	NaN
7.0	53.0	NaN	NaN
7.0	54.0	NaN	NaN
7.0	55.0	NaN	NaN
7.0	56.0	NaN	NaN
8.0	1.0	2.2570589430894317	0.05555506903249163
8.0	2.0	2.2725719512195126	0.05147829249120308
8.0	3.0	2.2853930894308943	0.06040724845856519
8.0	4.0	2.2930126016260166	0.05884994862186163
8.0	5.0	2.302040650406504	0.054011195116777336
8.0	6.0	2.3039000000000005	0.05825531630290079
8.0	7.0	2.309852439024391	0.04990515794930667
8.0	8.0	2.3094829268292685	0.057047199516042806
8.0	9.0	2.318229674796749	0.05531014791836083
8.0	10.0	2.32489918699187	0.05111166725854837
8.0	11.0	2.33225243902439	0.0542531606729642
8.0	12.0	2.3283894308943087	0.05406928255867182
8.0	13.0	2.3347772357723575	0.05425137231482854
8.0	14.0	2.345890650406504	0.05452478442240683
8.0	15.0	2.3482906504065033	0.055090712150865605
8.0	16.0	2.3437171428571433	0.054714689489218885
8.0	17.0	2.3504773662551437	0.05176380422404702
8.0	18.0	2.3536951754385966	0.05101824691687562
8.0	19.0	2.3607136792452827	0.048803288791079855
8.0	20.0	2.36911	0.047189093167452165
8.0	21.0	2.3695969325153374	0.05303664168198082
8.0	22.0	2.3706430769230766	0.051173400216166606
8.0	23.0	2.3678216494845357	0.05429776358731722
8.0	24.0	2.3720342857142853	0.0540249617178285
8.0	25.0	2.359885416666667	0.056344664984034835
8.0	26.0	2.358774358974359	0.05727616257153036
8.0	27.0	2.37348064516129	0.04379055011723296
8.0	28.0	2.362368181818182	0.05575625855422305
8.0	29.0	2.361921052631579	0.0522488232610433
8.0	30.0	2.3433846153846156	0.04083635729252892
8.0	31.0	2.3981700000000004	0.03987408097164547
8.0	32.0	2.359344444444444	0.048395095596328576
8.0	33.0	2.4014428571428574	0.06004972542659563
8.0	34.0	2.36986	0.04546133522016259
8.0	35.0	2.3873249999999997	0.017677928800248766
8.0	36.0	2.3657333333333335	0.07949750520194525
8.0	37.0	2.34825	0.068377225740739
8.0	38.0	NaN	NaN
8.0	39.0	NaN	NaN
8.0	40.0	NaN	NaN
8.0	41.0	NaN	NaN
8.0	42.0	NaN	NaN
9.0	1.0	2.2705284552845533	0.06134684266821901
9.0	2.0	2.281976829268293	0.056520173675904485
9.0	3.0	2.282926422764228	0.05650277357295718
9.0	4.0	2.2925906504065034	0.05612601813979241
9.0	5.0	2.2946028455284555	0.054339097361605096
9.0	6.0	2.313487804878049	0.05309548823657373
9.0	7.0	2.313221951219512	0.057948967044144324
9.0	8.0	2.315338617886178	0.05535062277289453
9.0	9.0	2.3215536585365855	0.05387952061463168
9.0	10.0	2.323762601626016	0.05451535698015105
9.0	11.0	2.32529837398374	0.05188086428518642
9.0	12.0	2.337895528455285	0.052479257907633574
9.0	13.0	2.3381930894308947	0.05076472655548528
9.0	14.0	2.331466260162601	0.050765333260588075
9.0	15.0	2.3468032520325206	0.04949940825861
9.0	16.0	2.3474073469387755	0.05022348443133176
9.0	17.0	2.3548855371900825	0.04894376396051995
9.0	18.0	2.3488427966101697	0.05127339560460708
9.0	19.0	2.3562944700460826	0.051659495620810646
9.0	20.0	2.363194329896907	0.059699779283007626
9.0	21.0	2.364781761006289	0.051244679693400644
9.0	22.0	2.363647199999999	0.05506793982099777
9.0	23.0	2.36548137254902	0.04859302140009947
9.0	24.0	2.3620958904109584	0.04444828280133918
9.0	25.0	2.375057692307692	0.04971765515172473
9.0	26.0	2.3573000000000004	0.06000877413322967
9.0	27.0	2.374114285714285	0.04977756979831834
9.0	28.0	2.3591421052631576	0.05552327155536249
9.0	29.0	2.3571199999999997	0.046134495925345395
9.0	30.0	2.36565	0.05399546277234789
9.0	31.0	2.3750600000000004	0.045860106119952795
9.0	32.0	2.351116666666667	0.05052474311331698
9.0	33.0	2.3777333333333335	0.044899294723488276
9.0	34.0	2.36575	0.03628568588300341
9.0	35.0	2.38875	0.05863793140962602
9.0	36.0	2.399233333333333	0.025826085004635665
9.0	37.0	2.3888399999999996	0.055618459165999855
9.0	38.0	2.3935400000000002	0.04058913647763395
9.0	39.0	2.3558999999999997	0.01577719873741856
9.0	40.0	2.3931	0.01923330444827386
9.0	41.0	2.4364999999999997	0.010323759005323714
9.0	42.0	2.4271000000000003	0.0009899494936610575
9.0	43.0	NaN	NaN
9.0	44.0	NaN	NaN
9.0	45.0	NaN	NaN
9.0	46.0	NaN	NaN
10.0	1.0	2.2692040650406504	0.05037213823075818
10.0	2.0	2.2761947154471542	0.053441751740585484
10.0	3.0	2.28004837398374	0.05405727704414006
10.0	4.0	2.291178455284553	0.05780877328420422
10.0	5.0	2.2958654471544713	0.05386842232399969
10.0	6.0	2.30674674796748	0.05719679926817562
10.0	7.0	2.3096955284552836	0.05607470109035497
10.0	8.0	2.316827235772357	0.05663075415716703
10.0	9.0	2.3252926829268294	0.056451487094863154
10.0	10.0	2.3252394308943085	0.04858236883178351
10.0	11.0	2.3251113821138216	0.053670248214332736
10.0	12.0	2.3335178861788615	0.05310858807912727
10.0	13.0	2.3435223577235775	0.05196794015750835
10.0	14.0	2.3399930894308945	0.052673770657837064
10.0	15.0	2.3467016326530614	0.05024475012731486
10.0	16.0	2.352117213114754	0.055072470313578564
10.0	17.0	2.355469999999999	0.04997043745302678
10.0	18.0	2.3577857758620686	0.052129250916611435
10.0	19.0	2.361696261682243	0.05000373023687896
10.0	20.0	2.3581793478260873	0.05233101670006003
10.0	21.0	2.3613062893081755	0.054052666166322656
10.0	22.0	2.36606370967742	0.05576982214916212
10.0	23.0	2.374911224489796	0.05257480067985426
10.0	24.0	2.3727380281690142	0.05024681472831935
10.0	25.0	2.374398039215686	0.04968010261743058
10.0	26.0	2.3760142857142856	0.055204321776987184
10.0	27.0	2.363837037037037	0.05761934202590809
10.0	28.0	2.36782	0.05127155361919817
10.0	29.0	2.3641214285714285	0.03910343637410567
10.0	30.0	2.3617818181818184	0.04179800995697804
10.0	31.0	2.38065	0.05977345325715844
10.0	32.0	2.37794	0.0409619701674614
10.0	33.0	2.34598	0.08065966774045143
10.0	34.0	2.3939999999999997	0.03899788455801154
10.0	35.0	2.3759333333333332	0.0267664591108597
10.0	36.0	2.3935333333333335	0.02950259875558986
10.0	37.0	2.3829666666666665	0.03946166916557553
10.0	38.0	NaN	NaN
10.0	39.0	NaN	NaN
10.0	40.0	NaN	NaN
10.0	41.0	NaN	NaN
10.0	42.0	NaN	NaN
10.0	43.0	NaN	NaN
11.0	1.0	2.275631707317073	0.05621198044584979
11.0	2.0	2.277278861788618	0.05796725782649786
11.0	3.0	2.2804991869918703	0.04762011064783272
11.0	4.0	2.2936646341463414	0.052142222396021974
11.0	5.0	2.3027727642276425	0.053673309884527426
11.0	6.0	2.3164256097560973	0.0563798657308685
11.0	7.0	2.3098918699186997	0.05207769249958152
11.0	8.0	2.323145121951219	0.052950959566042406
11.0	9.0	2.3243617886178867	0.058155750792653144
11.0	10.0	2.3293695121951217	0.05161783433854901
11.0	11.0	2.3342138211382117	0.050195456051284656
11.0	12.0	2.330382520325203	0.05700416078037721
11.0	13.0	2.3342004065040647	0.05626246111259554
11.0	14.0	2.343888617886179	0.05400052033498669
11.0	15.0	2.3435365853658534	0.05278744094340913
11.0	16.0	2.3545365853658535	0.05287149267497975
11.0	17.0	2.3470766949152546	0.047196778731677796
11.0	18.0	2.35450599078341	0.05022050646399251
11.0	19.0	2.3605417525773196	0.04891678944023757
11.0	20.0	2.3611446540880503	0.04791236547640016
11.0	21.0	2.36527794117647	0.044929628418271174
11.0	22.0	2.373653097345133	0.05406605759689528
11.0	23.0	2.3676946236559138	0.051062151740266064
11.0	24.0	2.3679445945945945	0.04844326477321887
11.0	25.0	2.3727641509433965	0.06225138890739589
11.0	26.0	2.3788341463414633	0.05194464173404266
11.0	27.0	2.3603625000000004	0.04983543078263021
11.0	28.0	2.3870899999999997	0.04531059943382599
11.0	29.0	2.3646000000000003	0.04612315398293284
11.0	30.0	2.36479	0.03873635817219333
11.0	31.0	2.3546625	0.043985709935971506
11.0	32.0	2.38724	0.059772175801120125
11.0	33.0	2.392925	0.020134112843629454
11.0	34.0	2.3613500000000003	0.0913094920220966
11.0	35.0	2.3278	0.05982123368838193
11.0	36.0	NaN	NaN
12.0	1.0	2.2636979674796747	0.05327142700010494
12.0	2.0	2.276730894308943	0.0523529639806983
12.0	3.0	2.2882455284552843	0.05310555257802667
12.0	4.0	2.2948447154471547	0.052088091323005875
12.0	5.0	2.300165447154471	0.0574199963854168
12.0	6.0	2.3066483739837396	0.051736646087330466
12.0	7.0	2.321465040650407	0.05222201191028095
12.0	8.0	2.318856910569106	0.05313773950980956
12.0	9.0	2.3230955284552848	0.054431685140831486
12.0	10.0	2.3241670731707313	0.05384860498042156
12.0	11.0	2.3303174796747967	0.0533638635980551
12.0	12.0	2.3342430894308945	0.052385167835867136
12.0	13.0	2.3372646341463414	0.04761539462585402
12.0	14.0	2.342568292682927	0.04867587562739452
12.0	15.0	2.349821951219512	0.04623243942247383
12.0	16.0	2.3540673553719005	0.05133801953141994
12.0	17.0	2.35697875	0.04796208760889527
12.0	18.0	2.3580471111111105	0.051233168866111456
12.0	19.0	2.3596068292682926	0.05147047651938413
12.0	20.0	2.3650795454545457	0.04981424732306648
12.0	21.0	2.3640476510067114	0.048378018215631514
12.0	22.0	2.368603389830508	0.05230257945331821
12.0	23.0	2.3633806818181817	0.05037108014001994
12.0	24.0	2.3798434782608697	0.050987597910324846
12.0	25.0	2.367766666666667	0.056043362591532975
12.0	26.0	2.3758277777777774	0.05323634961785908
12.0	27.0	2.375883333333334	0.06149344727668969
12.0	28.0	2.361110526315789	0.061702601194374616
12.0	29.0	2.382093333333333	0.062155386695266386
12.0	30.0	2.3768666666666665	0.017842159809469887
12.0	31.0	2.384575	0.07239780728723762
12.0	32.0	2.363466666666667	0.05978581214078576
12.0	33.0	2.3566000000000003	0.0038183766184075644
12.0	34.0	2.3573500000000003	0.0396686904245655
12.0	35.0	NaN	NaN
12.0	36.0	NaN	NaN
12.0	37.0	NaN	NaN
12.0	38.0	NaN	NaN
12.0	39.0	NaN	NaN
13.0	1.0	2.267046341463414	0.05584418818379776
13.0	2.0	2.2716544715447156	0.056827246629724326
13.0	3.0	2.2849764227642275	0.06282505750103451
13.0	4.0	2.29564837398374	0.059818177373471136
13.0	5.0	2.3064158536585366	0.054774977460505685
13.0	6.0	2.307739024390244	0.057404283611969975
13.0	7.0	2.3104857723577235	0.052528271113141754
13.0	8.0	2.322374390243902	0.05969862777141487
13.0	9.0	2.320619512195122	0.05010653899815193
13.0	10.0	2.322232113821138	0.05241636745080693
13.0	11.0	2.327174796747968	0.049315250103955294
13.0	12.0	2.3406499999999997	0.052178641145939536
13.0	13.0	2.3336967479674793	0.04896537457988519
13.0	14.0	2.3420796747967483	0.05036946266214683
13.0	15.0	2.348306504065041	0.05316068017537158
13.0	16.0	2.357598765432099	0.05267504896621844
13.0	17.0	2.355196680497926	0.05242224151637985
13.0	18.0	2.3553379912663748	0.04973413788722882
13.0	19.0	2.3588657004830917	0.05157287926890072
13.0	20.0	2.3612098265895947	0.051674641417889175
13.0	21.0	2.3689553191489363	0.04667116489031365
13.0	22.0	2.363414406779661	0.05200672914287928
13.0	23.0	2.374610344827586	0.04289013014474543
13.0	24.0	2.3778098360655733	0.05511759460437906
13.0	25.0	2.365670731707317	0.05968060088463606
13.0	26.0	2.371411111111111	0.04498685563014138
13.0	27.0	2.38194	0.03477555705407246
13.0	28.0	2.367916666666667	0.046930603183333613
13.0	29.0	2.373957142857143	0.041235375473932516
13.0	30.0	2.3641	0.04705205627812664
13.0	31.0	2.342	0.019321620014895215
13.0	32.0	2.36094	0.06877643491778256
13.0	33.0	2.3447750000000003	0.05851810973251492
13.0	34.0	2.359025	0.040928016077010125
13.0	35.0	2.3253250000000003	0.06185792188555975
13.0	36.0	2.31745	0.019359493795035043
13.0	37.0	2.3325250000000004	0.03923454047987138
13.0	38.0	2.3412	0.0282155985228028
13.0	39.0	2.4130000000000003	0.007353910524340227
13.0	40.0	2.35555	0.008980256121068949
13.0	41.0	2.42065	0.0010606601717798615
13.0	42.0	NaN	NaN
14.0	1.0	2.2758036585365855	0.058679296724752056
14.0	2.0	2.2852113821138214	0.05497564017613475
14.0	3.0	2.2853369918699187	0.05635604356610231
14.0	4.0	2.294361788617886	0.05342581203008057
14.0	5.0	2.3035861788617886	0.05667344960234114
14.0	6.0	2.308667073170732	0.05722602459537568
14.0	7.0	2.3106768292682927	0.05541091390054112
14.0	8.0	2.3163715447154476	0.05603765136642809
14.0	9.0	2.3154853658536583	0.052127634072027834
14.0	10.0	2.324642276422764	0.049938469091522136
14.0	11.0	2.331903252032521	0.05321935191218086
14.0	12.0	2.332074796747968	0.04926749906626309
14.0	13.0	2.334473170731707	0.05466155918707925
14.0	14.0	2.3370004065040653	0.05200869982009679
14.0	15.0	2.342906530612245	0.05694889964073991
14.0	16.0	2.35271646090535	0.05112064462065513
14.0	17.0	2.357531779661017	0.049615288980808296
14.0	18.0	2.3581309417040357	0.05507901435285648
14.0	19.0	2.36375	0.05087734803571436
14.0	20.0	2.3599524390243904	0.052328168640594225
14.0	21.0	2.375670588235294	0.04873179070008203
14.0	22.0	2.36903786407767	0.04550181663364373
14.0	23.0	2.3622246913580254	0.05364138917585981
14.0	24.0	2.377458620689655	0.05016661724477168
14.0	25.0	2.3828945945945947	0.05588195368585238
14.0	26.0	2.3675458333333337	0.034999254391644044
14.0	27.0	2.3719214285714285	0.05165239109174427
14.0	28.0	2.357166666666666	0.05208404629815043
14.0	29.0	2.374811111111111	0.0964412702690664
14.0	30.0	2.3635285714285716	0.017004971261929472
14.0	31.0	2.3599666666666668	0.05080003280838831
14.0	32.0	2.3297499999999998	0.01053589103967981
14.0	33.0	2.3695500000000003	0.09171174951989532
14.0	34.0	NaN	NaN
14.0	35.0	NaN	NaN
15.0	1.0	2.273442276422764	0.05855556859575575
15.0	2.0	2.2794626016260167	0.05366065087935249
15.0	3.0	2.2871841463414633	0.06083023309046021
15.0	4.0	2.297781300813008	0.05509106872256934
15.0	5.0	2.301562195121951	0.05392969869832748
15.0	6.0	2.308897967479675	0.05654888255572323
15.0	7.0	2.3070691056910575	0.05267222732562052
15.0	8.0	2.3208613821138213	0.05828264078486385
15.0	9.0	2.3244638211382114	0.05401643846573911
15.0	10.0	2.330062195121951	0.05141137960328231
15.0	11.0	2.329219512195121	0.0528176580839719
15.0	12.0	2.339208536585366	0.0576950559220604
15.0	13.0	2.337651219512195	0.054359468492924494
15.0	14.0	2.3360126016260163	0.0535383193280217
15.0	15.0	2.3433995934959353	0.049243083424377485
15.0	16.0	2.35324918699187	0.056028196794748034
15.0	17.0	2.3525483050847464	0.05076668824547164
15.0	18.0	2.3601688888888885	0.04863246188716285
15.0	19.0	2.3628088235294116	0.04744406528353999
15.0	20.0	2.3651785714285714	0.0506423388497659
15.0	21.0	2.3677048000000003	0.05484116045453452
15.0	22.0	2.367568	0.04671507852520598
15.0	23.0	2.376211428571428	0.05835182036542299
15.0	24.0	2.3499122448979595	0.04606717754474193
15.0	25.0	2.3611024390243904	0.055160413739405924
15.0	26.0	2.353971428571429	0.04490621384984533
15.0	27.0	2.3640238095238093	0.04725116828991542
15.0	28.0	2.380476923076923	0.04298061876873795
15.0	29.0	2.3856249999999997	0.033170225559021535
15.0	30.0	2.35532	0.06039578351728431
15.0	31.0	2.371233333333333	0.05970191510049474
15.0	32.0	2.3417833333333333	0.0478339802511424
15.0	33.0	2.38126	0.026371916881410086
15.0	34.0	2.326866666666667	0.043524743920364796
15.0	35.0	2.3184	0.02743574311003816
15.0	36.0	2.28145	0.04391133111168463
15.0	37.0	2.40125	0.03245620125646257
15.0	38.0	2.3575	0.045396255352176375
15.0	39.0	2.3765	0.01951614716074876
15.0	40.0	2.317	0.08626702730475903
15.0	41.0	2.4081	0.02489015869776656
15.0	42.0	NaN	NaN
15.0	43.0	NaN	NaN
15.0	44.0	NaN	NaN
15.0	45.0	NaN	NaN
16.0	1.0	2.2665775510204083	0.059695104644921115
16.0	2.0	2.281144081632653	0.05935510128746954
16.0	3.0	2.288091836734694	0.05666411691893506
16.0	4.0	2.2943224489795924	0.05285308924895731
16.0	5.0	2.300154693877551	0.05338584063144831
16.0	6.0	2.311355918367347	0.05456317679498256
16.0	7.0	2.315380408163265	0.05659895678958037
16.0	8.0	2.3123351020408167	0.0533437291059415
16.0	9.0	2.322689795918368	0.05212094637655469
16.0	10.0	2.324947755102041	0.05320313959309854
16.0	11.0	2.336212244897959	0.05205808323186558
16.0	12.0	2.33383306122449	0.051596895247650876
16.0	13.0	2.3389510204081634	0.051675519469852355
16.0	14.0	2.345475102040816	0.049375892526585495
16.0	15.0	2.34418	0.052144759571980684
16.0	16.0	2.344566803278689	0.05053529187328734
16.0	17.0	2.350664978902954	0.055934622071592874
16.0	18.0	2.3582322869955163	0.05076601187667995
16.0	19.0	2.3584189054726368	0.05266879665224962
16.0	20.0	2.362358857142857	0.053168392421713846
16.0	21.0	2.3591555555555557	0.05479047538300971
16.0	22.0	2.3592283333333337	0.047718340612518416
16.0	23.0	2.363973913043478	0.052937476846271175
16.0	24.0	2.3617276923076926	0.04591603582795275
16.0	25.0	2.368054761904762	0.05169960702960031
16.0	26.0	2.376913333333334	0.05062378978261129
16.0	27.0	2.3560807692307693	0.04633163083018571
16.0	28.0	2.376055	0.0410482190779781
16.0	29.0	2.3768933333333337	0.056854180229107244
16.0	30.0	2.3841444444444444	0.04738771230791564
16.0	31.0	2.355671428571429	0.04294534178409094
16.0	32.0	2.3626285714285715	0.04316957703003798
16.0	33.0	2.3695833333333334	0.03600663364807473
16.0	34.0	2.3501000000000003	0.02904298538373773
16.0	35.0	2.32392	0.04028457521185989
16.0	36.0	2.35754	0.07010644050299522
16.0	37.0	2.37478	0.0405748937152027
16.0	38.0	2.3221666666666665	0.10519744927199194
16.0	39.0	2.3805	0.06526645386414068
16.0	40.0	2.357	0.09747599704542653
16.0	41.0	2.3828333333333336	0.04325648313644243
16.0	42.0	2.3257999999999996	0.07001135622168729
16.0	43.0	2.3615333333333335	0.06104771357989868
16.0	44.0	NaN	NaN
16.0	45.0	NaN	NaN
16.0	46.0	NaN	NaN
16.0	47.0	NaN	NaN
16.0	48.0	NaN	NaN
17.0	1.0	2.26461223628692	0.05248539968550608
17.0	2.0	2.2846097046413503	0.0617283382605098
17.0	3.0	2.2919000000000005	0.05547350413500981
17.0	4.0	2.2959308016877635	0.054016677632840085
17.0	5.0	2.301066244725738	0.056341701521428034
17.0	6.0	2.307499156118143	0.049962772574714494
17.0	7.0	2.316189451476793	0.052713216897802735
17.0	8.0	2.321909704641351	0.051022657300097966
17.0	9.0	2.3249620253164562	0.05700915397160948
17.0	10.0	2.3303974683544304	0.05633112825527965
17.0	11.0	2.3269945147679327	0.056522771879758155
17.0	12.0	2.3350371308016884	0.049606224546590076
17.0	13.0	2.3444139240506336	0.05409726504140766
17.0	14.0	2.3435540084388182	0.05467169304019478
17.0	15.0	2.34178686440678	0.05178109690741138
17.0	16.0	2.346028085106383	0.05195783524891515
17.0	17.0	2.356377777777778	0.04766479069318773
17.0	18.0	2.355425837320574	0.05477238567991687
17.0	19.0	2.363756914893617	0.06138339674357239
17.0	20.0	2.3617607594936705	0.0486586129681067
17.0	21.0	2.367324242424242	0.04817733641139272
17.0	22.0	2.3783731481481487	0.047195846891737364
17.0	23.0	2.3797868421052635	0.04731314219708307
17.0	24.0	2.3617084745762713	0.05284553381492788
17.0	25.0	2.388481818181819	0.04890302826371312
17.0	26.0	2.353920588235294	0.04512386843649152
17.0	27.0	2.3538454545454552	0.048087457302123555
17.0	28.0	2.3834222222222223	0.036496906485434334
17.0	29.0	2.36065	0.05570714289236849
17.0	30.0	2.356333333333333	0.04387727374752393
17.0	31.0	2.3467000000000002	0.0347967814603593
17.0	32.0	2.355488888888889	0.049967450516422256
17.0	33.0	2.3813166666666667	0.043532949207085225
17.0	34.0	2.378033333333333	0.03060920340899663
17.0	35.0	2.3811999999999998	0.06972746947939522
17.0	36.0	2.3779	0.004384062043356425
17.0	37.0	NaN	NaN
17.0	38.0	NaN	NaN
17.0	39.0	NaN	NaN
17.0	40.0	NaN	NaN
17.0	41.0	NaN	NaN
17.0	42.0	NaN	NaN
18.0	1.0	2.277835	0.06071846929640627
18.0	2.0	2.279496818181818	0.05718429023071401
18.0	3.0	2.290741363636364	0.05233911524312744
18.0	4.0	2.2978877272727276	0.05524634316556426
18.0	5.0	2.308156818181818	0.05139833871543436
18.0	6.0	2.308153181818182	0.05951319134584958
18.0	7.0	2.3117713636363635	0.0532368795159686
18.0	8.0	2.3177872727272724	0.05318693424388344
18.0	9.0	2.3232163636363636	0.053573784782673536
18.0	10.0	2.331818181818181	0.054025175396177974
18.0	11.0	2.333632727272727	0.050111973448857296
18.0	12.0	2.3371495454545452	0.05597544104151787
18.0	13.0	2.3336240909090913	0.05340805363644799
18.0	14.0	2.3418236363636367	0.05033156898042766
18.0	15.0	2.3432031818181827	0.051555951242812564
18.0	16.0	2.3611543378995434	0.05732756207356235
18.0	17.0	2.352058878504673	0.05266483972573431
18.0	18.0	2.3602333333333334	0.049535761404672723
18.0	19.0	2.360600578034682	0.052506300283217205
18.0	20.0	2.362154861111111	0.048011701414424464
18.0	21.0	2.3596112000000002	0.05090249727063591
18.0	22.0	2.3726741935483875	0.04871350563381828
18.0	23.0	2.3619928571428574	0.05373528601145544
18.0	24.0	2.376116363636364	0.04429790047543999
18.0	25.0	2.373920930232558	0.05231261141827825
18.0	26.0	2.392703125	0.06246588480212943
18.0	27.0	2.3508439999999995	0.044443307332675715
18.0	28.0	2.3949949999999998	0.048015145362797024
18.0	29.0	2.3754615384615385	0.06052935291329794
18.0	30.0	2.3758900000000005	0.047915816224337056
18.0	31.0	2.358722222222222	0.056773184202090016
18.0	32.0	2.3729857142857145	0.053877590535442096
18.0	33.0	2.338833333333333	0.04244109643572687
18.0	34.0	2.34636	0.05551236799128634
18.0	35.0	2.35815	0.027651220587887174
18.0	36.0	2.3468999999999998	0.13845150775632584
18.0	37.0	2.3948	0.021778888860545777
18.0	38.0	NaN	NaN
18.0	39.0	NaN	NaN
18.0	40.0	NaN	NaN
18.0	41.0	NaN	NaN
19.0	1.0	2.2803505102040815	0.05181733053070277
19.0	2.0	2.291854081632653	0.05176242210551201
19.0	3.0	2.2857653061224488	0.05353780088400674
19.0	4.0	2.2984066326530614	0.050951320225342454
19.0	5.0	2.304797959183673	0.056853397579445776
19.0	6.0	2.3015469387755108	0.052225380810840015
19.0	7.0	2.310445408163265	0.05527822893501132
19.0	8.0	2.318141836734694	0.05626338231416254
19.0	9.0	2.3269178571428575	0.052298786939895814
19.0	10.0	2.3365566326530613	0.053051606291810695
19.0	11.0	2.3327448979591834	0.0546155845560568
19.0	12.0	2.3359510204081633	0.05510310660868211
19.0	13.0	2.344111224489796	0.052851471381702174
19.0	14.0	2.342547448979592	0.056913019948099455
19.0	15.0	2.3464867346938774	0.05052871463451678
19.0	16.0	2.3526305699481864	0.050617633704678124
19.0	17.0	2.3566538043478262	0.05592381709773738
19.0	18.0	2.3525514450867053	0.0622202629139867
19.0	19.0	2.3643077922077924	0.04811005973163386
19.0	20.0	2.365738461538461	0.04549090442288092
19.0	21.0	2.3621365384615385	0.05696120133743963
19.0	22.0	2.3752282352941174	0.04632098570936108
19.0	23.0	2.365751666666667	0.05915960455187698
19.0	24.0	2.3675061224489795	0.0583942541699783
19.0	25.0	2.372143243243243	0.04840094432355022
19.0	26.0	2.361455555555555	0.03825554090921225
19.0	27.0	2.3686181818181815	0.07165033902397867
19.0	28.0	2.3862647058823527	0.04347387061753975
19.0	29.0	2.3741538461538463	0.05642783910128948
19.0	30.0	2.37238	0.04406169412186612
19.0	31.0	2.3806499999999997	0.03984925344344616
19.0	32.0	2.3607750000000003	0.024787278323096983
19.0	33.0	2.3677	0.06857526278962887
19.0	34.0	2.3463	0.03691016120257395
19.0	35.0	NaN	NaN
19.0	36.0	NaN	NaN
19.0	37.0	NaN	NaN
19.0	38.0	NaN	NaN
19.0	39.0	NaN	NaN
19.0	40.0	NaN	NaN
19.0	41.0	NaN	NaN
19.0	42.0	NaN	NaN
19.0	43.0	NaN	NaN
19.0	44.0	NaN	NaN
19.0	45.0	NaN	NaN
19.0	46.0	NaN	NaN
19.0	47.0	NaN	NaN
19.0	48.0	NaN	NaN
19.0	49.0	NaN	NaN
19.0	50.0	NaN	NaN
20.0	1.0	2.2714299401197606	0.05628740310932432
20.0	2.0	2.281753892215568	0.05156249775290596
20.0	3.0	2.292635329341317	0.06025083619661124
20.0	4.0	2.2975850299401204	0.05475840324876648
20.0	5.0	2.3052586826347308	0.0517714744984926
20.0	6.0	2.306083233532934	0.055370751111375606
20.0	7.0	2.311805988023952	0.06127239467712794
20.0	8.0	2.318795209580838	0.05687736205436253
20.0	9.0	2.3252377245508984	0.05330504012966198
20.0	10.0	2.327674850299401	0.050027787120401415
20.0	11.0	2.3401389221556887	0.05577152709919131
20.0	12.0	2.3420838323353297	0.053530642409660975
20.0	13.0	2.3420538922155694	0.05145529086159132
20.0	14.0	2.345207831325301	0.052968192846746844
20.0	15.0	2.3414463855421688	0.051141205164176515
20.0	16.0	2.352764457831325	0.0540616797181395
20.0	17.0	2.364106211180125	0.05023980579361472
20.0	18.0	2.356523178807947	0.05375322432959546
20.0	19.0	2.361186131386861	0.045739108607922366
20.0	20.0	2.365126548672565	0.0502562203287512
20.0	21.0	2.3617265957446807	0.05098159097550764
20.0	22.0	2.37043947368421	0.05535154096969026
20.0	23.0	2.3725619047619046	0.04565352838913855
20.0	24.0	2.372235555555555	0.054136083394096056
20.0	25.0	2.3699900000000005	0.05379843190895128
20.0	26.0	2.3697239999999997	0.049054614801599804
20.0	27.0	2.3620315789473683	0.052603010609148605
20.0	28.0	2.3875749999999996	0.047087638312174745
20.0	29.0	2.3735100000000005	0.04178100179640396
20.0	30.0	2.33885	0.033282232497235005
20.0	31.0	2.3807	0.010465180361561006
21.0	1.0	2.267276978417266	0.05534877990688405
21.0	2.0	2.2784424460431647	0.05638855750204931
21.0	3.0	2.288636690647482	0.053084670054224944
21.0	4.0	2.2882489208633094	0.05562217961181542
21.0	5.0	2.300375539568346	0.05632398109710505
21.0	6.0	2.313317985611511	0.05554210473876
21.0	7.0	2.307222302158273	0.05175995324456017
21.0	8.0	2.3109424460431653	0.05487869756241879
21.0	9.0	2.320932374100719	0.050924892429542575
21.0	10.0	2.321610791366907	0.04878991296713095
21.0	11.0	2.3393014388489206	0.052283868415271606
21.0	12.0	2.329083453237411	0.052211633993015615
21.0	13.0	2.337380575539569	0.05348883383093979
21.0	14.0	2.344774820143884	0.056068185835014654
21.0	15.0	2.34090071942446	0.05092712397142035
21.0	16.0	2.349612592592593	0.052113288518795556
21.0	17.0	2.3518592307692305	0.04861301975115493
21.0	18.0	2.354690756302521	0.05449434738466723
21.0	19.0	2.358543636363636	0.05390330542071977
21.0	20.0	2.3664298969072166	0.05593769071652488
21.0	21.0	2.355587142857143	0.052376316479400414
21.0	22.0	2.3858754716981134	0.06259501057057912
21.0	23.0	2.362422222222222	0.05664890421893741
21.0	24.0	2.365832	0.05013609577938831
21.0	25.0	2.3602294117647062	0.048633010454652646
21.0	26.0	2.372333333333333	0.06696141810887458
21.0	27.0	2.3922142857142856	0.03366112637110387
21.0	28.0	2.3922499999999998	0.05452794390646576
21.0	29.0	2.4135	0.03168422320335468
21.0	30.0	2.33595	0.054093668760771055
21.0	31.0	NaN	NaN
21.0	32.0	NaN	NaN
21.0	33.0	NaN	NaN
21.0	34.0	NaN	NaN
21.0	35.0	NaN	NaN
21.0	36.0	NaN	NaN
22.0	1.0	2.2743702702702695	0.051548486609642306
22.0	2.0	2.2829927927927924	0.05259764549122243
22.0	3.0	2.297101801801802	0.0499676949856459
22.0	4.0	2.2942351351351347	0.055645495854068965
22.0	5.0	2.3142594594594597	0.05797443539789896
22.0	6.0	2.312809009009009	0.05451186951572947
22.0	7.0	2.3183342342342343	0.047817565231152694
22.0	8.0	2.3233675675675682	0.047083877113397156
22.0	9.0	2.329434234234234	0.05098768032216748
22.0	10.0	2.3292279279279278	0.05601094076756328
22.0	11.0	2.335598198198198	0.042322770535669144
22.0	12.0	2.3404819819819824	0.05690859528976461
22.0	13.0	2.3388513513513516	0.05191626100990092
22.0	14.0	2.3535621621621625	0.057132781632795886
22.0	15.0	2.3439651376146786	0.05765167656189674
22.0	16.0	2.346785185185185	0.05007623686037348
22.0	17.0	2.3514117647058828	0.054589500122163175
22.0	18.0	2.3513478723404257	0.05617387126261364
22.0	19.0	2.358967088607595	0.04810600400056424
22.0	20.0	2.361521212121212	0.05571574426056032
22.0	21.0	2.3601055555555557	0.053840247331382166
22.0	22.0	2.3610521739130435	0.05822390398426645
22.0	23.0	2.366386842105263	0.04899519099982702
22.0	24.0	2.385610714285714	0.05139535459110071
22.0	25.0	2.3705800000000004	0.03831429031190923
22.0	26.0	2.3806000000000003	0.05572415394901326
22.0	27.0	2.3796416666666667	0.059562136513565414
22.0	28.0	2.376622222222222	0.017339894591503292
22.0	29.0	2.3958000000000004	0.049700847937578285
22.0	30.0	2.36786	0.05039546606590711
22.0	31.0	2.4174666666666664	0.039866569119167264
22.0	32.0	2.3748	0.04783231125505016
22.0	33.0	2.36815	0.06767011895955252
22.0	34.0	NaN	NaN
22.0	35.0	NaN	NaN
23.0	1.0	2.273864367816092	0.054204882593539644
23.0	2.0	2.2914586206896557	0.056383398001259244
23.0	3.0	2.2938689655172415	0.05495599573769956
23.0	4.0	2.293205747126437	0.054950640338063565
23.0	5.0	2.307543678160919	0.06859640084996904
23.0	6.0	2.3151873563218386	0.06231718715589402
23.0	7.0	2.3066758620689654	0.054534601700924064
23.0	8.0	2.3249632183908044	0.06036118442236166
23.0	9.0	2.3266528735632184	0.05397366679004583
23.0	10.0	2.328483908045977	0.05155133560980002
23.0	11.0	2.3291321839080465	0.054067708400548226
23.0	12.0	2.336277011494253	0.05289737475604306
23.0	13.0	2.3350126436781613	0.05744967829285866
23.0	14.0	2.3470057471264365	0.04869988624293537
23.0	15.0	2.340105747126437	0.054233685482411
23.0	16.0	2.3573080459770117	0.05720533846122211
23.0	17.0	2.3552186046511627	0.0537338616245745
23.0	18.0	2.3596125	0.057450686338454605
23.0	19.0	2.364033333333334	0.050449965631881866
23.0	20.0	2.3765339622641513	0.04971298755934381
23.0	21.0	2.3658642857142858	0.05530314603774791
23.0	22.0	2.358727272727273	0.04478906306738901
23.0	23.0	2.3701080000000005	0.05178487488318058
23.0	24.0	2.3649222222222224	0.0538401616503512
23.0	25.0	2.37361	0.06069802211677808
23.0	26.0	2.3513333333333333	0.03111171269259641
23.0	27.0	2.3607	0.04821944628466818
23.0	28.0	2.3829999999999996	0.036635638386685716
23.0	29.0	2.3051333333333335	0.08264927908538192
23.0	30.0	2.3781333333333334	0.011011963191608186
23.0	31.0	2.3795333333333333	0.034158503089762676
23.0	32.0	2.33305	0.02708218971944477
23.0	33.0	2.40825	0.03839589821842954
23.0	34.0	NaN	NaN
23.0	35.0	NaN	NaN
24.0	1.0	2.274824285714286	0.05929679326499357
24.0	2.0	2.289218571428571	0.05540604344386558
24.0	3.0	2.3035428571428573	0.05372383103152579
24.0	4.0	2.2914514285714285	0.058825141876328584
24.0	5.0	2.3092542857142857	0.057202793804565326
24.0	6.0	2.3176671428571427	0.05013010528102393
24.0	7.0	2.3255942857142857	0.06094296427324436
24.0	8.0	2.331155714285714	0.0479559086012585
24.0	9.0	2.338241428571429	0.051913787207999315
24.0	10.0	2.326235714285714	0.053353695485375385
24.0	11.0	2.330992857142857	0.047763831205511253
24.0	12.0	2.338737142857143	0.04313736458805155
24.0	13.0	2.3370399999999996	0.05772907086718445
24.0	14.0	2.3393528571428575	0.048501682987170586
24.0	15.0	2.3506114285714284	0.051733863388674264
24.0	16.0	2.353991428571429	0.05732875885742254
24.0	17.0	2.3547545454545458	0.04863859556998924
24.0	18.0	2.361773770491804	0.05588795308961002
24.0	19.0	2.3712396226415096	0.06205381144812522
24.0	20.0	2.350088888888889	0.05195240488887283
24.0	21.0	2.359058333333333	0.054941836128244374
24.0	22.0	2.3807064516129035	0.052661858021936306
24.0	23.0	2.378968	0.054882926306821525
24.0	24.0	2.3423166666666666	0.054725811202436324
24.0	25.0	2.3248818181818183	0.06131836296219614
24.0	26.0	2.361390909090909	0.04087459980343429
24.0	27.0	2.3626857142857145	0.061065632139292836
24.0	28.0	2.3404999999999996	0.024190631795524966
24.0	29.0	2.3956999999999997	0.06271985331615497
24.0	30.0	2.441333333333333	0.028668856505506764
24.0	31.0	2.4202500000000002	0.02015254326381643
24.0	32.0	NaN	NaN
25.0	1.0	2.2823235294117645	0.054680832430515525
25.0	2.0	2.2789254901960785	0.06300855130262004
25.0	3.0	2.2979196078431374	0.06829215773310388
25.0	4.0	2.297739215686274	0.0486634116289903
25.0	5.0	2.300998039215686	0.04367930168945505
25.0	6.0	2.3147235294117645	0.05978419720372697
25.0	7.0	2.313833333333333	0.059420631658260475
25.0	8.0	2.3284313725490198	0.0502062246746201
25.0	9.0	2.317741176470588	0.06185245403852811
25.0	10.0	2.3190960784313726	0.05932915964611098
25.0	11.0	2.3303098039215686	0.04917682891322688
25.0	12.0	2.33748431372549	0.054627346164898116
25.0	13.0	2.333250980392157	0.05467500845011008
25.0	14.0	2.342009803921569	0.047476407846011114
25.0	15.0	2.350550980392157	0.04904262379827987
25.0	16.0	2.3536196078431373	0.045746986871739836
25.0	17.0	2.3554265306122457	0.0554483948351611
25.0	18.0	2.3624844444444446	0.04392498230741898
25.0	19.0	2.3649388888888887	0.05476200078666527
25.0	20.0	2.359283333333333	0.05402800093523239
25.0	21.0	2.365291666666667	0.04929705800082023
25.0	22.0	2.3458	0.06053341323308191
25.0	23.0	2.3726375	0.035988162405620756
25.0	24.0	2.3610636363636366	0.041429850898289995
25.0	25.0	2.361836363636364	0.05915209671224303
25.0	26.0	2.3613875	0.04288620948843248
25.0	27.0	2.4075	0.05255825339563724
25.0	28.0	2.33685	0.03146625176280151
25.0	29.0	2.2963500000000003	0.009263098833543851
25.0	30.0	2.3533	0.055295750288787894
25.0	31.0	2.4149000000000003	0.052043059095330135
25.0	32.0	NaN	NaN
25.0	33.0	NaN	NaN
25.0	34.0	NaN	NaN
25.0	35.0	NaN	NaN
25.0	36.0	NaN	NaN
25.0	37.0	NaN	NaN
25.0	38.0	NaN	NaN
25.0	39.0	NaN	NaN
25.0	40.0	NaN	NaN
25.0	41.0	NaN	NaN
25.0	42.0	NaN	NaN
25.0	43.0	NaN	NaN
25.0	44.0	NaN	NaN
25.0	45.0	NaN	NaN
25.0	46.0	NaN	NaN
25.0	47.0	NaN	NaN
25.0	48.0	NaN	NaN
26.0	1.0	2.2742875000000002	0.0555525543096137
26.0	2.0	2.279371875	0.06594863218212756
26.0	3.0	2.2842624999999996	0.054863518344718726
26.0	4.0	2.2968593750000004	0.04723613883987559
26.0	5.0	2.29830625	0.04935504639688541
26.0	6.0	2.31574375	0.048777466621381625
26.0	7.0	2.3132843750000003	0.0488580175305561
26.0	8.0	2.339387500000001	0.05716345973637582
26.0	9.0	2.3550906250000003	0.055437703249072774
26.0	10.0	2.3248499999999996	0.05709286718908916
26.0	11.0	2.3332562500000003	0.0561815888652088
26.0	12.0	2.3415062500000006	0.04790169326591638
26.0	13.0	2.345290625	0.03923089104901901
26.0	14.0	2.3517468750000003	0.043570654406414694
26.0	15.0	2.35378125	0.052171778537888194
26.0	16.0	2.3419687499999995	0.046555782964303745
26.0	17.0	2.370832258064516	0.057870391894858576
26.0	18.0	2.361896153846154	0.038122827605194545
26.0	19.0	2.353538095238095	0.048687641924727486
26.0	20.0	2.386621052631579	0.051098701646338514
26.0	21.0	2.379192307692308	0.055235472623101856
26.0	22.0	2.360177777777778	0.04691838066732955
26.0	23.0	2.3885333333333336	0.05124972845456508
26.0	24.0	2.3985250000000002	0.06342850962566701
26.0	25.0	2.4012333333333333	0.051215752784991325
26.0	26.0	2.3992500000000003	0.0071417784899841285
26.0	27.0	NaN	NaN
26.0	28.0	NaN	NaN
27.0	1.0	2.290477777777778	0.0736930031817724
27.0	2.0	2.282848148148148	0.04636630383213798
27.0	3.0	2.309007407407407	0.060659249570074285
27.0	4.0	2.289903703703704	0.053203394060916266
27.0	5.0	2.2889037037037037	0.058678652136226014
27.0	6.0	2.321492592592593	0.037691265320780654
27.0	7.0	2.3155814814814817	0.05438528531927783
27.0	8.0	2.334281481481481	0.0535043422898987
27.0	9.0	2.3312925925925927	0.06036157671085093
27.0	10.0	2.3373037037037037	0.05091033204401548
27.0	11.0	2.3320074074074078	0.04691589796094156
27.0	12.0	2.331318518518519	0.04693798721584302
27.0	13.0	2.3322111111111115	0.05025853416495805
27.0	14.0	2.321766666666667	0.04583993891793489
27.0	15.0	2.342388888888889	0.04934460716643972
27.0	16.0	2.3512444444444442	0.04605066886120224
27.0	17.0	2.351759259259259	0.04380390094377144
27.0	18.0	2.351975	0.0438687890438511
27.0	19.0	2.3687842105263157	0.059538402762492545
27.0	20.0	2.3711714285714285	0.05807279819424836
27.0	21.0	2.356833333333333	0.05223200574592575
27.0	22.0	2.34911	0.05206908765178137
27.0	23.0	2.357475	0.041745786784844655
27.0	24.0	2.367666666666667	0.060043339902662494
27.0	25.0	2.358333333333334	0.04034519384842097
27.0	26.0	2.352125	0.028964273970991727
27.0	27.0	2.4344333333333332	0.015288666826552747
27.0	28.0	2.3656333333333333	0.06979042436705278
27.0	29.0	2.364266666666667	0.02251584627175568
27.0	30.0	2.476	0.09461088732276
27.0	31.0	2.38705	0.027223611075682063
27.0	32.0	NaN	NaN
27.0	33.0	NaN	NaN
27.0	34.0	NaN	NaN
28.0	1.0	2.2938636363636364	0.055445456213459116
28.0	2.0	2.2842863636363635	0.05935678478853869
28.0	3.0	2.2747772727272726	0.06614516454139178
28.0	4.0	2.2939000000000003	0.04706479829017905
28.0	5.0	2.302331818181818	0.05385276564825031
28.0	6.0	2.3008	0.05688314672161151
28.0	7.0	2.3224909090909094	0.045870738770208114
28.0	8.0	2.305786363636363	0.07218307607647009
28.0	9.0	2.3337409090909094	0.06415386756029384
28.0	10.0	2.330277272727273	0.05115141790911131
28.0	11.0	2.3440818181818184	0.07481435841540199
28.0	12.0	2.334172727272727	0.057528685861661155
28.0	13.0	2.3272090909090912	0.05316040335483248
28.0	14.0	2.3390272727272725	0.05042369229428508
28.0	15.0	2.3300863636363633	0.05183225044455614
28.0	16.0	2.339781818181818	0.0556700623688877
28.0	17.0	2.347481818181818	0.0425606417375047
28.0	18.0	2.352615	0.053667468093612836
28.0	19.0	2.3591949999999997	0.06064007251592659
28.0	20.0	2.3517916666666667	0.04300425895046672
28.0	21.0	2.3431000000000006	0.06137326598591422
28.0	22.0	2.379677777777778	0.05043683618591124
28.0	23.0	2.3759166666666665	0.052826675710919695
28.0	24.0	2.3588666666666662	0.05053864527929754
28.0	25.0	2.3533666666666666	0.048222387608523334
28.0	26.0	2.3588666666666662	0.053736678969458634
28.0	27.0	2.3452249999999997	0.049487532099846555
28.0	28.0	2.4078	0.029287710733343474
28.0	29.0	2.36415	0.044901280605346004
28.0	30.0	2.36015	0.0030405591591019764
28.0	31.0	2.3546	0.051901637739092836
28.0	32.0	NaN	NaN
28.0	33.0	NaN	NaN
28.0	34.0	NaN	NaN
28.0	35.0	NaN	NaN
28.0	36.0	NaN	NaN
28.0	37.0	NaN	NaN
29.0	1.0	2.27095	0.05127855302170687
29.0	2.0	2.27011	0.054955167373529415
29.0	3.0	2.295075	0.08033639717168249
29.0	4.0	2.297885	0.04545267376768473
29.0	5.0	2.3001199999999997	0.05483844790310036
29.0	6.0	2.3086650000000004	0.06336778423574055
29.0	7.0	2.3225299999999995	0.05759176750378934
29.0	8.0	2.326375	0.06440151906511786
29.0	9.0	2.32776	0.04688180434824759
29.0	10.0	2.33908	0.05567861348848408
29.0	11.0	2.3443249999999995	0.046751581735133246
29.0	12.0	2.3319	0.05870619979812047
29.0	13.0	2.340435	0.0484062661776671
29.0	14.0	2.350885	0.06624533568486164
29.0	15.0	2.34336	0.04897719555273172
29.0	16.0	2.3371299999999997	0.04894729818897059
29.0	17.0	2.3661166666666666	0.05518892951649337
29.0	18.0	2.3649411764705883	0.04266872477036792
29.0	19.0	2.3712071428571435	0.04630569767709629
29.0	20.0	2.3703399999999997	0.06174391917877871
29.0	21.0	2.3448166666666665	0.043876937753980425
29.0	22.0	2.3869	0.04601050604662652
29.0	23.0	2.3863333333333334	0.025081932408276168
29.0	24.0	2.45485	0.056497831816805365
30.0	1.0	2.3140357142857146	0.07976712844411396
30.0	2.0	2.285592857142857	0.05513554576308655
30.0	3.0	2.295592857142857	0.05721986562355785
30.0	4.0	2.306292857142857	0.045589834634247435
30.0	5.0	2.307042857142857	0.07287109497953549
30.0	6.0	2.2941285714285717	0.03975082831399058
30.0	7.0	2.321885714285714	0.06388290799631724
30.0	8.0	2.3133999999999992	0.05766952268012838
30.0	9.0	2.3288071428571433	0.050381765081696554
30.0	10.0	2.334171428571429	0.06705840655808856
30.0	11.0	2.322835714285714	0.051292383707268206
30.0	12.0	2.312957142857143	0.05106261185711444
30.0	13.0	2.359057142857143	0.06560136858663515
30.0	14.0	2.3462928571428567	0.055862433562426185
30.0	15.0	2.3363428571428573	0.05321981577578782
30.0	16.0	2.3148071428571426	0.04178670131265937
30.0	17.0	2.3492071428571433	0.06772197080468301
30.0	18.0	2.3558000000000003	0.0472557932956373
30.0	19.0	2.3464384615384617	0.030199049059574073
30.0	20.0	2.333716666666666	0.045832498064014376
30.0	21.0	2.3328181818181823	0.05878448465678374
30.0	22.0	2.37934	0.08321904429476061
30.0	23.0	2.3530374999999997	0.03672488208675027
30.0	24.0	2.3780125	0.022349460683809438
30.0	25.0	2.3667624999999997	0.033578647020305684
30.0	26.0	2.38078	0.039252095485464274
30.0	27.0	2.3909499999999997	0.037301787267279084
30.0	28.0	NaN	NaN
30.0	29.0	NaN	NaN
30.0	30.0	NaN	NaN
30.0	31.0	NaN	NaN
30.0	32.0	NaN	NaN
30.0	33.0	NaN	NaN
30.0	34.0	NaN	NaN
30.0	35.0	NaN	NaN
30.0	36.0	NaN	NaN
31.0	1.0	2.2943090909090906	0.0575631558298441
31.0	2.0	2.2706727272727276	0.0505385217613078
31.0	3.0	2.2821181818181815	0.058703523202305694
31.0	4.0	2.322463636363636	0.05320570030978396
31.0	5.0	2.278672727272727	0.06410959508387316
31.0	6.0	2.304609090909091	0.060828093091029205
31.0	7.0	2.2896727272727273	0.07041423280714054
31.0	8.0	2.3063090909090906	0.07556363483244374
31.0	9.0	2.3032181818181816	0.033606333277577845
31.0	10.0	2.2887636363636363	0.04930781424332803
31.0	11.0	2.320881818181818	0.060781540259881826
31.0	12.0	2.3274000000000004	0.035176924254402844
31.0	13.0	2.339554545454545	0.03693652294508423
31.0	14.0	2.3220272727272726	0.052390649755640346
31.0	15.0	2.344718181818182	0.05983672481314155
31.0	16.0	2.349890909090909	0.06201178040574956
31.0	17.0	2.344663636363636	0.04248244985231602
31.0	18.0	2.356809090909091	0.03818948689221822
31.0	19.0	2.33957	0.04841274051780637
31.0	20.0	2.3540111111111117	0.06371070248483458
31.0	21.0	2.355	0.028391246135787234
31.0	22.0	2.3736	0.04836833675039912
31.0	23.0	2.321775	0.04733803087018595
31.0	24.0	2.3388333333333335	0.021204323458515206
31.0	25.0	2.333466666666667	0.0039715656022948735
31.0	26.0	2.365066666666667	0.014600456613864232
31.0	27.0	2.3188500000000003	0.02976919548795367
31.0	28.0	2.3542500000000004	0.06427600640985716
31.0	29.0	2.3295	0.0342239682094289
31.0	30.0	2.38835	0.11914749262993317
31.0	31.0	2.3743999999999996	0.07212489168102774
31.0	32.0	2.3674	0.05161879502661794
31.0	33.0	2.33385	0.045891230099006745
31.0	34.0	NaN	NaN
31.0	35.0	NaN	NaN
31.0	36.0	NaN	NaN
31.0	37.0	NaN	NaN
31.0	38.0	NaN	NaN
31.0	39.0	NaN	NaN
31.0	40.0	NaN	NaN
32.0	1.0	2.2820444444444443	0.04910855605470171
32.0	2.0	2.259833333333334	0.05978595152709369
32.0	3.0	2.2741222222222226	0.05287193910236737
32.0	4.0	2.2982222222222224	0.049719859658334205
32.0	5.0	2.3316888888888894	0.06315177045112128
32.0	6.0	2.2865555555555557	0.07498530041133253
32.0	7.0	2.349255555555555	0.04154624264332191
32.0	8.0	2.3123111111111117	0.060786027268699784
32.0	9.0	2.3124777777777776	0.054751273450436275
32.0	10.0	2.3243888888888886	0.07915555009669954
32.0	11.0	2.3323777777777774	0.04232793928889571
32.0	12.0	2.364533333333333	0.051696179742801066
32.0	13.0	2.3632000000000004	0.06922658448890862
32.0	14.0	2.342677777777778	0.0624853738441601
32.0	15.0	2.3706999999999994	0.08127814897006447
32.0	16.0	2.374925	0.025771177144798204
32.0	17.0	2.3407	0.03252831733384656
32.0	18.0	2.3705857142857143	0.03295868264819995
32.0	19.0	2.3641	0.04607250807151701
32.0	20.0	2.3699	0.029346890806352915
32.0	21.0	2.3814333333333333	0.07243275041949832
32.0	22.0	2.4494666666666665	0.010489200795738963
32.0	23.0	NaN	NaN
32.0	24.0	NaN	NaN
33.0	1.0	2.2669833333333336	0.052572860552443465
33.0	2.0	2.2763166666666668	0.03948120649963302
33.0	3.0	2.3018833333333335	0.04911563566387654
33.0	4.0	2.352133333333333	0.06328859823591179
33.0	5.0	2.3179666666666665	0.05145155650382855
33.0	6.0	2.3439833333333335	0.08133236543139918
33.0	7.0	2.282833333333333	0.05959790824069812
33.0	8.0	2.32715	0.06340191637482262
33.0	9.0	2.336933333333333	0.09686164703672284
33.0	10.0	2.318583333333333	0.03430390162454794
33.0	11.0	2.327	0.07107863251357616
33.0	12.0	2.3765666666666667	0.06437905456487121
33.0	13.0	2.3601666666666667	0.08191004008463587
33.0	14.0	2.337816666666667	0.03215931694962861
33.0	15.0	2.3412	0.04226804939904372
33.0	16.0	2.3745	0.06334139246969549
33.0	17.0	2.3657333333333335	0.050547192470667135
33.0	18.0	2.32048	0.03789138424497049
33.0	19.0	2.3910750000000003	0.06783093566606117
33.0	20.0	2.3893999999999997	0.03639711527030686
33.0	21.0	2.38905	0.03754737008100578
33.0	22.0	2.3885	0.09531799410394678
33.0	23.0	NaN	NaN
33.0	24.0	NaN	NaN
33.0	25.0	NaN	NaN
34.0	1.0	2.3528	0.1292904095437863
34.0	2.0	2.219	0.09812374839966101
34.0	3.0	2.290266666666667	0.07612583880216578
34.0	4.0	2.269066666666667	0.0554636217112924
34.0	5.0	2.2439666666666667	0.03028024658640225
34.0	6.0	2.3628666666666667	0.037913761793487794
34.0	7.0	2.284666666666667	0.058604977035515635
34.0	8.0	2.348266666666667	0.02634394301036464
34.0	9.0	2.2895999999999996	0.03420701682403766
34.0	10.0	2.3300666666666667	0.017657104330363257
34.0	11.0	2.2977000000000003	0.04449617961128784
34.0	12.0	2.342	0.08755209877552901
34.0	13.0	2.3923666666666668	0.03676279822501724
34.0	14.0	2.327733333333333	0.04117430428475171
34.0	15.0	2.317533333333333	0.029105726813349428
34.0	16.0	2.3658333333333332	0.03861312384841887
34.0	17.0	2.3102	0.029698484809834867
34.0	18.0	2.31705	0.033728993462598215
34.0	19.0	2.3949	0.05091168824543115
34.0	20.0	2.3761	0.0524673231640417
34.0	21.0	2.3561	0.05147737367038065
34.0	22.0	2.4076	0.013152186130069904
34.0	23.0	NaN	NaN
34.0	24.0	NaN	NaN
35.0	1.0	2.2830999999999997	0.1033059049619139
35.0	2.0	2.3415	0.004762352359916242
35.0	3.0	2.2551	0.006350590523722852
35.0	4.0	2.3186999999999998	0.06871593701609553
35.0	5.0	2.2459	0.04532063547656857
35.0	6.0	2.336133333333333	0.022839950379397334
35.0	7.0	2.283933333333333	0.0561118822829295
35.0	8.0	2.3196333333333334	0.052786393448817255
35.0	9.0	2.3253333333333335	0.042662434685954424
35.0	10.0	2.3051666666666666	0.031464954049439435
35.0	11.0	2.3439666666666668	0.04193630090188378
35.0	12.0	2.365766666666667	0.044824584028558906
35.0	13.0	2.3696	0.022941883096206248
35.0	14.0	2.3437666666666668	0.00349618840072054
35.0	15.0	2.3305000000000002	0.0265789390307439
35.0	16.0	2.3459333333333334	0.0524161552704253
35.0	17.0	2.3461666666666665	0.039834825634529045
35.0	18.0	2.4025	0.0056559702969516705
35.0	19.0	2.41035	0.01704127342659596
35.0	20.0	2.446	0.008626702730475872
35.0	21.0	NaN	NaN
36.0	1.0	2.2459000000000002	0.023733731270072094
36.0	2.0	2.2715	0.02164185759125122
36.0	3.0	2.3207	0.0449422963365247
36.0	4.0	2.323233333333333	0.04640359181500213
36.0	5.0	2.240966666666667	0.014153562566835639
36.0	6.0	2.2882000000000002	0.08879938062847048
36.0	7.0	2.2533	0.02121061055226844
36.0	8.0	2.2981333333333334	0.057952595570287674
36.0	9.0	2.3508999999999998	0.04740769979655205
36.0	10.0	2.3314333333333335	0.02367157226154036
36.0	11.0	2.2958666666666665	0.038565831163522475
36.0	12.0	2.313333333333333	0.020466150916411692
36.0	13.0	2.333766666666667	0.07333896190520656
36.0	14.0	2.2994000000000003	0.03864854460390454
36.0	15.0	2.3259000000000003	0.03368040973622489
36.0	16.0	2.3366000000000002	0.03617720276638307
36.0	17.0	2.40015	0.02510229073212234
36.0	18.0	2.3174	0.05077026688919417
36.0	19.0	2.3148	0.09135819612930192
36.0	20.0	2.35065	0.05692209588551693
36.0	21.0	2.3062	0.0711349421873667
36.0	22.0	2.3781499999999998	0.07799387796487624
36.0	23.0	2.36555	0.021425335469952386
36.0	24.0	2.38965	0.05918483758531426
36.0	25.0	2.34115	0.019021172413918073
36.0	26.0	2.3541499999999997	0.03839589821842954
36.0	27.0	2.31465	0.012374368670764632
36.0	28.0	NaN	NaN
37.0	1.0	2.2212333333333336	0.03730688050927523
37.0	2.0	2.259733333333333	0.07546716725393458
37.0	3.0	2.262966666666667	0.0402557242306401
37.0	4.0	2.2862	0.07814569725839042
37.0	5.0	2.2899666666666665	0.05502184414696885
37.0	6.0	2.324666666666667	0.03157915979460734
37.0	7.0	2.309833333333333	0.03525937227650729
37.0	8.0	2.2812333333333332	0.045481021683041856
37.0	9.0	2.3398	0.039554898558838654
37.0	10.0	2.341566666666667	0.05379426859186155
37.0	11.0	2.3005999999999998	0.03549690127320981
37.0	12.0	2.3315	0.048805839814514085
37.0	13.0	2.3548666666666667	0.0680178162934779
37.0	14.0	2.3602000000000003	0.02612202136129575
37.0	15.0	2.3411666666666666	0.03491494426937167
37.0	16.0	2.3455666666666666	0.05437851904321524
37.0	17.0	2.3472666666666666	0.06946440335404401
37.0	18.0	2.35	0.047326947926102224
37.0	19.0	2.3569999999999998	0.04785007836984185
37.0	20.0	2.331	0.012770277992275607
37.0	21.0	2.383233333333333	0.036700999078135774
37.0	22.0	2.370366666666667	0.04749782451158519
37.0	23.0	NaN	NaN
37.0	24.0	NaN	NaN
37.0	25.0	NaN	NaN
38.0	1.0	2.281833333333333	0.04874077690531128
38.0	2.0	2.325266666666667	0.077050264978995
38.0	3.0	2.2639	0.036031652751435
38.0	4.0	2.3214	0.1302902912729878
38.0	5.0	2.3292	0.04255854790755903
38.0	6.0	2.276666666666667	0.0740778194423496
38.0	7.0	2.3111333333333333	0.04695171278380927
38.0	8.0	2.370233333333333	0.03872393747197361
38.0	9.0	2.3145333333333333	0.0951239892631366
38.0	10.0	2.3087999999999997	0.07993922691645199
38.0	11.0	2.3308	0.045276594394896806
38.0	12.0	2.3704666666666667	0.05351601006552452
38.0	13.0	2.3476	0.0874466694620212
38.0	14.0	2.2997666666666667	0.03725189033234878
38.0	15.0	2.2995666666666668	0.03346764606800625
38.0	16.0	2.3244333333333334	0.02668657590125309
38.0	17.0	2.3491666666666666	0.047343989410835834
38.0	18.0	2.3994666666666666	0.015810545004310537
38.0	19.0	2.3082666666666665	0.04352899416863826
38.0	20.0	2.36185	0.07049854608429904
38.0	21.0	2.40495	0.0632860569161961
38.0	22.0	NaN	NaN
38.0	23.0	NaN	NaN
38.0	24.0	NaN	NaN
39.0	1.0	2.273066666666667	0.062495946535222203
39.0	2.0	2.3038333333333334	0.044000037878771596
39.0	3.0	2.269933333333333	0.12857563273549674
39.0	4.0	2.214566666666667	0.036413779443135626
39.0	5.0	2.3334333333333332	0.055248197557326205
39.0	6.0	2.2846333333333333	0.08304127487781819
39.0	7.0	2.3142	0.04816357544867269
39.0	8.0	2.328533333333333	0.06131136381889843
39.0	9.0	2.326866666666666	0.09242880142754921
39.0	10.0	2.3446	0.0168520028483264
39.0	11.0	2.3107	0.00929677363390137
39.0	12.0	2.3370333333333333	0.0798740466818436
39.0	13.0	2.2729666666666666	0.049470428877596374
39.0	14.0	2.3121666666666663	0.028471447685942123
39.0	15.0	2.3287	0.06719888391930344
39.0	16.0	2.342033333333333	0.059536067499737826
39.0	17.0	2.3236	0.06503452929021618
39.0	18.0	2.276066666666667	0.03353987676383653
39.0	19.0	2.3252666666666664	0.035422638712175686
39.0	20.0	2.4193666666666664	0.04013506363933337
39.0	21.0	2.400933333333333	0.047076781255023424
39.0	22.0	2.3897999999999997	0.07223212581670291
39.0	23.0	2.3168333333333333	0.03478524591451569
39.0	24.0	2.3713333333333337	0.05962871232328712
39.0	25.0	2.3462666666666667	0.09323370277605275
39.0	26.0	2.389	0.05952066867903962
39.0	27.0	2.3644000000000003	0.05235217282978811
39.0	28.0	2.3729	0.06858935777509541
39.0	29.0	NaN	NaN
39.0	30.0	NaN	NaN
39.0	31.0	NaN	NaN
39.0	32.0	NaN	NaN
39.0	33.0	NaN	NaN
40.0	1.0	2.2249499999999998	0.06554879861599311
40.0	2.0	2.2078499999999996	0.06781154031578981
40.0	3.0	2.2419000000000002	0.029274220741122983
40.0	4.0	2.255	0.009050966799187753
40.0	5.0	2.3635	0.004101219330882152
40.0	6.0	2.325	0.0132936074863072
40.0	7.0	2.3392999999999997	0.09885352800987914
40.0	8.0	2.3518	0.06505382386916243
40.0	9.0	2.3193	0.05133595231414335
40.0	10.0	2.3122	0.042143564158718304
40.0	11.0	2.3358499999999998	0.07290270914033303
40.0	12.0	2.317	0.005374011537017797
40.0	13.0	2.3476	0.00381837661840725
40.0	14.0	2.3704	0.0
40.0	15.0	2.3662	0.004101219330881838
40.0	16.0	2.3499	0.021637467504308484
40.0	17.0	2.3571	0.03012274887854706
40.0	18.0	2.3855500000000003	0.015768481220460002
40.0	19.0	NaN	NaN
40.0	20.0	NaN	NaN
40.0	21.0	NaN	NaN
40.0	22.0	NaN	NaN
40.0	23.0	NaN	NaN
40.0	24.0	NaN	NaN
41.0	1.0	NaN	NaN
41.0	2.0	NaN	NaN
41.0	3.0	NaN	NaN
41.0	4.0	NaN	NaN
41.0	5.0	NaN	NaN
41.0	6.0	NaN	NaN
41.0	7.0	NaN	NaN
41.0	8.0	NaN	NaN
41.0	9.0	NaN	NaN
41.0	10.0	NaN	NaN
41.0	11.0	NaN	NaN
41.0	12.0	NaN	NaN
41.0	13.0	NaN	NaN
41.0	14.0	NaN	NaN
41.0	15.0	NaN	NaN
41.0	16.0	NaN	NaN
41.0	17.0	NaN	NaN
41.0	18.0	NaN	NaN
41.0	19.0	NaN	NaN
41.0	20.0	NaN	NaN
41.0	21.0	NaN	NaN
42.0	1.0	NaN	NaN
42.0	2.0	NaN	NaN
42.0	3.0	NaN	NaN
42.0	4.0	NaN	NaN
42.0	5.0	NaN	NaN
42.0	6.0	NaN	NaN
42.0	7.0	NaN	NaN
42.0	8.0	NaN	NaN
42.0	9.0	NaN	NaN
42.0	10.0	NaN	NaN
42.0	11.0	NaN	NaN
42.0	12.0	NaN	NaN
42.0	13.0	NaN	NaN
42.0	14.0	NaN	NaN
42.0	15.0	NaN	NaN
42.0	16.0	NaN	NaN
42.0	17.0	NaN	NaN
42.0	18.0	NaN	NaN
42.0	19.0	NaN	NaN
43.0	1.0	NaN	NaN
43.0	2.0	NaN	NaN
43.0	3.0	NaN	NaN
43.0	4.0	NaN	NaN
43.0	5.0	NaN	NaN
43.0	6.0	NaN	NaN
43.0	7.0	NaN	NaN
43.0	8.0	NaN	NaN
43.0	9.0	NaN	NaN
43.0	10.0	NaN	NaN
43.0	11.0	NaN	NaN
43.0	12.0	NaN	NaN
43.0	13.0	NaN	NaN
43.0	14.0	NaN	NaN
43.0	15.0	NaN	NaN
43.0	16.0	NaN	NaN
43.0	17.0	NaN	NaN
43.0	18.0	NaN	NaN
43.0	19.0	NaN	NaN
44.0	1.0	NaN	NaN
44.0	2.0	NaN	NaN
44.0	3.0	NaN	NaN
44.0	4.0	NaN	NaN
44.0	5.0	NaN	NaN
44.0	6.0	NaN	NaN
44.0	7.0	NaN	NaN
44.0	8.0	NaN	NaN
44.0	9.0	NaN	NaN
44.0	10.0	NaN	NaN
44.0	11.0	NaN	NaN
44.0	12.0	NaN	NaN
44.0	13.0	NaN	NaN
44.0	14.0	NaN	NaN
44.0	15.0	NaN	NaN
44.0	16.0	NaN	NaN
44.0	17.0	NaN	NaN
44.0	18.0	NaN	NaN
44.0	19.0	NaN	NaN
44.0	20.0	NaN	NaN
44.0	21.0	NaN	NaN
44.0	22.0	NaN	NaN
44.0	23.0	NaN	NaN
45.0	1.0	NaN	NaN
45.0	2.0	NaN	NaN
45.0	3.0	NaN	NaN
45.0	4.0	NaN	NaN
45.0	5.0	NaN	NaN
45.0	6.0	NaN	NaN
45.0	7.0	NaN	NaN
45.0	8.0	NaN	NaN
45.0	9.0	NaN	NaN
45.0	10.0	NaN	NaN
45.0	11.0	NaN	NaN
45.0	12.0	NaN	NaN
45.0	13.0	NaN	NaN
45.0	14.0	NaN	NaN
45.0	15.0	NaN	NaN
45.0	16.0	NaN	NaN
45.0	17.0	NaN	NaN
45.0	18.0	NaN	NaN
45.0	19.0	NaN	NaN
