# =============================================
# POPULATIONS
# =============================================
# Q 2.5526 
# s 0.637 
# g 1.05 
# k1 variation 0.0 
# k2 variation 0.0 
# maximal time 1000.0 
# maximal generation 3 
# start with 5 cells 
# =============================================
# size(1)	alive(2)	time(3)	k1(4)	k2(5)	R(6)	re(7)	rls(8)	±(9)	rej(10)	±(11)	gen(12)	±(13)	growthCycle(14)	±(15)	growth(16)	±(17)	lifetime(18)	±(19)	health(20,22,24,26)	±(21,23,25,27)	initState(28,30)	±(29,31)	rejFrac(32)
10910	0	64.8963	0.4000	0.0250	1000.0000	0.0000	11.8309	3.7931	-0.1092	0.3425	1.6043	0.1565	1.5975	0.0975	3.1681	0.2985	24.9417	5.1711	0.3472	0.1368	0.6003	0.1852	0.5723	0.1513	0.5443	0.1183	0.3630	0.0000	0.1751	0.0222	0.3804
12115	0	69.2859	0.4000	0.0281	1000.0000	0.0100	12.9979	3.5049	-0.0705	0.2990	1.5982	0.1056	1.6021	0.0078	3.2069	0.2422	26.7193	4.7095	0.3650	0.1222	0.6260	0.1567	0.5920	0.1317	0.5580	0.1073	0.3674	0.0006	0.1723	0.0227	0.4049
15205	0	75.7941	0.4000	0.0313	1000.0000	0.0200	14.0451	3.2215	-0.0539	0.2635	1.5916	0.0901	1.6014	0.0055	3.2362	0.2552	28.3545	4.2777	0.3738	0.1077	0.6411	0.1309	0.6033	0.1123	0.5656	0.0942	0.3718	0.0012	0.1696	0.0235	0.4064
20845	0	85.2833	0.4000	0.0347	1000.0000	0.0300	15.5488	3.0331	-0.0384	0.2292	1.5886	0.0783	1.5999	0.0041	3.2620	0.2671	30.7391	3.9891	0.3759	0.0875	0.6484	0.1043	0.6086	0.0905	0.5689	0.0770	0.3762	0.0019	0.1676	0.0243	0.4087
21715	0	88.5949	0.4000	0.0375	1000.0000	0.0400	15.8840	2.6681	-0.0285	0.2024	1.5947	0.0693	1.6008	0.0032	3.2855	0.2793	31.4074	3.4786	0.3709	0.0771	0.6484	0.0844	0.6067	0.0751	0.5650	0.0659	0.3806	0.0026	0.1655	0.0249	0.4096
25585	0	96.0242	0.4000	0.0406	1000.0000	0.0500	16.7964	2.4159	-0.0216	0.1772	1.6015	0.0620	1.6006	0.0027	3.3072	0.2893	33.0022	3.1254	0.3635	0.0676	0.6445	0.0694	0.6020	0.0628	0.5596	0.0565	0.3850	0.0034	0.1638	0.0255	0.4057
30190	0	104.0434	0.4000	0.0437	1000.0000	0.0600	17.7415	2.2184	-0.0161	0.1560	1.6120	0.0563	1.6003	0.0024	3.3269	0.3020	34.7216	2.8648	0.3513	0.0560	0.6355	0.0579	0.5928	0.0525	0.5501	0.0473	0.3895	0.0043	0.1625	0.0262	0.4056
31575	0	108.2488	0.4000	0.0466	1000.0000	0.0700	18.1321	1.9939	-0.0127	0.1408	1.6252	0.0521	1.6009	0.0023	3.3444	0.3137	35.6064	2.5789	0.3381	0.0524	0.6252	0.0526	0.5820	0.0484	0.5388	0.0443	0.3939	0.0051	0.1610	0.0268	0.3986
34615	0	113.3633	0.4000	0.0494	1000.0000	0.0800	18.5882	1.8136	-0.0083	0.1273	1.6406	0.0491	1.6014	0.0022	3.3597	0.3248	36.6455	2.3559	0.3220	0.0415	0.6122	0.0432	0.5688	0.0390	0.5253	0.0349	0.3985	0.0061	0.1598	0.0273	0.3998
34260	0	115.9196	0.4000	0.0519	1000.0000	0.0900	18.4981	1.6588	-0.0070	0.1187	1.6580	0.0479	1.6027	0.0023	3.3734	0.3382	36.8275	2.1769	0.3073	0.0390	0.5999	0.0410	0.5559	0.0373	0.5118	0.0337	0.4030	0.0071	0.1586	0.0280	0.3923
36980	0	121.4387	0.4000	0.0547	1000.0000	0.1000	19.1476	1.5300	-0.0068	0.1051	1.6765	0.0456	1.6027	0.0023	3.3894	0.3488	38.2671	2.0278	0.2905	0.0379	0.5845	0.0397	0.5405	0.0365	0.4966	0.0334	0.4077	0.0081	0.1575	0.0286	0.3863
41935	0	128.1790	0.4000	0.0575	1000.0000	0.1100	19.9245	1.4229	-0.0048	0.0948	1.6970	0.0430	1.6025	0.0023	3.4029	0.3592	39.9877	1.9210	0.2717	0.0339	0.5668	0.0366	0.5231	0.0337	0.4794	0.0309	0.4124	0.0091	0.1567	0.0290	0.3842
42870	0	132.5228	0.4000	0.0600	1000.0000	0.1200	20.1618	1.3207	-0.0047	0.0874	1.7188	0.0421	1.6032	0.0023	3.4159	0.3703	40.8356	1.8153	0.2548	0.0297	0.5507	0.0334	0.5068	0.0302	0.4630	0.0272	0.4172	0.0103	0.1557	0.0295	0.3756
46370	0	138.1266	0.4000	0.0625	1000.0000	0.1300	20.5228	1.2366	-0.0033	0.0813	1.7422	0.0411	1.6036	0.0023	3.4256	0.3812	41.9406	1.7421	0.2379	0.0282	0.5337	0.0327	0.4900	0.0298	0.4462	0.0272	0.4221	0.0114	0.1549	0.0300	0.3736
43655	0	141.0613	0.4000	0.0647	1000.0000	0.1400	20.3395	1.1620	-0.0037	0.0773	1.7660	0.0412	1.6048	0.0024	3.4383	0.3943	42.1101	1.6813	0.2243	0.0276	0.5200	0.0325	0.4759	0.0298	0.4318	0.0273	0.4269	0.0127	0.1538	0.0305	0.3627
43455	0	141.0519	0.4000	0.0669	1000.0000	0.1500	20.2933	1.1006	-0.0034	0.0732	1.7912	0.0410	1.6059	0.0024	3.4491	0.4088	42.5431	1.6442	0.2106	0.0244	0.5058	0.0300	0.4614	0.0270	0.4171	0.0242	0.4318	0.0140	0.1528	0.0311	0.3575
49100	0	149.8370	0.4000	0.0694	1000.0000	0.1600	21.0718	1.0407	-0.0024	0.0672	1.8203	0.0396	1.6054	0.0024	3.4571	0.4197	44.5553	1.6076	0.1927	0.0234	0.4850	0.0298	0.4415	0.0271	0.3980	0.0246	0.4371	0.0152	0.1523	0.0313	0.3578
46775	0	151.4476	0.4000	0.0712	1000.0000	0.1700	20.6079	0.9819	-0.0020	0.0652	1.8462	0.0408	1.6071	0.0024	3.4663	0.4276	44.2472	1.5533	0.1830	0.0226	0.4746	0.0295	0.4305	0.0268	0.3864	0.0243	0.4420	0.0167	0.1512	0.0319	0.3483
48485	0	156.0765	0.4000	0.0734	1000.0000	0.1800	20.9807	0.9305	-0.0022	0.0602	1.8768	0.0406	1.6073	0.0024	3.4739	0.4397	45.5785	1.5271	0.1684	0.0181	0.4571	0.0258	0.4133	0.0229	0.3696	0.0201	0.4473	0.0181	0.1505	0.0322	0.3421
53290	0	165.9007	0.4000	0.0756	1000.0000	0.1900	21.5334	0.9044	-0.0016	0.0579	1.9112	0.0388	1.6072	0.0024	3.4820	0.4538	47.3576	1.5497	0.1535	0.0169	0.4381	0.0250	0.3949	0.0219	0.3516	0.0191	0.4528	0.0195	0.1500	0.0325	0.3390
53220	0	167.2803	0.4000	0.0775	1000.0000	0.2000	21.5062	0.8681	-0.0014	0.0558	1.9434	0.0390	1.6081	0.0025	3.4897	0.4679	47.9992	1.5482	0.1431	0.0154	0.4250	0.0240	0.3816	0.0210	0.3383	0.0180	0.4582	0.0210	0.1492	0.0329	0.3356
53900	0	172.2186	0.4000	0.0794	1000.0000	0.2100	21.6394	0.8296	-0.0017	0.0529	1.9781	0.0393	1.6087	0.0024	3.4957	0.4776	49.0075	1.5265	0.1325	0.0165	0.4104	0.0256	0.3672	0.0231	0.3241	0.0207	0.4638	0.0226	0.1485	0.0333	0.3255
55400	0	175.1587	0.4000	0.0813	1000.0000	0.2200	21.9346	0.7804	-0.0014	0.0493	2.0150	0.0399	1.6089	0.0023	3.4980	0.4798	50.3938	1.4769	0.1213	0.0118	0.3950	0.0209	0.3520	0.0176	0.3091	0.0143	0.4695	0.0241	0.1479	0.0335	0.3133
53855	0	176.5566	0.4000	0.0828	1000.0000	0.2300	21.6274	0.7753	-0.0012	0.0497	2.0496	0.0393	1.6102	0.0025	3.5078	0.5052	50.5251	1.5520	0.1150	0.0115	0.3864	0.0211	0.3430	0.0176	0.2996	0.0141	0.4750	0.0259	0.1469	0.0339	0.3186
53140	0	180.4672	0.4000	0.0844	1000.0000	0.2400	21.4720	0.7375	-0.0010	0.0473	2.0855	0.0406	1.6113	0.0025	3.5119	0.5171	50.9719	1.5386	0.1081	0.0120	0.3765	0.0218	0.3328	0.0188	0.2892	0.0161	0.4806	0.0276	0.1459	0.0342	0.3112
53055	0	183.3221	0.4000	0.0859	1000.0000	0.2500	21.4817	0.7111	-0.0009	0.0456	2.1248	0.0410	1.6120	0.0025	3.5164	0.5289	51.8286	1.5453	0.1012	0.0127	0.3659	0.0231	0.3221	0.0205	0.2783	0.0180	0.4865	0.0293	0.1451	0.0345	0.3039
54055	0	187.2926	0.4000	0.0875	1000.0000	0.2600	21.6661	0.6981	-0.0009	0.0449	2.1687	0.0404	1.6124	0.0025	3.5207	0.5420	53.1642	1.5776	0.0935	0.0119	0.3537	0.0226	0.3100	0.0197	0.2662	0.0170	0.4926	0.0312	0.1445	0.0347	0.2978
55970	0	195.1795	0.4000	0.0891	1000.0000	0.2700	22.0329	0.6532	-0.0009	0.0413	2.2166	0.0409	1.6125	0.0023	3.5200	0.5410	55.0008	1.4961	0.0850	0.0114	0.3393	0.0228	0.2959	0.0200	0.2526	0.0173	0.4990	0.0330	0.1440	0.0349	0.2822
54305	0	196.9912	0.4000	0.0903	1000.0000	0.2800	21.7215	0.6528	-0.0008	0.0418	2.2565	0.0411	1.6138	0.0024	3.5265	0.5659	55.1712	1.5965	0.0807	0.0100	0.3326	0.0209	0.2887	0.0181	0.2449	0.0155	0.5048	0.0349	0.1429	0.0352	0.2876
58170	0	207.5398	0.4000	0.0919	1000.0000	0.2900	22.4575	0.5904	-0.0007	0.0367	2.3124	0.0425	1.6129	0.0023	3.5171	0.5637	58.0585	1.4977	0.0715	0.0080	0.3152	0.0183	0.2723	0.0156	0.2293	0.0130	0.5118	0.0367	0.1427	0.0352	0.2716
56880	0	202.9131	0.4000	0.0925	1000.0000	0.2957	22.2162	0.5749	-0.0007	0.0364	2.3370	0.0428	1.6139	0.0022	3.5209	0.5639	58.0436	1.4470	0.0701	0.0070	0.3133	0.0168	0.2699	0.0137	0.2265	0.0107	0.5152	0.0379	0.1420	0.0354	0.2501
10815	0	62.2677	0.4000	0.0313	0.3183	0.0000	11.8451	3.7058	-0.1016	0.3360	1.5390	0.1383	1.5982	0.0850	3.1624	0.2770	23.9347	4.8735	0.4499	0.1411	0.6955	0.1658	0.6592	0.1372	0.6230	0.1097	0.3630	0.0000	0.1690	0.0210	0.3870
13370	0	68.2190	0.4000	0.0356	0.3183	0.0100	13.4024	3.5334	-0.0672	0.2931	1.5202	0.0930	1.6004	0.0074	3.1965	0.2345	26.0402	4.5755	0.4841	0.1195	0.7302	0.1287	0.6894	0.1101	0.6485	0.0923	0.3673	0.0006	0.1656	0.0215	0.4076
17980	0	76.9066	0.4000	0.0400	0.3183	0.0200	14.8749	3.2452	-0.0470	0.2511	1.5036	0.0775	1.5989	0.0053	3.2289	0.2419	28.0507	4.1170	0.5101	0.1004	0.7549	0.0942	0.7114	0.0847	0.6678	0.0756	0.3714	0.0011	0.1620	0.0219	0.4107
23240	0	83.8618	0.4000	0.0444	0.3183	0.0300	16.1551	2.9767	-0.0315	0.2201	1.4933	0.0653	1.5979	0.0039	3.2508	0.2521	29.8139	3.7268	0.5266	0.0860	0.7691	0.0723	0.7247	0.0675	0.6802	0.0630	0.3756	0.0018	0.1592	0.0223	0.4133
24180	0	86.9507	0.4000	0.0481	0.3183	0.0400	16.3766	2.6450	-0.0259	0.1953	1.4917	0.0584	1.5988	0.0031	3.2665	0.2639	30.1137	3.2801	0.5293	0.0747	0.7732	0.0584	0.7276	0.0559	0.6821	0.0535	0.3797	0.0024	0.1568	0.0230	0.4090
29270	0	93.4083	0.4000	0.0525	0.3183	0.0500	17.5164	2.4032	-0.0188	0.1703	1.4878	0.0505	1.5981	0.0026	3.2871	0.2741	31.7363	2.9573	0.5373	0.0642	0.7792	0.0476	0.7337	0.0464	0.6882	0.0452	0.3837	0.0031	0.1543	0.0233	0.4067
29785	0	96.1147	0.4000	0.0563	0.3183	0.0600	17.6512	2.1469	-0.0157	0.1529	1.4896	0.0462	1.5990	0.0024	3.3002	0.2847	31.9537	2.6295	0.5355	0.0578	0.7791	0.0414	0.7329	0.0408	0.6868	0.0403	0.3878	0.0039	0.1522	0.0239	0.3992
35380	0	102.8340	0.4000	0.0606	0.3183	0.0700	18.7537	1.9397	-0.0109	0.1322	1.4894	0.0407	1.5984	0.0023	3.3168	0.2919	33.5736	2.3654	0.5387	0.0449	0.7813	0.0314	0.7355	0.0311	0.6898	0.0309	0.3918	0.0046	0.1500	0.0240	0.3985
35915	0	105.3993	0.4000	0.0644	0.3183	0.0800	18.8864	1.7459	-0.0089	0.1191	1.4937	0.0385	1.5992	0.0023	3.3302	0.3006	33.8324	2.1259	0.5343	0.0374	0.7790	0.0263	0.7328	0.0259	0.6865	0.0257	0.3959	0.0054	0.1480	0.0245	0.3904
36645	0	108.7154	0.4000	0.0681	0.3183	0.0900	19.0427	1.5907	-0.0068	0.1105	1.4984	0.0365	1.5999	0.0023	3.3415	0.3105	34.1344	1.9468	0.5296	0.0280	0.7764	0.0204	0.7298	0.0198	0.6832	0.0193	0.3999	0.0063	0.1461	0.0248	0.3850
37330	0	109.2300	0.4000	0.0719	0.3183	0.1000	19.2348	1.4540	-0.0060	0.1001	1.5035	0.0347	1.6005	0.0023	3.3527	0.3190	34.4983	1.7933	0.5256	0.0324	0.7739	0.0228	0.7270	0.0229	0.6801	0.0231	0.4039	0.0071	0.1443	0.0252	0.3772
39690	0	112.7421	0.4000	0.0756	0.3183	0.1100	19.4626	1.3304	-0.0041	0.0912	1.5091	0.0331	1.6011	0.0023	3.3629	0.3267	34.9288	1.6585	0.5214	0.0357	0.7711	0.0246	0.7240	0.0251	0.6770	0.0257	0.4079	0.0080	0.1425	0.0254	0.3764
40930	0	115.0408	0.4000	0.0794	0.3183	0.1200	19.7290	1.2327	-0.0036	0.0840	1.5153	0.0317	1.6015	0.0024	3.3738	0.3367	35.4321	1.5620	0.5167	0.0380	0.7680	0.0259	0.7208	0.0267	0.6735	0.0275	0.4120	0.0089	0.1407	0.0256	0.3664
42380	0	117.8094	0.4000	0.0831	0.3183	0.1300	20.0359	1.1586	-0.0034	0.0781	1.5220	0.0302	1.6018	0.0024	3.3839	0.3483	36.0112	1.5021	0.5114	0.0384	0.7644	0.0260	0.7171	0.0269	0.6697	0.0278	0.4160	0.0099	0.1390	0.0258	0.3598
43865	0	121.6105	0.4000	0.0869	0.3183	0.1400	20.3939	1.0824	-0.0031	0.0720	1.5291	0.0290	1.6021	0.0024	3.3942	0.3548	36.6813	1.4300	0.5058	0.0362	0.7606	0.0244	0.7132	0.0252	0.6658	0.0261	0.4201	0.0108	0.1374	0.0260	0.3510
47625	0	125.6637	0.4000	0.0906	0.3183	0.1500	20.7900	1.0050	-0.0025	0.0657	1.5361	0.0284	1.6021	0.0023	3.3998	0.3562	37.4127	1.3463	0.5003	0.0306	0.7568	0.0208	0.7095	0.0213	0.6621	0.0219	0.4242	0.0117	0.1358	0.0261	0.3420
49850	0	127.3672	0.4000	0.0944	0.3183	0.1600	21.2521	0.9574	-0.0022	0.0615	1.5442	0.0271	1.6022	0.0024	3.4102	0.3716	38.2765	1.3324	0.4940	0.0145	0.7526	0.0111	0.7053	0.0104	0.6579	0.0100	0.4283	0.0127	0.1343	0.0261	0.3388
47960	0	127.4602	0.4000	0.0975	0.3183	0.1700	20.8449	0.8955	-0.0021	0.0590	1.5526	0.0277	1.6035	0.0023	3.4162	0.3715	37.8073	1.2593	0.4861	0.0140	0.7478	0.0108	0.6997	0.0101	0.6516	0.0098	0.4323	0.0138	0.1326	0.0264	0.3253
50630	0	132.1374	0.4000	0.1013	0.3183	0.1800	21.4023	0.8630	-0.0018	0.0554	1.5612	0.0261	1.6033	0.0024	3.4255	0.3895	38.8393	1.2751	0.4806	0.0282	0.7433	0.0195	0.6955	0.0205	0.6477	0.0215	0.4365	0.0148	0.1311	0.0264	0.3260
49090	0	131.2596	0.4000	0.1044	0.3183	0.1900	21.1082	0.7954	-0.0016	0.0518	1.5692	0.0270	1.6043	0.0023	3.4290	0.3849	38.5335	1.1840	0.4744	0.0292	0.7395	0.0204	0.6911	0.0213	0.6427	0.0224	0.4405	0.0159	0.1294	0.0265	0.3114
54790	0	137.4862	0.4000	0.1081	0.3183	0.2000	21.7882	0.7832	-0.0011	0.0498	1.5797	0.0252	1.6040	0.0024	3.4403	0.3999	39.8156	1.2173	0.4662	0.0314	0.7332	0.0217	0.6851	0.0228	0.6369	0.0239	0.4447	0.0169	0.1281	0.0265	0.3085
53780	0	137.5430	0.4000	0.1113	0.3183	0.2100	21.6023	0.7569	-0.0010	0.0487	1.5886	0.0251	1.6049	0.0025	3.4471	0.4144	39.7012	1.2330	0.4600	0.0311	0.7293	0.0216	0.6806	0.0226	0.6319	0.0238	0.4488	0.0181	0.1265	0.0266	0.3060
53055	0	136.5259	0.4000	0.1144	0.3183	0.2200	21.4783	0.7130	-0.0011	0.0460	1.5973	0.0257	1.6056	0.0024	3.4510	0.4186	39.6775	1.1989	0.4543	0.0310	0.7255	0.0216	0.6764	0.0226	0.6273	0.0238	0.4529	0.0192	0.1248	0.0267	0.2996
50655	0	137.6780	0.4000	0.1175	0.3183	0.2300	21.4155	0.6696	-0.0010	0.0436	1.6061	0.0261	1.6062	0.0024	3.4544	0.4195	39.7524	1.1553	0.4474	0.0296	0.7208	0.0208	0.6714	0.0217	0.6220	0.0226	0.4569	0.0204	0.1232	0.0267	0.2937
57165	0	142.9433	0.4000	0.1212	0.3183	0.2400	22.2822	0.6294	-0.0009	0.0392	1.6162	0.0247	1.6053	0.0022	3.4545	0.4154	41.3496	1.0995	0.4393	0.0184	0.7143	0.0135	0.6655	0.0140	0.6167	0.0148	0.4613	0.0213	0.1219	0.0265	0.2722
57510	0	144.8788	0.4000	0.1244	0.3183	0.2500	22.3291	0.6057	-0.0009	0.0381	1.6264	0.0248	1.6058	0.0022	3.4604	0.4222	41.6429	1.1007	0.4328	0.0243	0.7095	0.0176	0.6605	0.0186	0.6114	0.0197	0.4655	0.0225	0.1204	0.0265	0.2698
57865	0	143.9941	0.4000	0.1275	0.3183	0.2600	22.4280	0.5936	-0.0006	0.0365	1.6364	0.0245	1.6061	0.0022	3.4653	0.4314	42.0166	1.1313	0.4265	0.0273	0.7048	0.0197	0.6556	0.0208	0.6064	0.0221	0.4696	0.0237	0.1189	0.0264	0.2674
61385	0	150.0148	0.4000	0.1306	0.3183	0.2700	22.6091	0.5930	-0.0006	0.0366	1.6486	0.0243	1.6065	0.0023	3.4771	0.4490	42.5868	1.1906	0.4182	0.0279	0.6988	0.0201	0.6493	0.0213	0.5998	0.0226	0.4740	0.0249	0.1176	0.0264	0.2672
55610	0	147.1497	0.4000	0.1331	0.3183	0.2800	21.9778	0.5605	-0.0007	0.0356	1.6595	0.0244	1.6082	0.0023	3.4884	0.4614	41.7804	1.1179	0.4084	0.0284	0.6924	0.0209	0.6418	0.0220	0.5912	0.0233	0.4780	0.0264	0.1159	0.0266	0.2336
56875	0	146.7503	0.4000	0.1363	0.3183	0.2900	22.2142	0.5403	-0.0006	0.0341	1.6684	0.0233	1.6081	0.0022	3.4841	0.4639	42.3540	1.1027	0.4031	0.0268	0.6881	0.0198	0.6377	0.0207	0.5873	0.0218	0.4822	0.0275	0.1143	0.0264	0.2324
60880	0	152.1718	0.4000	0.1381	0.3183	0.2957	22.5076	0.5329	-0.0004	0.0336	1.6747	0.0247	1.6079	0.0022	3.4837	0.4514	42.9790	1.1530	0.4005	0.0235	0.6860	0.0174	0.6357	0.0181	0.5854	0.0189	0.4847	0.0281	0.1136	0.0262	0.2514
