# INITIAL DAMAGE IN LINEAGE
# original file "wt_decCap_highRe_3gen.txt" 
# mother	daughter	initDMean	initDStd
0.0	0.0	0.1135	0.0
0.0	1.0	0.05911999999999999	0.0003224903099319424
0.0	2.0	0.06946	0.0005561774297230456
0.0	3.0	0.0779	0.0007527726527090818
0.0	4.0	0.08489	0.0009757618106439259
0.0	5.0	0.09081	0.0011892574714221216
0.0	6.0	0.09585	0.0014096886969193684
0.0	7.0	0.10025999999999999	0.001630405539190245
0.0	8.0	0.10419	0.0018864723103660392
0.0	9.0	0.10772	0.0021862194664661544
0.0	10.0	0.11098	0.0025067907770693594
0.0	11.0	0.11404	0.002874098892599984
0.0	12.0	0.11699	0.0033053660076373466
0.0	13.0	0.11988999999999998	0.0038370851205338408
0.0	14.0	0.12277999999999997	0.004505502808295154
0.0	15.0	0.12578	0.005385329867127712
0.0	16.0	0.12905000000000003	0.006603912981457792
0.0	17.0	0.13277	0.00847257667746687
0.0	18.0	0.13757999999999998	0.01203548457225088
0.0	19.0	0.13592500000000002	0.006171767517147276
0.0	20.0	0.1405	0.008316077372003152
0.0	21.0	0.14735	0.013106486943494812
0.0	22.0	0.14245999999999998	0.002922841083603418
0.0	23.0	0.14826	0.004237098063533582
0.0	24.0	0.15768	0.007597828637183127
0.0	25.0	0.15960000000000002	0.0009899494936611555
1.0	1.0	0.04886103896103896	0.0009803489854424525
1.0	2.0	0.06121645021645022	0.0009287146076760193
1.0	3.0	0.0711987012987013	0.0009659183744197979
1.0	4.0	0.07938095238095236	0.0010672112998802682
1.0	5.0	0.08618528138528138	0.0012049354244107074
1.0	6.0	0.09193766233766235	0.0013796066510333232
1.0	7.0	0.0968969696969697	0.0015788932265409412
1.0	8.0	0.10124372294372296	0.0018005656095267481
1.0	9.0	0.10512294372294372	0.0020489959346707805
1.0	10.0	0.10865021645021643	0.002333645672945798
1.0	11.0	0.1119164502164502	0.0026603346382980124
1.0	12.0	0.11500909090909092	0.0030396159004279447
1.0	13.0	0.1179974025974026	0.003501663233105117
1.0	14.0	0.12095887445887446	0.004073967891358874
1.0	15.0	0.12397878787878787	0.0048194290030747974
1.0	16.0	0.1271757575757576	0.005879050589731912
1.0	17.0	0.13054260869565218	0.007007650976203856
1.0	18.0	0.13445589519650655	0.008768245273824775
1.0	19.0	0.13859372197309416	0.010505307798459351
1.0	20.0	0.1424970873786408	0.012101839862625037
1.0	21.0	0.1454585227272727	0.013332801059451425
1.0	22.0	0.14701560283687942	0.012702796563231618
1.0	23.0	0.14941801801801802	0.013546392999937781
1.0	24.0	0.14873947368421053	0.0127179042188286
1.0	25.0	0.1525887096774194	0.014628616743081706
1.0	26.0	0.15218372093023252	0.013369331112529761
1.0	27.0	0.15320967741935484	0.011905806842005281
1.0	28.0	0.15691818181818185	0.014060333815844739
1.0	29.0	0.15400000000000003	0.013743143745155256
1.0	30.0	0.15595714285714288	0.017762212431906975
1.0	31.0	0.15750000000000003	0.018131050714175388
1.0	32.0	0.15255	0.03528462838120872
1.0	33.0	NaN	NaN
1.0	34.0	NaN	NaN
1.0	35.0	NaN	NaN
1.0	36.0	NaN	NaN
1.0	37.0	NaN	NaN
1.0	38.0	NaN	NaN
1.0	39.0	NaN	NaN
1.0	40.0	NaN	NaN
1.0	41.0	NaN	NaN
1.0	42.0	NaN	NaN
1.0	43.0	NaN	NaN
1.0	44.0	NaN	NaN
1.0	45.0	NaN	NaN
1.0	46.0	NaN	NaN
2.0	1.0	0.0507904761904762	0.0007880604909993395
2.0	2.0	0.06276839826839826	0.000749374543142501
2.0	3.0	0.07246233766233767	0.0007930193748999369
2.0	4.0	0.08041948051948052	0.000897296271323972
2.0	5.0	0.08706190476190476	0.0010342078714286856
2.0	6.0	0.09268917748917749	0.0012002589280849288
2.0	7.0	0.09754805194805197	0.001383531435158694
2.0	8.0	0.10181558441558441	0.0015833699560882876
2.0	9.0	0.10563160173160172	0.0018063165827767787
2.0	10.0	0.10911298701298702	0.0020619334942265258
2.0	11.0	0.11234632034632037	0.0023511277333805544
2.0	12.0	0.11540822510822511	0.0026870821190137376
2.0	13.0	0.11837402597402599	0.003094303430670875
2.0	14.0	0.1213164502164502	0.003581630360590289
2.0	15.0	0.12431341991341992	0.004205549335088415
2.0	16.0	0.12746883116883118	0.005027479091870814
2.0	17.0	0.13094155844155844	0.006219073410279001
2.0	18.0	0.13506190476190477	0.008317787321236643
2.0	19.0	0.13955022026431718	0.010235714735472029
2.0	20.0	0.1440377358490566	0.01217521725590438
2.0	21.0	0.1482207650273224	0.014020616901998868
2.0	22.0	0.1480766917293233	0.012551028493520295
2.0	23.0	0.14956831683168317	0.012089945663178716
2.0	24.0	0.15298333333333333	0.013205925634406392
2.0	25.0	0.15188749999999998	0.012106770129920013
2.0	26.0	0.15461176470588237	0.013595582275044512
2.0	27.0	0.15416999999999997	0.014448496552637542
2.0	28.0	0.1504	0.011872351379264647
2.0	29.0	0.15328	0.010032923579672856
2.0	30.0	0.15330000000000002	0.009455368845264578
2.0	31.0	0.15744000000000002	0.0027500909075883267
2.0	32.0	0.17204999999999998	0.0029034462281915963
3.0	1.0	0.052352813852813845	0.0006944991031880491
3.0	2.0	0.0640012987012987	0.0007171489760627643
3.0	3.0	0.07344155844155845	0.0008124601367105018
3.0	4.0	0.0812008658008658	0.0009548043888895391
3.0	5.0	0.087687012987013	0.0011179582300687408
3.0	6.0	0.09318831168831167	0.0013013010906454217
3.0	7.0	0.09794675324675325	0.0015049990104504401
3.0	8.0	0.10213030303030304	0.0017330393994215187
3.0	9.0	0.10588051948051946	0.001984595389342994
3.0	10.0	0.10930173160173158	0.002269609531020994
3.0	11.0	0.11247445887445888	0.0025960666797888747
3.0	12.0	0.1154939393939394	0.0029822456633065856
3.0	13.0	0.11841341991341992	0.003445039532977183
3.0	14.0	0.12131948051948054	0.004020070482651819
3.0	15.0	0.12429090909090908	0.004787007283802466
3.0	16.0	0.12744805194805195	0.0058926028143533
3.0	17.0	0.13078782608695652	0.007122222407509044
3.0	18.0	0.13434140969162994	0.00837417827137628
3.0	19.0	0.13828642533936647	0.010050648842921468
3.0	20.0	0.14176829268292682	0.010882082751567183
3.0	21.0	0.14518688524590162	0.011270892328088958
3.0	22.0	0.1498910828025478	0.013628130672065579
3.0	23.0	0.15	0.013548341122433081
3.0	24.0	0.15114871794871795	0.013448291965025033
3.0	25.0	0.1517277777777778	0.013634686851357871
3.0	26.0	0.1523513513513514	0.014000964681478632
3.0	27.0	0.15184800000000004	0.013251293018670542
3.0	28.0	0.15296111111111113	0.01393126567827535
3.0	29.0	0.15252500000000002	0.013693072236453266
3.0	30.0	0.1519125	0.013524732635329353
3.0	31.0	0.15431666666666669	0.014559727561553711
3.0	32.0	0.15837500000000002	0.021598977599259953
3.0	33.0	0.14725	0.02001112190757929
3.0	34.0	NaN	NaN
3.0	35.0	NaN	NaN
3.0	36.0	NaN	NaN
3.0	37.0	NaN	NaN
3.0	38.0	NaN	NaN
3.0	39.0	NaN	NaN
3.0	40.0	NaN	NaN
3.0	41.0	NaN	NaN
4.0	1.0	0.053679220779220785	0.0006388857819273766
4.0	2.0	0.06507229437229436	0.0007059458163180005
4.0	3.0	0.07431601731601731	0.000833824963205149
4.0	4.0	0.08192857142857145	0.0010038002325324983
4.0	5.0	0.0882978354978355	0.001187889831205845
4.0	6.0	0.09371601731601732	0.0013963473093734611
4.0	7.0	0.09840562770562772	0.0016214629518655488
4.0	8.0	0.10254675324675323	0.0018637678817677314
4.0	9.0	0.10626320346320349	0.002136349211640014
4.0	10.0	0.10965454545454546	0.002440485275400497
4.0	11.0	0.11281991341991342	0.0027906742198198172
4.0	12.0	0.11583030303030302	0.003200236321972026
4.0	13.0	0.11875627705627705	0.0036897557349742875
4.0	14.0	0.12167965367965368	0.004294482998844778
4.0	15.0	0.12467316017316017	0.005069762704794838
4.0	16.0	0.12787445887445886	0.006132075082270738
4.0	17.0	0.13146926406926407	0.007748360773314733
4.0	18.0	0.13547894736842106	0.01013502648653077
4.0	19.0	0.1391253456221198	0.011413809577428876
4.0	20.0	0.14212871794871795	0.012535512272559942
4.0	21.0	0.1444834319526627	0.012514513861880974
4.0	22.0	0.1472382978723404	0.01359929966460704
4.0	23.0	0.14777314814814813	0.012504224381372726
4.0	24.0	0.14994367816091955	0.011971630235680784
4.0	25.0	0.15321194029850746	0.013434640011507789
4.0	26.0	0.15288604651162793	0.013175239789908746
4.0	27.0	0.15314642857142857	0.013316224638550471
4.0	28.0	0.15484210526315792	0.014738472549739177
4.0	29.0	0.15226363636363638	0.01519791253608684
4.0	30.0	0.14768571428571428	0.011357145852051118
4.0	31.0	0.1513	0.014000857116619681
4.0	32.0	0.15352000000000002	0.012102768278373338
4.0	33.0	0.15696666666666667	0.019873684442833772
4.0	34.0	NaN	NaN
4.0	35.0	NaN	NaN
4.0	36.0	NaN	NaN
4.0	37.0	NaN	NaN
4.0	38.0	NaN	NaN
4.0	39.0	NaN	NaN
4.0	40.0	NaN	NaN
5.0	1.0	0.054835064935064945	0.0005855728300078183
5.0	2.0	0.06602727272727273	0.0006696468304041736
5.0	3.0	0.07511991341991343	0.0008106047079010195
5.0	4.0	0.08262121212121211	0.0009842809350773716
5.0	5.0	0.08891038961038963	0.0011772389675313141
5.0	6.0	0.09427619047619047	0.001381554020437552
5.0	7.0	0.09893030303030302	0.001605977798844704
5.0	8.0	0.10303852813852815	0.0018504137017659162
5.0	9.0	0.10673593073593073	0.002119753651490596
5.0	10.0	0.11013679653679655	0.002423989910150142
5.0	11.0	0.11330865800865798	0.0027746387810203515
5.0	12.0	0.11633376623376623	0.003183228210601296
5.0	13.0	0.1192965367965368	0.003676788076945769
5.0	14.0	0.12226103896103897	0.004291138163932001
5.0	15.0	0.12532380952380953	0.005099155534356751
5.0	16.0	0.1286199134199134	0.006256727995515117
5.0	17.0	0.1321730434782609	0.0075244558681434575
5.0	18.0	0.13623700440528633	0.009539742014979749
5.0	19.0	0.140124537037037	0.010940524190006176
5.0	20.0	0.14438636363636365	0.012938604178206215
5.0	21.0	0.14615062500000003	0.013109245846002865
5.0	22.0	0.14806484374999998	0.01285289017311536
5.0	23.0	0.15075	0.014535078436480458
5.0	24.0	0.1492111111111111	0.014001233944596675
5.0	25.0	0.1477772727272727	0.012433822283395112
5.0	26.0	0.14866470588235295	0.01189300487944021
5.0	27.0	0.14995	0.011671135334662177
5.0	28.0	0.15407619047619048	0.014006173808785351
5.0	29.0	0.1530384615384615	0.013374137882591315
5.0	30.0	0.15663000000000002	0.01570895356865702
5.0	31.0	0.14950000000000002	0.011271424044902232
5.0	32.0	0.152825	0.014120286824282293
5.0	33.0	0.15443333333333334	0.014642859465737327
5.0	34.0	0.15789999999999998	0.02375878784786799
5.0	35.0	NaN	NaN
5.0	36.0	NaN	NaN
5.0	37.0	NaN	NaN
5.0	38.0	NaN	NaN
6.0	1.0	0.055790476190476196	0.0005483534547964148
6.0	2.0	0.06678398268398268	0.0006205563279997961
6.0	3.0	0.07572554112554111	0.0007557872583095562
6.0	4.0	0.0831073593073593	0.0009121343559916964
6.0	5.0	0.08930432900432901	0.0010862293596291294
6.0	6.0	0.09459437229437231	0.0012781826160313372
6.0	7.0	0.09918917748917751	0.0014888906633769518
6.0	8.0	0.10325324675324676	0.0017177020353735303
6.0	9.0	0.10691082251082251	0.001967212708954898
6.0	10.0	0.11026926406926404	0.0022510014919854588
6.0	11.0	0.11340735930735932	0.002577661131620552
6.0	12.0	0.11640606060606061	0.0029639365092885414
6.0	13.0	0.11933809523809524	0.0034251783589895396
6.0	14.0	0.12226320346320348	0.004002008859385078
6.0	15.0	0.12528225108225108	0.004750586796449114
6.0	16.0	0.12852121212121212	0.005813337760329992
6.0	17.0	0.13200913043478263	0.007044416422529561
6.0	18.0	0.136065350877193	0.00901854581397743
6.0	19.0	0.14020045662100458	0.010884740171353668
6.0	20.0	0.14332791878172588	0.011168001951343251
6.0	21.0	0.14719710982658962	0.012126352371215808
6.0	22.0	0.14927499999999996	0.012564291913900676
6.0	23.0	0.15002258064516127	0.012406258317550673
6.0	24.0	0.1521597014925373	0.013661758834608293
6.0	25.0	0.15339555555555556	0.014589192069903159
6.0	26.0	0.15038888888888888	0.013552954072915764
6.0	27.0	0.15331904761904763	0.014788191878915388
6.0	28.0	0.15452857142857143	0.017309287350189453
6.0	29.0	0.14917777777777777	0.012258647741265939
6.0	30.0	0.14977142857142858	0.01052278706517658
6.0	31.0	0.15102	0.011640103092326975
6.0	32.0	0.1466666666666667	0.0018717193521821825
6.0	33.0	0.15236666666666668	0.00292973263854116
6.0	34.0	0.16233333333333333	0.006171979693204873
6.0	35.0	NaN	NaN
7.0	1.0	0.05669047619047619	0.0005199458484305909
7.0	2.0	0.06754588744588745	0.0005823251485045438
7.0	3.0	0.07638614718614717	0.0007096100306741381
7.0	4.0	0.08370303030303032	0.0008633803101457082
7.0	5.0	0.08985064935064938	0.0010328462207128807
7.0	6.0	0.09511168831168831	0.0012164424995049785
7.0	7.0	0.0996874458874459	0.0014209206952040289
7.0	8.0	0.10374545454545454	0.0016421522559192105
7.0	9.0	0.10741212121212121	0.0018840821322054714
7.0	10.0	0.11078311688311687	0.002162269495977655
7.0	11.0	0.11394761904761905	0.0024802140427234434
7.0	12.0	0.11698181818181819	0.002845624892298348
7.0	13.0	0.11995627705627705	0.0033010462098292145
7.0	14.0	0.12295151515151514	0.003860241583844072
7.0	15.0	0.12605238095238094	0.0045810461072612
7.0	16.0	0.12939567099567098	0.0055905182426784295
7.0	17.0	0.1332047619047619	0.007144467230541515
7.0	18.0	0.13788739130434782	0.01002779400235345
7.0	19.0	0.14134345794392525	0.010355735033322483
7.0	20.0	0.14529476439790576	0.011626705820380646
7.0	21.0	0.1487343949044586	0.012933462430176786
7.0	22.0	0.15072627118644072	0.012859167656373342
7.0	23.0	0.15124320987654316	0.012040150936259115
7.0	24.0	0.15270363636363635	0.011865901405355438
7.0	25.0	0.15546315789473686	0.013067112029259038
7.0	26.0	0.15814399999999998	0.013965048036675943
7.0	27.0	0.1547333333333333	0.01371338651453279
7.0	28.0	0.14855000000000002	0.009496683631668478
7.0	29.0	0.15332	0.012083749418123504
7.0	30.0	0.14400000000000002	0.004949747468305818
7.0	31.0	0.1489	0.007071067811865481
7.0	32.0	0.15705	0.012091525958289965
7.0	33.0	NaN	NaN
7.0	34.0	NaN	NaN
8.0	1.0	0.05742900432900433	0.0005331435527203394
8.0	2.0	0.06811991341991343	0.0006125087338095975
8.0	3.0	0.07684112554112556	0.000754808663803953
8.0	4.0	0.08405627705627705	0.0009323378709002307
8.0	5.0	0.09012640692640692	0.0011214682103093364
8.0	6.0	0.09532337662337664	0.0013226353242736166
8.0	7.0	0.09985411255411254	0.0015402619668117912
8.0	8.0	0.10386753246753247	0.001776080802003564
8.0	9.0	0.10749610389610391	0.002045319676838566
8.0	10.0	0.11083809523809522	0.0023466393749589348
8.0	11.0	0.11397359307359307	0.0026931869901894536
8.0	12.0	0.1169813852813853	0.003097958624299133
8.0	13.0	0.11993593073593073	0.00359808631194766
8.0	14.0	0.12291212121212121	0.0042264313554859784
8.0	15.0	0.12601082251082252	0.005060814053662901
8.0	16.0	0.12936450216450218	0.006275511036785878
8.0	17.0	0.13307	0.007867889248248695
8.0	18.0	0.13718716814159293	0.00992991726218426
8.0	19.0	0.14094084507042254	0.011101932231935455
8.0	20.0	0.14409789473684212	0.01129979143832786
8.0	21.0	0.1478962962962963	0.012931928270991653
8.0	22.0	0.15013730158730157	0.013245610497833517
8.0	23.0	0.15282604166666666	0.01313165115518241
8.0	24.0	0.14895098039215687	0.011935734121519626
8.0	25.0	0.15238333333333332	0.012173640389185282
8.0	26.0	0.15358214285714283	0.012748189517685872
8.0	27.0	0.1545315789473684	0.012220295169720239
8.0	28.0	0.1546833333333333	0.01067944783500561
8.0	29.0	0.15363333333333332	0.011628012154563078
8.0	30.0	0.154175	0.010266247285806688
8.0	31.0	0.15856666666666666	0.010424170630478633
8.0	32.0	NaN	NaN
8.0	33.0	NaN	NaN
9.0	1.0	0.05813333333333332	0.0006152883146500733
9.0	2.0	0.0686991341991342	0.0007093163482623893
9.0	3.0	0.07732207792207792	0.0008635049975873171
9.0	4.0	0.08446536796536797	0.0010397385618780702
9.0	5.0	0.09048744588744588	0.0012341051908403512
9.0	6.0	0.09564242424242425	0.0014415032045753673
9.0	7.0	0.10014025974025974	0.001681039513302751
9.0	8.0	0.10413896103896106	0.0019353792467912381
9.0	9.0	0.10775411255411257	0.0022218221987658385
9.0	10.0	0.1110896103896104	0.0025501876017394293
9.0	11.0	0.11422467532467534	0.002927567138538303
9.0	12.0	0.11724415584415586	0.003380371480994366
9.0	13.0	0.12021774891774892	0.003938018277519153
9.0	14.0	0.12322597402597404	0.004656012548468521
9.0	15.0	0.12637792207792206	0.005652732083806295
9.0	16.0	0.12988744588744588	0.0073835697720398665
9.0	17.0	0.13358384279475982	0.008945343348597689
9.0	18.0	0.13737937219730945	0.010198490683267844
9.0	19.0	0.14124597156398105	0.011341131226819899
9.0	20.0	0.14436324324324323	0.012219364988760858
9.0	21.0	0.14665298013245034	0.012668158550460386
9.0	22.0	0.1478146551724138	0.01218864941913864
9.0	23.0	0.14994382022471914	0.012916602732496332
9.0	24.0	0.15175223880597014	0.01270555066256781
9.0	25.0	0.15146666666666664	0.01087377997336211
9.0	26.0	0.15331612903225805	0.011425763191845392
9.0	27.0	0.15452857142857143	0.009902027209472959
9.0	28.0	0.15817142857142857	0.010812843401140259
9.0	29.0	0.1626111111111111	0.010876056781348243
9.0	30.0	0.167075	0.010472941325148342
9.0	31.0	NaN	NaN
10.0	1.0	0.0587891774891775	0.0006008072241031541
10.0	2.0	0.06923636363636364	0.0006752601606677093
10.0	3.0	0.07776969696969699	0.0008254323736234
10.0	4.0	0.08485108225108225	0.0010087815065651996
10.0	5.0	0.09082294372294372	0.0012086075319905714
10.0	6.0	0.09593766233766234	0.0014259128848052537
10.0	7.0	0.10041558441558442	0.0016672078925477356
10.0	8.0	0.10439307359307358	0.0019261460933224618
10.0	9.0	0.10799653679653681	0.0022192411839040346
10.0	10.0	0.11133160173160174	0.0025547562696301143
10.0	11.0	0.11446709956709958	0.002941908546970647
10.0	12.0	0.1174948051948052	0.003403050911368239
10.0	13.0	0.12047402597402597	0.003969582255890277
10.0	14.0	0.12350649350649351	0.004696381706090921
10.0	15.0	0.12669220779220783	0.00568942037776218
10.0	16.0	0.13021774891774893	0.007244979439895582
10.0	17.0	0.13387850877192983	0.008743688647162193
10.0	18.0	0.13782477477477476	0.010256333158519487
10.0	19.0	0.14124656862745097	0.011574302178805493
10.0	20.0	0.1446684782608696	0.011878151218105475
10.0	21.0	0.1478629139072848	0.01390033868121704
10.0	22.0	0.14765535714285713	0.011535271716131943
10.0	23.0	0.15069222222222223	0.012036286221982183
10.0	24.0	0.1530984375	0.012963593615375454
10.0	25.0	0.15392142857142857	0.013080940066805557
10.0	26.0	0.15203333333333333	0.012769143060235237
10.0	27.0	0.15334117647058826	0.01247046805574722
10.0	28.0	0.15326363636363635	0.012034140827435317
10.0	29.0	0.15583750000000002	0.012124583939842457
10.0	30.0	0.15606	0.010139181426525512
10.0	31.0	0.1587666666666667	0.012623126923759163
10.0	32.0	0.16375	0.015202795795510765
10.0	33.0	NaN	NaN
11.0	1.0	0.05940476190476191	0.000632196866369006
11.0	2.0	0.06974978354978356	0.000665280225944347
11.0	3.0	0.0782004329004329	0.0007907892499707984
11.0	4.0	0.08522294372294373	0.0009500764231695269
11.0	5.0	0.09114935064935063	0.0011360063582901564
11.0	6.0	0.09623896103896105	0.0013370137891542035
11.0	7.0	0.1006930735930736	0.0015618953337823084
11.0	8.0	0.10465974025974026	0.0018098709831697757
11.0	9.0	0.10825497835497837	0.002089842697317063
11.0	10.0	0.11158225108225109	0.0024090384419814628
11.0	11.0	0.11472727272727273	0.0027774857114790633
11.0	12.0	0.11775627705627707	0.0032221167753839135
11.0	13.0	0.12076190476190475	0.003769249009449773
11.0	14.0	0.12380692640692639	0.004484605996822289
11.0	15.0	0.12701991341991342	0.005469229497545255
11.0	16.0	0.13059264069264068	0.007073206483126701
11.0	17.0	0.1340920704845815	0.008009774373672071
11.0	18.0	0.1379392694063927	0.009774837168240675
11.0	19.0	0.14204114832535888	0.01052963449133744
11.0	20.0	0.14599783783783782	0.012042736204851764
11.0	21.0	0.1491328947368421	0.012173566936701677
11.0	22.0	0.15172767857142858	0.013573027106459704
11.0	23.0	0.15339493670886079	0.013380352020341263
11.0	24.0	0.15417254901960784	0.013228561198125406
11.0	25.0	0.15195172413793104	0.012125434327704222
11.0	26.0	0.152355	0.01021430756083683
11.0	27.0	0.15662	0.011600874351284292
11.0	28.0	0.154025	0.00657913368157237
11.0	29.0	0.16495714285714283	0.010249854818948594
11.0	30.0	0.1631	0.016122034611053274
11.0	31.0	NaN	NaN
12.0	1.0	0.05993290043290044	0.000694230749478551
12.0	2.0	0.07012467532467531	0.0007081800024476413
12.0	3.0	0.07845281385281386	0.0008061062369182919
12.0	4.0	0.08536623376623376	0.0009586145423307158
12.0	5.0	0.0912017316017316	0.0011339413897884006
12.0	6.0	0.09621038961038961	0.001329162967950073
12.0	7.0	0.10058398268398268	0.001552460509797741
12.0	8.0	0.10448268398268397	0.0017910535349107358
12.0	9.0	0.10800476190476192	0.0020601232148722286
12.0	10.0	0.11125454545454548	0.0023599306615391742
12.0	11.0	0.1143142857142857	0.0027150329144796895
12.0	12.0	0.11725151515151513	0.0031263097913875964
12.0	13.0	0.12014329004329004	0.0036353859310509313
12.0	14.0	0.12305800865800866	0.004277871618285594
12.0	15.0	0.12609567099567098	0.005135899087707196
12.0	16.0	0.12939437229437228	0.006410929080054617
12.0	17.0	0.13284235807860262	0.007540992979497552
12.0	18.0	0.13720440528634362	0.010296295320247078
12.0	19.0	0.1403622641509434	0.010599869916309814
12.0	20.0	0.14401917098445596	0.011694727949343403
12.0	21.0	0.14711890243902437	0.0125223509137702
12.0	22.0	0.14888661417322835	0.012434497342453376
12.0	23.0	0.15246470588235295	0.013179436781328494
12.0	24.0	0.15208636363636366	0.011966515929730904
12.0	25.0	0.15347906976744188	0.013115940104634129
12.0	26.0	0.1548931034482759	0.013594561177031755
12.0	27.0	0.15604736842105263	0.013088942255076425
12.0	28.0	0.15463	0.01359109594142021
12.0	29.0	0.15271666666666667	0.013091129312120737
12.0	30.0	0.15574	0.010288974681667758
12.0	31.0	0.1579	0.011464292389851185
12.0	32.0	NaN	NaN
12.0	33.0	NaN	NaN
12.0	34.0	NaN	NaN
13.0	1.0	0.060525108225108225	0.0007902513972433688
13.0	2.0	0.07060865800865801	0.0007716799403635517
13.0	3.0	0.07885584415584415	0.0008494233603876334
13.0	4.0	0.0857069264069264	0.0009853026852277593
13.0	5.0	0.0914969696969697	0.0011506290884023976
13.0	6.0	0.09647359307359306	0.0013483466812438782
13.0	7.0	0.10082164502164503	0.0015653194907829866
13.0	8.0	0.1046974025974026	0.0017994424759261234
13.0	9.0	0.10820562770562771	0.002064695665522902
13.0	10.0	0.11144848484848484	0.0023665393645362983
13.0	11.0	0.11450649350649351	0.0027125956282404045
13.0	12.0	0.11744199134199133	0.003122445170599955
13.0	13.0	0.12033593073593075	0.003620252077994723
13.0	14.0	0.12325584415584416	0.004244858583392184
13.0	15.0	0.12630129870129872	0.005062388854556456
13.0	16.0	0.129608658008658	0.006229502975492013
13.0	17.0	0.13345627705627708	0.008214226364976802
13.0	18.0	0.13774166666666668	0.01043911953151439
13.0	19.0	0.14139669811320754	0.01213563310839644
13.0	20.0	0.1445424083769634	0.01225979447156363
13.0	21.0	0.14763803680981596	0.012806567608062328
13.0	22.0	0.15037054263565897	0.01336146747122097
13.0	23.0	0.15141428571428575	0.013782110557841691
13.0	24.0	0.1501803278688525	0.011250538056349882
13.0	25.0	0.15378695652173913	0.013143982293483241
13.0	26.0	0.1529206896551724	0.011609398265147845
13.0	27.0	0.15227222222222225	0.009477329330662204
13.0	28.0	0.15556923076923074	0.009784203648005344
13.0	29.0	0.15264999999999998	0.00691715259337251
13.0	30.0	0.16202	0.012302113639533655
13.0	31.0	0.1612	0.015697770542341352
13.0	32.0	NaN	NaN
13.0	33.0	NaN	NaN
14.0	1.0	0.061148051948051944	0.0009637711783645477
14.0	2.0	0.07115281385281384	0.0009496811158069367
14.0	3.0	0.07934069264069266	0.0010253260121573405
14.0	4.0	0.08616363636363636	0.0011532459774848468
14.0	5.0	0.09193636363636364	0.0013252309814331222
14.0	6.0	0.09689956709956708	0.0015248520337481598
14.0	7.0	0.10125411255411254	0.0017519102531529918
14.0	8.0	0.10514025974025973	0.002006441349445184
14.0	9.0	0.10867575757575756	0.0022977155407474525
14.0	10.0	0.11195454545454545	0.0026339033088396023
14.0	11.0	0.11505887445887447	0.0030299657820993028
14.0	12.0	0.11806363636363637	0.0035115923214990474
14.0	13.0	0.12104155844155844	0.004114038024258892
14.0	14.0	0.12408571428571429	0.004936837069262789
14.0	15.0	0.1271373913043478	0.0054947288892843735
14.0	16.0	0.13064478260869566	0.006879260883400165
14.0	17.0	0.13476157205240175	0.009420764168463831
14.0	18.0	0.13880986547085197	0.010688264654899396
14.0	19.0	0.14261019417475732	0.012055321381889776
14.0	20.0	0.145823595505618	0.013203586419754844
14.0	21.0	0.14738873239436615	0.012487151402735121
14.0	22.0	0.14901296296296296	0.012379596513230597
14.0	23.0	0.14891842105263153	0.010774460054855843
14.0	24.0	0.15445555555555557	0.01350405886149668
14.0	25.0	0.15378333333333336	0.01459589961990304
14.0	26.0	0.149125	0.012824970503710821
14.0	27.0	0.15093125	0.012942834246537091
14.0	28.0	0.15130000000000002	0.009953163042242127
14.0	29.0	0.1542	0.014052554419545423
14.0	30.0	0.15606666666666666	0.01245305852658963
14.0	31.0	0.1577	0.011968012923344182
14.0	32.0	0.164	0.02884995667241114
14.0	33.0	NaN	NaN
14.0	34.0	NaN	NaN
14.0	35.0	NaN	NaN
15.0	1.0	0.06176796536796536	0.0010850424630499467
15.0	2.0	0.07165324675324675	0.0010055391479094902
15.0	3.0	0.07974761904761904	0.001028287285344338
15.0	4.0	0.0864995670995671	0.001127579085648149
15.0	5.0	0.09220995670995673	0.0012804671354917103
15.0	6.0	0.09713419913419913	0.0014695160795306892
15.0	7.0	0.10145281385281384	0.0016831849610261659
15.0	8.0	0.10531168831168831	0.0019282098496188472
15.0	9.0	0.10881645021645021	0.002213866860198403
15.0	10.0	0.11207532467532469	0.002536009661421514
15.0	11.0	0.11515974025974027	0.002911114820383948
15.0	12.0	0.11814415584415584	0.0033667489223346884
15.0	13.0	0.1210995670995671	0.0039331865368326425
15.0	14.0	0.12411688311688311	0.004662292846939879
15.0	15.0	0.1273099567099567	0.005679515862545014
15.0	16.0	0.13089090909090906	0.007398463679855054
15.0	17.0	0.13473056768558953	0.009077489515520787
15.0	18.0	0.138558371040724	0.010351204807692384
15.0	19.0	0.14226813725490195	0.011774465754492999
15.0	20.0	0.14538277777777778	0.011781762397949555
15.0	21.0	0.14893221476510066	0.013153595071497208
15.0	22.0	0.15021926605504587	0.013452505460323765
15.0	23.0	0.15049102564102562	0.011780825119355624
15.0	24.0	0.15232	0.012356665617600291
15.0	25.0	0.1530527777777778	0.012417717437162367
15.0	26.0	0.15118095238095236	0.011751664522424857
15.0	27.0	0.15067142857142857	0.010073990010183387
15.0	28.0	0.15476	0.014452235505661782
15.0	29.0	0.15121666666666667	0.00934482031216581
15.0	30.0	0.153175	0.010900573379414498
15.0	31.0	0.157	0.012037856952132298
15.0	32.0	NaN	NaN
15.0	33.0	NaN	NaN
15.0	34.0	NaN	NaN
16.0	1.0	0.06241341991341991	0.0013581131384458084
16.0	2.0	0.07214329004329005	0.0012381386793983025
16.0	3.0	0.08012467532467533	0.001226995890729362
16.0	4.0	0.08677445887445888	0.0013012357126297588
16.0	5.0	0.09240952380952379	0.0014326306718138997
16.0	6.0	0.09727142857142858	0.001611684817298519
16.0	7.0	0.10152943722943722	0.001826352776579866
16.0	8.0	0.10533636363636366	0.002077471859752435
16.0	9.0	0.10879870129870131	0.0023654116384014988
16.0	10.0	0.1120142857142857	0.0027016604050286146
16.0	11.0	0.11505281385281386	0.0031010486802648682
16.0	12.0	0.11799480519480521	0.003575152028530162
16.0	13.0	0.12090909090909092	0.004173378836038122
16.0	14.0	0.12387748917748918	0.004953024084476483
16.0	15.0	0.12702727272727274	0.006062600310893362
16.0	16.0	0.1303713043478261	0.007434691081613299
16.0	17.0	0.13408201754385965	0.009092887347639992
16.0	18.0	0.13739633027522938	0.010114231672430453
16.0	19.0	0.14089073170731709	0.010877191550699444
16.0	20.0	0.1444896739130435	0.012154796300931166
16.0	21.0	0.1462858108108108	0.012064232908255883
16.0	22.0	0.1493166666666667	0.013401262535112653
16.0	23.0	0.14948214285714284	0.013315958002393767
16.0	24.0	0.1505703125	0.012502465530655866
16.0	25.0	0.15272653061224495	0.011943543854146409
16.0	26.0	0.15483529411764707	0.012160290126945144
16.0	27.0	0.15543500000000002	0.013092033535905075
16.0	28.0	0.15116000000000002	0.011460095016088561
16.0	29.0	0.15228571428571427	0.012615787539353027
16.0	30.0	0.14745	0.006748086148432506
16.0	31.0	0.15485	0.010935111643996437
16.0	32.0	0.1506	0.002404163056034252
16.0	33.0	0.15885	0.004313351365237936
16.0	34.0	NaN	NaN
17.0	1.0	0.06325584415584415	0.0017751051535167667
17.0	2.0	0.07285454545454545	0.0015350863554136215
17.0	3.0	0.08074415584415584	0.0014279349796267984
17.0	4.0	0.08732510822510821	0.0014322897027432082
17.0	5.0	0.09291038961038962	0.001513755860125899
17.0	6.0	0.09773506493506494	0.001667653876644324
17.0	7.0	0.10198051948051949	0.0018638930012935383
17.0	8.0	0.10577662337662337	0.0021035722889716476
17.0	9.0	0.10924242424242425	0.002387689662327092
17.0	10.0	0.11246883116883116	0.002720977752985436
17.0	11.0	0.11553073593073594	0.003114769706674382
17.0	12.0	0.11849826839826838	0.0035933872281076838
17.0	13.0	0.12145194805194806	0.004190660746581838
17.0	14.0	0.1244904761904762	0.004970582612872173
17.0	15.0	0.1277121212121212	0.0060697561231024275
17.0	16.0	0.13137359307359306	0.00792567893614852
17.0	17.0	0.13460533333333335	0.008346169352292276
17.0	18.0	0.13925158371040725	0.011292578404683108
17.0	19.0	0.1431990243902439	0.012540334885620874
17.0	20.0	0.14587471264367816	0.013181583916253256
17.0	21.0	0.1466503703703704	0.012170430731496741
17.0	22.0	0.14891121495327103	0.012312712613644056
17.0	23.0	0.15113375	0.013440011525669412
17.0	24.0	0.15279122807017545	0.013961864906924075
17.0	25.0	0.15045142857142857	0.012107760550416354
17.0	26.0	0.15092916666666667	0.012495407127235283
17.0	27.0	0.15178125	0.014719067848655815
17.0	28.0	0.15481538461538458	0.015083536618547944
17.0	29.0	0.14456666666666668	0.010914333083916152
17.0	30.0	0.14434000000000002	0.006642514584101418
17.0	31.0	0.14967999999999998	0.008804373913004825
17.0	32.0	0.15906000000000003	0.013367423087491465
17.0	33.0	NaN	NaN
17.0	34.0	NaN	NaN
17.0	35.0	NaN	NaN
17.0	36.0	NaN	NaN
17.0	37.0	NaN	NaN
17.0	38.0	NaN	NaN
18.0	1.0	0.06402991071428571	0.002075059670884725
18.0	2.0	0.07347857142857142	0.001761823788617822
18.0	3.0	0.08124017857142858	0.0015820155062892572
18.0	4.0	0.08773482142857143	0.00151033568100424
18.0	5.0	0.09324508928571429	0.0015307822060619534
18.0	6.0	0.09800892857142858	0.0016263830166501907
18.0	7.0	0.10219999999999999	0.001776831462137884
18.0	8.0	0.10595714285714289	0.001974965029410065
18.0	9.0	0.10938526785714285	0.002221361219577115
18.0	10.0	0.11257455357142855	0.0025143935029545766
18.0	11.0	0.11560089285714285	0.00286456612937198
18.0	12.0	0.11853749999999998	0.0032949921235369303
18.0	13.0	0.12145401785714287	0.003836546223290749
18.0	14.0	0.12443839285714285	0.00453169694773791
18.0	15.0	0.12759285714285715	0.005502534504256353
18.0	16.0	0.13112455357142855	0.007091830376974054
18.0	17.0	0.13472307692307692	0.008269294876967308
18.0	18.0	0.13905483870967741	0.010140913972651421
18.0	19.0	0.142999	0.011851789890902152
18.0	20.0	0.14506488095238096	0.01138478415102296
18.0	21.0	0.14913310344827588	0.012618780399624455
18.0	22.0	0.15281081081081085	0.014700119673918249
18.0	23.0	0.15150416666666666	0.01318365865887777
18.0	24.0	0.15254117647058824	0.012603478511436249
18.0	25.0	0.15144375000000002	0.01044781000358294
18.0	26.0	0.15829615384615386	0.013809923410916681
18.0	27.0	0.15670714285714288	0.012301248484837395
18.0	28.0	0.15305714285714284	0.009180206450630104
18.0	29.0	0.15592	0.006013069099885679
18.0	30.0	0.167275	0.009977098776698562
18.0	31.0	NaN	NaN
19.0	1.0	0.06480913461538461	0.0022550562020811757
19.0	2.0	0.07416586538461538	0.00187892924105786
19.0	3.0	0.08187403846153847	0.0016609173411017482
19.0	4.0	0.08832259615384615	0.0015519409665501562
19.0	5.0	0.09381346153846153	0.0015600729384848615
19.0	6.0	0.09857259615384611	0.0016395678087244285
19.0	7.0	0.10277740384615384	0.0017887244775007284
19.0	8.0	0.1065572115384615	0.001988213072267604
19.0	9.0	0.11001778846153847	0.002244826777144091
19.0	10.0	0.11325625000000003	0.002549369416206654
19.0	11.0	0.11634375000000002	0.0029157674597311517
19.0	12.0	0.11936057692307692	0.003364216880807092
19.0	13.0	0.12238076923076924	0.003928837443396357
19.0	14.0	0.12550288461538459	0.0046747126648275785
19.0	15.0	0.1288480769230769	0.005715661689991871
19.0	16.0	0.13267307692307692	0.007436549389018424
19.0	17.0	0.1366200980392157	0.00897104471843133
19.0	18.0	0.14048453608247422	0.00973691059946672
19.0	19.0	0.1452261111111111	0.011700094847005564
19.0	20.0	0.1495875	0.013508105550480197
19.0	21.0	0.1510435185185185	0.014191541993026718
19.0	22.0	0.1499652777777778	0.01247952869869175
19.0	23.0	0.15096862745098039	0.012119298497785726
19.0	24.0	0.1519676470588235	0.012452399564018205
19.0	25.0	0.15259545454545453	0.01287147001160863
19.0	26.0	0.15629374999999998	0.01579254966748561
19.0	27.0	0.15522999999999998	0.014848572696091408
19.0	28.0	0.14972	0.014252087566388308
19.0	29.0	0.15494999999999998	0.021535319825811746
19.0	30.0	0.1529	0.01748599439551552
19.0	31.0	NaN	NaN
19.0	32.0	NaN	NaN
19.0	33.0	NaN	NaN
19.0	34.0	NaN	NaN
19.0	35.0	NaN	NaN
19.0	36.0	NaN	NaN
19.0	37.0	NaN	NaN
19.0	38.0	NaN	NaN
20.0	1.0	0.06543131868131868	0.0024007957745130672
20.0	2.0	0.07464505494505495	0.0020071289374502073
20.0	3.0	0.08223791208791209	0.0017539354432789401
20.0	4.0	0.08860549450549451	0.0016225866149990466
20.0	5.0	0.09402527472527475	0.0015947145716375135
20.0	6.0	0.09872362637362637	0.001652402246911729
20.0	7.0	0.10287307692307691	0.0017767343513806777
20.0	8.0	0.10660054945054949	0.0019565585203099567
20.0	9.0	0.11002417582417583	0.002187096294395668
20.0	10.0	0.11321703296703295	0.0024660761301245654
20.0	11.0	0.11625879120879118	0.0028118935776584755
20.0	12.0	0.11922692307692305	0.003230379001183563
20.0	13.0	0.12219780219780221	0.003752685315434832
20.0	14.0	0.12525054945054942	0.004431875340468494
20.0	15.0	0.1285076923076923	0.005365466223386849
20.0	16.0	0.1321637362637363	0.006814860533037711
20.0	17.0	0.13632265193370166	0.008594112043548516
20.0	18.0	0.1409806818181818	0.010737367146873261
20.0	19.0	0.14454487179487183	0.01195347051708466
20.0	20.0	0.14809848484848484	0.012951382872013268
20.0	21.0	0.150718	0.014284585037619039
20.0	22.0	0.1506357142857143	0.012857998533753062
20.0	23.0	0.151465306122449	0.013038845025225076
20.0	24.0	0.153425	0.012395560841342704
20.0	25.0	0.15787307692307692	0.014346136976686309
20.0	26.0	0.1529	0.012494332048306281
20.0	27.0	0.15404444444444443	0.008722257607854623
20.0	28.0	0.15878333333333333	0.011544248207079858
20.0	29.0	0.15783333333333333	0.00511891915674914
20.0	30.0	0.17345	0.015485638507985393
21.0	1.0	0.06624423076923078	0.002780258525566036
21.0	2.0	0.07526987179487178	0.0023715904523715693
21.0	3.0	0.08271089743589743	0.0021152464576284034
21.0	4.0	0.08895512820512821	0.001993676936063836
21.0	5.0	0.09427500000000001	0.0019761358514094637
21.0	6.0	0.09888653846153844	0.002046557661789009
21.0	7.0	0.10296025641025643	0.0021825903369599394
21.0	8.0	0.10662371794871794	0.0023789428983231648
21.0	9.0	0.10997692307692307	0.002644406053292464
21.0	10.0	0.11311410256410258	0.0029650751765032814
21.0	11.0	0.11609679487179485	0.0033587328615223774
21.0	12.0	0.11900576923076923	0.0038444805913633814
21.0	13.0	0.12191025641025643	0.004466248761359552
21.0	14.0	0.12491089743589746	0.005287338176801665
21.0	15.0	0.12812564102564103	0.006505678629101253
21.0	16.0	0.1314967741935484	0.007670532409727525
21.0	17.0	0.1350519736842105	0.009007325719023067
21.0	18.0	0.13947852348993287	0.011232539385572213
21.0	19.0	0.14363284671532847	0.013576862397915036
21.0	20.0	0.1446495495495496	0.013083423751754628
21.0	21.0	0.14699999999999996	0.013215422479222822
21.0	22.0	0.1486388888888889	0.013637041060614613
21.0	23.0	0.14814716981132076	0.01134691763929382
21.0	24.0	0.1525581395348837	0.014502039800008096
21.0	25.0	0.151675	0.013756012153613793
21.0	26.0	0.15245999999999998	0.013953509273750154
21.0	27.0	0.15519333333333335	0.015810596205739755
21.0	28.0	0.14958888888888888	0.010313879537356989
21.0	29.0	0.1547	0.011329859411559982
21.0	30.0	0.15904000000000001	0.017352463802008056
21.0	31.0	0.14465	0.0024748737341529184
21.0	32.0	0.14955000000000002	0.003464823227814074
21.0	33.0	0.157	0.005798275605729679
21.0	34.0	NaN	NaN
22.0	1.0	0.06632545454545455	0.00276791699123944
22.0	2.0	0.07530818181818183	0.002356958536890396
22.0	3.0	0.08271363636363636	0.002088345874228853
22.0	4.0	0.08892090909090908	0.001946254716847818
22.0	5.0	0.09420000000000002	0.0019000724273979135
22.0	6.0	0.09878	0.001940765005697354
22.0	7.0	0.10282636363636363	0.002057819157037183
22.0	8.0	0.10645272727272727	0.0022223101085391815
22.0	9.0	0.10977363636363636	0.0024509005000307297
22.0	10.0	0.11286999999999998	0.0027245923859771696
22.0	11.0	0.11580363636363639	0.003072187377000222
22.0	12.0	0.11865727272727274	0.003501911904825367
22.0	13.0	0.12149545454545455	0.004044304781744286
22.0	14.0	0.12440181818181817	0.00476708865855938
22.0	15.0	0.12747454545454545	0.005780962688688335
22.0	16.0	0.1309372727272727	0.007573685238381319
22.0	17.0	0.13463302752293577	0.009375401769621825
22.0	18.0	0.13811981132075474	0.009590833121479127
22.0	19.0	0.1419959595959596	0.011411817355061797
22.0	20.0	0.14568426966292136	0.012337405234750765
22.0	21.0	0.14790563380281693	0.012974864572086442
22.0	22.0	0.14815769230769232	0.011608893584507108
22.0	23.0	0.15131951219512196	0.013094678680903075
22.0	24.0	0.15177142857142858	0.012495209664117867
22.0	25.0	0.15514	0.015681581552891916
22.0	26.0	0.14911818181818182	0.01096757203594471
22.0	27.0	0.1522	0.01535745514632645
22.0	28.0	0.15143333333333334	0.012202240231476622
22.0	29.0	0.15538000000000002	0.01227587064122134
22.0	30.0	0.1593	0.018167003054989566
22.0	31.0	NaN	NaN
22.0	32.0	NaN	NaN
22.0	33.0	NaN	NaN
22.0	34.0	NaN	NaN
22.0	35.0	NaN	NaN
23.0	1.0	0.06653	0.002527188862017202
23.0	2.0	0.07553125	0.0021356879394432934
23.0	3.0	0.0829775	0.0018916856725006677
23.0	4.0	0.08921624999999998	0.0017683893658827204
23.0	5.0	0.09454000000000001	0.0017632392515560247
23.0	6.0	0.09916124999999999	0.0018374096895054754
23.0	7.0	0.10325	0.001984305509348392
23.0	8.0	0.10693625	0.002183206546065857
23.0	9.0	0.1103125	0.0024434554801641673
23.0	10.0	0.11346750000000001	0.0027581306731419715
23.0	11.0	0.11649500000000002	0.0031367926859182742
23.0	12.0	0.11945249999999999	0.0036183419869019033
23.0	13.0	0.12241749999999998	0.004211310118168978
23.0	14.0	0.12546999999999997	0.00499152192615043
23.0	15.0	0.12876125	0.006094269849621034
23.0	16.0	0.13251625000000003	0.007815911128726573
23.0	17.0	0.13757124999999998	0.012205976889845526
23.0	18.0	0.14034666666666668	0.01092077530825231
23.0	19.0	0.1444942028985507	0.012533600534961671
23.0	20.0	0.14558909090909092	0.01169085861193159
23.0	21.0	0.14940434782608697	0.013438220062720597
23.0	22.0	0.1478290322580645	0.010951261526977521
23.0	23.0	0.15088800000000002	0.011617993228895717
23.0	24.0	0.15510000000000002	0.013230478281436222
23.0	25.0	0.15656363636363638	0.015464622383186263
23.0	26.0	0.1569	0.015429517166781342
23.0	27.0	0.14693333333333333	0.00829236596716121
23.0	28.0	0.15493333333333334	0.013600122548467472
23.0	29.0	0.157	0.016829141392239823
23.0	30.0	NaN	NaN
23.0	31.0	NaN	NaN
23.0	32.0	NaN	NaN
24.0	1.0	0.06692931034482759	0.002495962256566973
24.0	2.0	0.07589655172413792	0.0020978657088492093
24.0	3.0	0.08329137931034486	0.0018455526897903766
24.0	4.0	0.08950689655172414	0.0017128884058411665
24.0	5.0	0.09482413793103447	0.0016884863297949495
24.0	6.0	0.09944137931034483	0.0017539963874773877
24.0	7.0	0.1035344827586207	0.001880234375474256
24.0	8.0	0.10723103448275863	0.0020734078141316915
24.0	9.0	0.11062931034482759	0.002321373506057986
24.0	10.0	0.11380689655172414	0.002618548015295681
24.0	11.0	0.1168637931034483	0.0029868541378268473
24.0	12.0	0.11985172413793105	0.0034307812715315073
24.0	13.0	0.12285344827586206	0.003985553540424902
24.0	14.0	0.12597586206896552	0.004719437609404569
24.0	15.0	0.12932413793103448	0.0057283018623546095
24.0	16.0	0.13314482758620688	0.007247266209655308
24.0	17.0	0.1379775862068966	0.01027750128522865
24.0	18.0	0.14250363636363636	0.01233172607599877
24.0	19.0	0.1436577777777778	0.011160471823051717
24.0	20.0	0.14796750000000003	0.012023169672526418
24.0	21.0	0.15105806451612905	0.012861435228194102
24.0	22.0	0.15155	0.013945174604028523
24.0	23.0	0.15254285714285715	0.013142632582888072
24.0	24.0	0.1525777777777778	0.013929445231036461
24.0	25.0	0.15704285714285712	0.015620057313473289
24.0	26.0	0.15455	0.015663226572665882
24.0	27.0	0.1462	0.008768124086713186
24.0	28.0	0.1534	0.013859292911256337
24.0	29.0	NaN	NaN
24.0	30.0	NaN	NaN
24.0	31.0	NaN	NaN
25.0	1.0	0.06762380952380953	0.002718393492919322
25.0	2.0	0.0765	0.0023990851915047856
25.0	3.0	0.08383333333333333	0.0022197194578470296
25.0	4.0	0.09000000000000001	0.0021295825767552456
25.0	5.0	0.09528095238095237	0.002148991606429953
25.0	6.0	0.0998857142857143	0.002242556405856825
25.0	7.0	0.10398095238095237	0.002393918931654883
25.0	8.0	0.10767142857142861	0.0026142466819880847
25.0	9.0	0.11109047619047618	0.00289084421156119
25.0	10.0	0.11429285714285714	0.0032469417398562767
25.0	11.0	0.11739523809523812	0.0036872854964284892
25.0	12.0	0.12044285714285713	0.004242131473977286
25.0	13.0	0.12355476190476192	0.004973304460718362
25.0	14.0	0.12682857142857143	0.006007283616243952
25.0	15.0	0.13046904761904762	0.007651509913010413
25.0	16.0	0.13387073170731706	0.008511293788327337
25.0	17.0	0.13980243902439027	0.014320081839935099
25.0	18.0	0.14255526315789474	0.012703132139165227
25.0	19.0	0.14466250000000003	0.012797095184505362
25.0	20.0	0.14662222222222224	0.010656212826087504
25.0	21.0	0.15185	0.014609903686003053
25.0	22.0	0.15355625	0.014359153584618648
25.0	23.0	0.15276	0.014174013781094846
25.0	24.0	0.15139999999999998	0.008917024914921646
25.0	25.0	0.1602333333333333	0.013386062403360688
25.0	26.0	0.1518	0.011596551211459378
25.0	27.0	NaN	NaN
25.0	28.0	NaN	NaN
25.0	29.0	NaN	NaN
26.0	1.0	0.06751739130434782	0.0029281784865359305
26.0	2.0	0.07626086956521737	0.0024694016813859225
26.0	3.0	0.08349130434782608	0.002195017714461189
26.0	4.0	0.08957826086956523	0.002024611415407708
26.0	5.0	0.09475217391304348	0.0019951918488791973
26.0	6.0	0.09925217391304346	0.002037348893497135
26.0	7.0	0.1032304347826087	0.002164472386394071
26.0	8.0	0.10679565217391306	0.0023268156665806313
26.0	9.0	0.11008695652173914	0.0025768734310869634
26.0	10.0	0.11314347826086955	0.002861154580514105
26.0	11.0	0.11603913043478262	0.0032373865905632724
26.0	12.0	0.11886521739130436	0.00369417338467585
26.0	13.0	0.12169565217391304	0.004284907791611003
26.0	14.0	0.12457826086956522	0.005050828601845186
26.0	15.0	0.1276565217391304	0.006130462394465893
26.0	16.0	0.13113913043478262	0.007968844967658557
26.0	17.0	0.13345454545454546	0.006873186498320314
26.0	18.0	0.13776818181818182	0.008970660450476816
26.0	19.0	0.14409545454545455	0.01373405490265945
26.0	20.0	0.14450555555555555	0.01112498366011872
26.0	21.0	0.1484666666666667	0.013995696617515107
26.0	22.0	0.15344166666666667	0.018076376262621856
26.0	23.0	0.1467285714285714	0.01491740753680235
26.0	24.0	0.14663333333333334	0.007672982905406909
26.0	25.0	0.15488333333333335	0.011382691538764748
26.0	26.0	0.1559	0.01706253205125196
26.0	27.0	NaN	NaN
26.0	28.0	NaN	NaN
26.0	29.0	NaN	NaN
26.0	30.0	NaN	NaN
26.0	31.0	NaN	NaN
27.0	1.0	0.06640833333333332	0.0017956808449637405
27.0	2.0	0.075475	0.0016487598645373125
27.0	3.0	0.08295	0.0015917400427319667
27.0	4.0	0.08924166666666666	0.0016395444674073532
27.0	5.0	0.09458333333333331	0.0017580119625890086
27.0	6.0	0.09926666666666667	0.0019222776893964924
27.0	7.0	0.10338333333333334	0.0021340671086548368
27.0	8.0	0.10710833333333335	0.002413393813071065
27.0	9.0	0.11054166666666666	0.002725455202458122
27.0	10.0	0.11374166666666669	0.003089118242338989
27.0	11.0	0.11683333333333334	0.003580587390443929
27.0	12.0	0.11985833333333333	0.0041720843566241395
27.0	13.0	0.12291666666666669	0.004955407208904289
27.0	14.0	0.12614166666666668	0.006106547653332791
27.0	15.0	0.1297	0.007929347101404092
27.0	16.0	0.13431666666666667	0.01232881571643023
27.0	17.0	0.13477272727272727	0.006003347551007008
27.0	18.0	0.1393727272727273	0.0077810141895630685
27.0	19.0	0.14586363636363633	0.011278144592730912
27.0	20.0	0.15114444444444444	0.015791699648162568
27.0	21.0	0.15055000000000002	0.013595550742798177
27.0	22.0	0.15205000000000002	0.016552240533132263
27.0	23.0	0.14175	0.005020458146424504
27.0	24.0	0.14685	0.0071417784899841285
27.0	25.0	0.15489999999999998	0.011879393923934006
27.0	26.0	NaN	NaN
27.0	27.0	NaN	NaN
28.0	1.0	0.06805454545454546	0.0024406407504438806
28.0	2.0	0.07686363636363636	0.0020254741308013426
28.0	3.0	0.08418181818181819	0.0017348303558666386
28.0	4.0	0.09033636363636365	0.0015609437704624275
28.0	5.0	0.09559090909090907	0.0015049614915037173
28.0	6.0	0.10018181818181816	0.0015335046017656295
28.0	7.0	0.10428181818181818	0.0016222319080934024
28.0	8.0	0.10798181818181819	0.0018104243600980299
28.0	9.0	0.11139090909090911	0.0020324637981792197
28.0	10.0	0.1145909090909091	0.002322694360200908
28.0	11.0	0.11771818181818183	0.002702524072720975
28.0	12.0	0.12076363636363635	0.003154131489736195
28.0	13.0	0.1238818181818182	0.003765585792892831
28.0	14.0	0.12713636363636363	0.004625423813505682
28.0	15.0	0.13069999999999998	0.005862252126955989
28.0	16.0	0.13487272727272728	0.008074539108715853
28.0	17.0	0.1369	0.005422791409105341
28.0	18.0	0.14212	0.007421410467918704
28.0	19.0	0.15009999999999998	0.012118947515724662
28.0	20.0	0.14911666666666668	0.011382340122605136
28.0	21.0	0.1523	0.006948021301061183
28.0	22.0	0.16017499999999998	0.006545418244848838
28.0	23.0	0.17245	0.0031819805153394665
29.0	1.0	0.0684	0.0025043961347997637
29.0	2.0	0.07716666666666668	0.002024516403160683
29.0	3.0	0.08440000000000002	0.0016780941570722432
29.0	4.0	0.09048333333333332	0.0015497311594811108
29.0	5.0	0.09573333333333334	0.001484138358330068
29.0	6.0	0.10031666666666667	0.001565141101200357
29.0	7.0	0.10435	0.0017489997141223348
29.0	8.0	0.10803333333333333	0.0019805723078612065
29.0	9.0	0.11143333333333333	0.0022562505771005713
29.0	10.0	0.11463333333333332	0.002583537626330737
29.0	11.0	0.11771666666666665	0.003027485205028531
29.0	12.0	0.12076666666666667	0.0035302502272029725
29.0	13.0	0.1238833333333333	0.004181108306019664
29.0	14.0	0.12710000000000002	0.005039444413821821
29.0	15.0	0.13063333333333335	0.00621278252208032
29.0	16.0	0.13471666666666668	0.007977322023503045
29.0	17.0	0.14003333333333334	0.011135289249348972
29.0	18.0	0.14254000000000003	0.013034109098822213
29.0	19.0	0.141875	0.007056616280720773
29.0	20.0	0.14905	0.011717366029388455
29.0	21.0	0.15026666666666666	0.006824465791058906
29.0	22.0	0.16316666666666665	0.013176620709929138
29.0	23.0	NaN	NaN
29.0	24.0	NaN	NaN
30.0	1.0	0.06780000000000001	0.002271563338320114
30.0	2.0	0.0765	0.0019672315572906007
30.0	3.0	0.08366666666666667	0.001861003313627719
30.0	4.0	0.0897	0.0019287301521985938
30.0	5.0	0.09483333333333333	0.0021079215671683214
30.0	6.0	0.0993	0.0024576411454888987
30.0	7.0	0.10323333333333333	0.0028023799409311614
30.0	8.0	0.10683333333333334	0.003219213154380016
30.0	9.0	0.11006666666666666	0.0036909799963334047
30.0	10.0	0.11310000000000002	0.004172529209005014
30.0	11.0	0.11599999999999999	0.004812483766206385
30.0	12.0	0.11886666666666666	0.005553677460326025
30.0	13.0	0.12169999999999999	0.006450581369148053
30.0	14.0	0.1246	0.0075504966724050755
30.0	15.0	0.12776666666666667	0.0090090695043014
30.0	16.0	0.1313	0.01109098733206381
30.0	17.0	0.13573333333333334	0.01438065830667475
30.0	18.0	0.14266666666666666	0.02152703726324952
30.0	19.0	0.134	0.011030865786510143
30.0	20.0	0.13795000000000002	0.01378858223313767
30.0	21.0	0.14350000000000002	0.018809040379562155
30.0	22.0	0.15725	0.03514320702497142
30.0	23.0	NaN	NaN
30.0	24.0	NaN	NaN
30.0	25.0	NaN	NaN
30.0	26.0	NaN	NaN
30.0	27.0	NaN	NaN
30.0	28.0	NaN	NaN
31.0	1.0	0.06875	7.071067811865677e-5
31.0	2.0	0.07765	0.0003535533905932741
31.0	3.0	0.08505	0.0007778174593051951
31.0	4.0	0.09135	0.0012020815280171357
31.0	5.0	0.09675	0.0016263455967290568
31.0	6.0	0.10155	0.0020506096654409876
31.0	7.0	0.10585	0.0024748737341529184
31.0	8.0	0.10980000000000001	0.0029698484809834963
31.0	9.0	0.1135	0.0035355339059327407
31.0	10.0	0.11704999999999999	0.004171930009000632
31.0	11.0	0.1206	0.004949747468305837
31.0	12.0	0.12425	0.005868986283848336
31.0	13.0	0.1281	0.0072124891681027955
31.0	14.0	0.13240000000000002	0.009050966799187814
31.0	15.0	0.13755	0.011950104602052652
31.0	16.0	0.14495	0.017465537495307725
31.0	17.0	NaN	NaN
31.0	18.0	NaN	NaN
31.0	19.0	NaN	NaN
31.0	20.0	NaN	NaN
32.0	1.0	NaN	NaN
32.0	2.0	NaN	NaN
32.0	3.0	NaN	NaN
32.0	4.0	NaN	NaN
32.0	5.0	NaN	NaN
32.0	6.0	NaN	NaN
32.0	7.0	NaN	NaN
32.0	8.0	NaN	NaN
32.0	9.0	NaN	NaN
32.0	10.0	NaN	NaN
32.0	11.0	NaN	NaN
32.0	12.0	NaN	NaN
32.0	13.0	NaN	NaN
32.0	14.0	NaN	NaN
32.0	15.0	NaN	NaN
32.0	16.0	NaN	NaN
32.0	17.0	NaN	NaN
32.0	18.0	NaN	NaN
32.0	19.0	NaN	NaN
32.0	20.0	NaN	NaN
32.0	21.0	NaN	NaN
