# DAUGHTER VS D BY REJUVENATION
# original file "wt_decCap_noRe_3gen_perturbed.txt" 
# daughter	initD	rejuvenation
1.0	0.1522	1.9174
1.0	0.1528	1.7934
2.0	0.1721	1.7896
2.0	0.1466	1.6437
1.0	0.1427	1.5339
3.0	0.1513	1.5219
4.0	0.1475	1.3951
1.0	0.1505	1.2883
2.0	0.1547	1.2877
2.0	0.1551	1.2643
6.0	0.1622	1.262
3.0	0.163	1.1678
1.0	0.156	1.1678
1.0	0.1399	1.1653
1.0	0.1549	1.1653
1.0	0.1347	1.1595
1.0	0.1446	1.1406
2.0	0.1467	1.038
1.0	0.1542	1.0302
2.0	0.1406	1.0248
7.0	0.1751	1.0226
1.0	0.1702	1.0139
2.0	0.1341	1.0115
3.0	0.163	1.0115
1.0	0.1513	1.0115
1.0	0.1507	1.0096
1.0	0.165	1.0096
1.0	0.1587	1.0096
2.0	0.1501	1.0096
1.0	0.1578	1.0096
2.0	0.1689	1.0096
3.0	0.1726	0.9083
3.0	0.1528	0.9083
1.0	0.1505	0.9083
4.0	0.1693	0.9083
2.0	0.1668	0.9083
2.0	0.1599	0.9063
3.0	0.1621	0.9063
2.0	0.1515	0.9018
1.0	0.1507	0.9018
5.0	0.1659	0.9018
1.0	0.1479	0.9018
1.0	0.1482	0.9018
3.0	0.1606	0.9014
2.0	0.164	0.9014
1.0	0.1448	0.8967
3.0	0.1561	0.8948
2.0	0.1613	0.8948
1.0	0.1522	0.8878
1.0	0.174	0.8878
2.0	0.1373	0.8878
1.0	0.1623	0.8871
1.0	0.136	0.8871
2.0	0.1476	0.8871
1.0	0.1502	0.885
1.0	0.1445	0.885
2.0	0.1653	0.8834
3.0	0.1677	0.8834
2.0	0.1596	0.7785
1.0	0.1424	0.7785
1.0	0.1624	0.7785
3.0	0.1544	0.7785
3.0	0.1802	0.7785
4.0	0.1786	0.7768
2.0	0.1864	0.7768
1.0	0.1733	0.7768
1.0	0.1757	0.7768
3.0	0.1504	0.773
1.0	0.1583	0.773
2.0	0.1637	0.773
5.0	0.1511	0.773
6.0	0.1883	0.773
1.0	0.1626	0.773
4.0	0.1776	0.773
1.0	0.1799	0.773
1.0	0.1698	0.773
4.0	0.1612	0.7726
2.0	0.1671	0.7726
6.0	0.1583	0.7726
1.0	0.1787	0.7726
1.0	0.1568	0.7726
1.0	0.1891	0.7726
1.0	0.1624	0.7726
3.0	0.1607	0.7686
2.0	0.1618	0.7686
1.0	0.1487	0.7686
4.0	0.171	0.7686
1.0	0.1567	0.7686
1.0	0.1486	0.7686
3.0	0.1626	0.767
3.0	0.1544	0.767
1.0	0.1578	0.767
4.0	0.1611	0.767
1.0	0.1632	0.767
2.0	0.152	0.767
2.0	0.1586	0.7609
4.0	0.1484	0.7609
3.0	0.17	0.7609
1.0	0.1576	0.7604
1.0	0.1497	0.7604
1.0	0.139	0.7604
1.0	0.1532	0.7604
2.0	0.1651	0.7604
1.0	0.1841	0.7604
1.0	0.1503	0.7586
1.0	0.159	0.7586
12.0	0.1717	0.7586
4.0	0.1613	0.7586
2.0	0.164	0.7586
1.0	0.178	0.7586
1.0	0.1585	0.7586
2.0	0.1656	0.7586
3.0	0.1653	0.7572
2.0	0.1618	0.7572
4.0	0.1807	0.7572
2.0	0.1423	0.7572
2.0	0.155	0.7572
3.0	0.174	0.7572
1.0	0.1772	0.7572
1.0	0.16	0.6488
6.0	0.1737	0.6488
2.0	0.1669	0.6488
3.0	0.1564	0.6488
3.0	0.1658	0.6488
1.0	0.1615	0.6488
2.0	0.1439	0.6488
1.0	0.146	0.6488
3.0	0.1631	0.6488
1.0	0.1556	0.6488
2.0	0.1574	0.6488
3.0	0.1662	0.6488
3.0	0.1777	0.6488
1.0	0.1753	0.6488
2.0	0.1925	0.6488
1.0	0.1816	0.6488
2.0	0.1461	0.6474
1.0	0.1547	0.6474
1.0	0.1748	0.6474
2.0	0.1854	0.6474
4.0	0.1606	0.6474
1.0	0.1785	0.6474
2.0	0.1788	0.6474
1.0	0.1523	0.6474
2.0	0.1406	0.6441
4.0	0.166	0.6441
1.0	0.1448	0.6441
1.0	0.1526	0.6441
2.0	0.1637	0.6441
3.0	0.1551	0.6441
1.0	0.151	0.6441
1.0	0.1642	0.6441
1.0	0.1848	0.6441
2.0	0.1398	0.6439
1.0	0.1859	0.6439
3.0	0.1566	0.6439
1.0	0.1505	0.6439
2.0	0.1573	0.6439
5.0	0.1704	0.6439
1.0	0.1565	0.6439
1.0	0.1787	0.6439
1.0	0.157	0.6439
3.0	0.1773	0.6439
5.0	0.1622	0.6405
1.0	0.1572	0.6405
1.0	0.1475	0.6405
1.0	0.1569	0.6405
5.0	0.1621	0.6405
2.0	0.1517	0.6405
2.0	0.1555	0.6405
4.0	0.1659	0.6391
1.0	0.1735	0.6391
1.0	0.1489	0.6391
5.0	0.1807	0.6391
2.0	0.1654	0.6391
1.0	0.1779	0.6391
2.0	0.1533	0.6391
1.0	0.1424	0.6391
1.0	0.1687	0.6391
1.0	0.154	0.6391
1.0	0.1605	0.6341
3.0	0.1727	0.6341
1.0	0.1729	0.6341
2.0	0.1827	0.6341
1.0	0.1382	0.6341
1.0	0.1633	0.6341
3.0	0.1863	0.6341
3.0	0.1516	0.6341
2.0	0.1515	0.6341
2.0	0.1597	0.6341
1.0	0.1551	0.6341
3.0	0.1681	0.6341
6.0	0.1685	0.6337
2.0	0.1554	0.6337
3.0	0.1625	0.6337
3.0	0.1703	0.6337
3.0	0.1775	0.6337
1.0	0.1775	0.6337
4.0	0.1553	0.6337
2.0	0.1506	0.6337
3.0	0.1669	0.6337
1.0	0.1412	0.6337
1.0	0.1452	0.6337
1.0	0.1524	0.6337
2.0	0.1739	0.6337
2.0	0.1802	0.6337
2.0	0.1697	0.6337
1.0	0.18	0.6337
1.0	0.1376	0.6322
1.0	0.1453	0.6322
1.0	0.1656	0.6322
1.0	0.138	0.6322
3.0	0.1496	0.6322
1.0	0.1652	0.6322
2.0	0.1616	0.6322
1.0	0.1346	0.6322
2.0	0.141	0.6322
1.0	0.1529	0.6322
1.0	0.1472	0.6322
2.0	0.1628	0.6322
5.0	0.1851	0.6322
1.0	0.1654	0.6322
1.0	0.1607	0.6322
1.0	0.1517	0.631
1.0	0.1593	0.631
2.0	0.1639	0.631
2.0	0.1728	0.631
1.0	0.1419	0.631
1.0	0.147	0.631
3.0	0.1607	0.631
4.0	0.1533	0.631
1.0	0.1445	0.631
1.0	0.1716	0.631
1.0	0.1535	0.631
2.0	0.1603	0.631
3.0	0.1612	0.519
3.0	0.1593	0.519
1.0	0.1354	0.519
1.0	0.1397	0.519
1.0	0.1404	0.519
1.0	0.1751	0.519
1.0	0.1394	0.519
3.0	0.1565	0.519
2.0	0.1444	0.519
1.0	0.1639	0.519
2.0	0.1528	0.519
1.0	0.1597	0.519
3.0	0.1748	0.519
4.0	0.1852	0.519
1.0	0.1816	0.519
1.0	0.1559	0.519
3.0	0.1892	0.519
2.0	0.1562	0.5179
1.0	0.1648	0.5179
3.0	0.1553	0.5179
4.0	0.1613	0.5179
3.0	0.1767	0.5179
2.0	0.1501	0.5179
1.0	0.1591	0.5179
2.0	0.1427	0.5179
1.0	0.1411	0.5179
2.0	0.1462	0.5179
3.0	0.1658	0.5179
1.0	0.1491	0.5179
1.0	0.1544	0.5179
2.0	0.164	0.5179
1.0	0.1666	0.5179
1.0	0.1539	0.5179
4.0	0.1627	0.5153
4.0	0.156	0.5153
2.0	0.154	0.5153
2.0	0.1719	0.5153
4.0	0.1623	0.5153
2.0	0.1668	0.5153
2.0	0.1783	0.5153
2.0	0.1484	0.5153
3.0	0.1744	0.5153
1.0	0.1671	0.5153
2.0	0.172	0.5153
2.0	0.1433	0.5153
1.0	0.1451	0.5153
1.0	0.1656	0.5153
3.0	0.1789	0.5153
1.0	0.1816	0.5153
4.0	0.1613	0.5153
3.0	0.1655	0.5153
1.0	0.1745	0.5153
1.0	0.143	0.5153
2.0	0.1619	0.5153
1.0	0.1791	0.5153
1.0	0.1531	0.5153
1.0	0.1566	0.5153
1.0	0.161	0.5153
3.0	0.1686	0.5153
2.0	0.1642	0.5153
3.0	0.1707	0.5153
2.0	0.1479	0.5151
3.0	0.1519	0.5151
1.0	0.1465	0.5151
2.0	0.17	0.5151
7.0	0.1719	0.5151
5.0	0.1671	0.5151
1.0	0.1567	0.5151
2.0	0.1624	0.5151
1.0	0.1441	0.5151
1.0	0.1537	0.5151
4.0	0.1727	0.5151
1.0	0.1652	0.5151
1.0	0.1473	0.5151
2.0	0.1538	0.5151
2.0	0.1691	0.5151
3.0	0.1523	0.5151
2.0	0.1508	0.5151
1.0	0.1453	0.5151
2.0	0.1509	0.5151
3.0	0.1719	0.5151
1.0	0.1781	0.5151
2.0	0.188	0.5151
3.0	0.1789	0.5151
1.0	0.1495	0.5124
3.0	0.1587	0.5124
1.0	0.1472	0.5124
1.0	0.1556	0.5124
2.0	0.1615	0.5124
1.0	0.1679	0.5124
2.0	0.1472	0.5124
4.0	0.1652	0.5124
1.0	0.165	0.5124
4.0	0.1695	0.5124
1.0	0.1718	0.5124
1.0	0.1346	0.5124
1.0	0.1351	0.5124
1.0	0.1512	0.5124
1.0	0.1704	0.5124
1.0	0.1359	0.5124
1.0	0.1413	0.5124
1.0	0.1453	0.5124
1.0	0.1632	0.5124
1.0	0.1789	0.5124
1.0	0.159	0.5124
1.0	0.1478	0.5124
2.0	0.1536	0.5124
3.0	0.1693	0.5124
1.0	0.1821	0.5124
2.0	0.1731	0.5124
1.0	0.1656	0.5124
2.0	0.1721	0.5124
1.0	0.1819	0.5124
4.0	0.1601	0.5113
1.0	0.158	0.5113
3.0	0.1495	0.5113
3.0	0.1502	0.5113
2.0	0.1556	0.5113
1.0	0.1507	0.5113
1.0	0.1567	0.5113
4.0	0.1764	0.5113
3.0	0.17	0.5113
4.0	0.1658	0.5113
3.0	0.1724	0.5113
2.0	0.1927	0.5113
1.0	0.1843	0.5113
1.0	0.1429	0.5113
2.0	0.1631	0.5113
1.0	0.1623	0.5113
1.0	0.1523	0.5113
2.0	0.1594	0.5113
1.0	0.1542	0.5113
1.0	0.1608	0.5113
2.0	0.1656	0.5113
2.0	0.1662	0.5073
2.0	0.1836	0.5073
8.0	0.1683	0.5073
1.0	0.1375	0.5073
7.0	0.1725	0.5073
1.0	0.1494	0.5073
2.0	0.1546	0.5073
1.0	0.1567	0.5073
4.0	0.1614	0.5073
1.0	0.15	0.5073
3.0	0.1619	0.5073
4.0	0.1919	0.5073
1.0	0.1913	0.5073
1.0	0.1477	0.5073
1.0	0.1484	0.5073
3.0	0.1583	0.5073
1.0	0.156	0.5073
1.0	0.1772	0.5073
4.0	0.1605	0.5073
1.0	0.1536	0.5073
4.0	0.1726	0.5073
2.0	0.1631	0.5073
1.0	0.1684	0.5073
2.0	0.1738	0.5073
4.0	0.1564	0.5069
2.0	0.1582	0.5069
2.0	0.165	0.5069
1.0	0.1367	0.5069
5.0	0.1603	0.5069
1.0	0.1387	0.5069
1.0	0.1571	0.5069
2.0	0.1555	0.5069
1.0	0.1545	0.5069
1.0	0.1599	0.5069
3.0	0.172	0.5069
2.0	0.1727	0.5069
2.0	0.1423	0.5069
3.0	0.1484	0.5069
1.0	0.154	0.5069
1.0	0.1612	0.5069
1.0	0.1469	0.5069
2.0	0.152	0.5069
2.0	0.1736	0.5069
2.0	0.1474	0.5069
1.0	0.1473	0.5069
4.0	0.162	0.5069
1.0	0.1539	0.5069
1.0	0.1679	0.5069
2.0	0.1619	0.5069
1.0	0.1641	0.5069
1.0	0.1674	0.5069
2.0	0.1426	0.5057
2.0	0.1457	0.5057
2.0	0.1557	0.5057
2.0	0.1569	0.5057
5.0	0.1721	0.5057
2.0	0.1722	0.5057
1.0	0.1781	0.5057
1.0	0.1395	0.5057
2.0	0.1571	0.5057
3.0	0.1634	0.5057
1.0	0.1583	0.5057
2.0	0.1634	0.5057
1.0	0.148	0.5057
2.0	0.154	0.5057
1.0	0.1584	0.5057
2.0	0.1834	0.5057
1.0	0.1601	0.5057
2.0	0.1736	0.5057
1.0	0.1478	0.5057
1.0	0.1789	0.5057
1.0	0.1577	0.5057
2.0	0.1634	0.5057
2.0	0.1488	0.5048
4.0	0.1735	0.5048
1.0	0.1556	0.5048
3.0	0.1685	0.5048
2.0	0.1771	0.5048
1.0	0.1384	0.5048
1.0	0.1512	0.5048
1.0	0.1717	0.5048
2.0	0.1795	0.5048
1.0	0.1987	0.5048
1.0	0.136	0.5048
2.0	0.151	0.5048
3.0	0.1688	0.5048
2.0	0.1789	0.5048
2.0	0.148	0.5048
1.0	0.1585	0.5048
3.0	0.1732	0.5048
1.0	0.1727	0.5048
2.0	0.181	0.5048
2.0	0.1785	0.5048
1.0	0.1622	0.5048
2.0	0.1525	0.5048
2.0	0.1803	0.5048
1.0	0.1422	0.3893
2.0	0.1541	0.3893
4.0	0.1648	0.3893
2.0	0.1659	0.3893
2.0	0.1784	0.3893
2.0	0.1409	0.3893
2.0	0.146	0.3893
3.0	0.1522	0.3893
1.0	0.1435	0.3893
1.0	0.1591	0.3893
3.0	0.1761	0.3893
2.0	0.1663	0.3893
3.0	0.1719	0.3893
5.0	0.1675	0.3893
2.0	0.1491	0.3893
1.0	0.1497	0.3893
3.0	0.1736	0.3893
1.0	0.1712	0.3893
1.0	0.138	0.3893
3.0	0.1496	0.3893
2.0	0.1566	0.3893
5.0	0.1794	0.3893
4.0	0.167	0.3893
1.0	0.1664	0.3893
1.0	0.152	0.3893
3.0	0.1578	0.3893
2.0	0.1666	0.3893
1.0	0.1599	0.3893
1.0	0.167	0.3893
2.0	0.174	0.3893
1.0	0.1532	0.3893
2.0	0.1597	0.3893
1.0	0.1627	0.3893
1.0	0.1698	0.3893
3.0	0.1619	0.3884
4.0	0.1682	0.3884
3.0	0.1519	0.3884
1.0	0.1452	0.3884
2.0	0.1737	0.3884
1.0	0.1338	0.3884
5.0	0.1505	0.3884
1.0	0.1469	0.3884
3.0	0.1563	0.3884
5.0	0.1578	0.3884
2.0	0.1461	0.3884
1.0	0.1419	0.3884
2.0	0.1526	0.3884
2.0	0.1661	0.3884
1.0	0.1611	0.3884
2.0	0.1655	0.3884
4.0	0.1762	0.3884
4.0	0.1562	0.3884
3.0	0.1902	0.3884
1.0	0.1386	0.3884
2.0	0.1444	0.3884
2.0	0.1503	0.3884
3.0	0.1564	0.3884
2.0	0.1487	0.3884
3.0	0.163	0.3884
1.0	0.1937	0.3884
1.0	0.1481	0.3884
2.0	0.1531	0.3884
3.0	0.1582	0.3884
4.0	0.1636	0.3884
1.0	0.1581	0.3884
2.0	0.1534	0.3884
1.0	0.1612	0.3884
1.0	0.139	0.3865
2.0	0.146	0.3865
1.0	0.143	0.3865
1.0	0.1512	0.3865
1.0	0.1803	0.3865
6.0	0.1602	0.3865
1.0	0.1616	0.3865
6.0	0.1613	0.3865
4.0	0.1594	0.3865
3.0	0.1622	0.3865
1.0	0.1604	0.3865
2.0	0.1669	0.3865
1.0	0.1916	0.3865
6.0	0.1664	0.3865
5.0	0.1629	0.3865
3.0	0.1554	0.3865
2.0	0.1581	0.3865
1.0	0.1661	0.3865
3.0	0.1586	0.3865
1.0	0.1516	0.3865
2.0	0.1538	0.3865
2.0	0.1588	0.3865
1.0	0.1572	0.3865
3.0	0.1711	0.3865
1.0	0.1477	0.3865
3.0	0.1648	0.3865
1.0	0.1657	0.3865
1.0	0.1418	0.3865
2.0	0.1598	0.3865
2.0	0.1661	0.3865
1.0	0.1701	0.3865
2.0	0.1571	0.3865
3.0	0.1597	0.3865
1.0	0.1573	0.3865
2.0	0.1913	0.3865
2.0	0.1574	0.3863
2.0	0.1577	0.3863
1.0	0.1598	0.3863
4.0	0.1875	0.3863
1.0	0.1853	0.3863
2.0	0.1989	0.3863
1.0	0.166	0.3863
2.0	0.1732	0.3863
1.0	0.146	0.3863
2.0	0.1566	0.3863
3.0	0.1631	0.3863
3.0	0.1656	0.3863
2.0	0.1603	0.3863
1.0	0.1355	0.3863
4.0	0.1595	0.3863
1.0	0.1636	0.3863
2.0	0.1804	0.3863
1.0	0.1409	0.3863
8.0	0.1866	0.3863
1.0	0.1613	0.3863
4.0	0.1726	0.3863
3.0	0.1608	0.3863
1.0	0.1626	0.3863
4.0	0.1914	0.3863
1.0	0.1706	0.3863
2.0	0.1792	0.3863
1.0	0.169	0.3863
3.0	0.1812	0.3863
1.0	0.1413	0.3843
2.0	0.1466	0.3843
3.0	0.1517	0.3843
4.0	0.1633	0.3843
3.0	0.168	0.3843
1.0	0.1587	0.3843
3.0	0.168	0.3843
4.0	0.1736	0.3843
2.0	0.174	0.3843
3.0	0.1817	0.3843
1.0	0.1912	0.3843
1.0	0.1385	0.3843
2.0	0.1452	0.3843
2.0	0.1489	0.3843
1.0	0.1501	0.3843
2.0	0.155	0.3843
4.0	0.1726	0.3843
1.0	0.1759	0.3843
2.0	0.149	0.3843
4.0	0.1602	0.3843
3.0	0.1593	0.3843
1.0	0.1511	0.3843
2.0	0.1795	0.3843
3.0	0.152	0.3843
6.0	0.1678	0.3843
2.0	0.1676	0.3843
2.0	0.1772	0.3843
1.0	0.1925	0.3843
2.0	0.1473	0.3843
3.0	0.1532	0.3843
3.0	0.1583	0.3843
2.0	0.1564	0.3843
5.0	0.1754	0.3843
1.0	0.1739	0.3843
3.0	0.1628	0.3843
1.0	0.1498	0.3843
2.0	0.1552	0.3843
3.0	0.164	0.3843
4.0	0.1687	0.3843
2.0	0.1923	0.3843
1.0	0.1579	0.3843
1.0	0.1633	0.3843
2.0	0.1684	0.3843
6.0	0.1726	0.3843
5.0	0.1745	0.3843
1.0	0.1665	0.3843
3.0	0.1952	0.3843
3.0	0.1801	0.3843
2.0	0.1438	0.3835
4.0	0.1538	0.3835
3.0	0.1541	0.3835
1.0	0.1457	0.3835
2.0	0.1637	0.3835
2.0	0.1757	0.3835
3.0	0.1867	0.3835
1.0	0.1818	0.3835
3.0	0.1485	0.3835
1.0	0.1428	0.3835
1.0	0.1534	0.3835
2.0	0.16	0.3835
4.0	0.1723	0.3835
1.0	0.1639	0.3835
2.0	0.1708	0.3835
2.0	0.1808	0.3835
2.0	0.1452	0.3835
3.0	0.1662	0.3835
4.0	0.1733	0.3835
1.0	0.1588	0.3835
2.0	0.1634	0.3835
1.0	0.1693	0.3835
6.0	0.1813	0.3835
2.0	0.1878	0.3835
1.0	0.1375	0.3835
1.0	0.1454	0.3835
2.0	0.1563	0.3835
1.0	0.1517	0.3835
4.0	0.1822	0.3835
2.0	0.1663	0.3835
1.0	0.1655	0.3835
2.0	0.1712	0.3835
2.0	0.1509	0.3835
3.0	0.1559	0.3835
6.0	0.1733	0.3835
2.0	0.1594	0.3835
4.0	0.1568	0.3835
1.0	0.1571	0.3835
1.0	0.1766	0.3835
2.0	0.1864	0.3835
3.0	0.1672	0.3835
4.0	0.17	0.3835
1.0	0.1798	0.3835
1.0	0.1668	0.3835
2.0	0.1724	0.3835
1.0	0.1948	0.3835
3.0	0.1656	0.3805
5.0	0.1544	0.3805
1.0	0.1474	0.3805
2.0	0.1593	0.3805
1.0	0.1461	0.3805
3.0	0.1508	0.3805
2.0	0.1466	0.3805
3.0	0.1527	0.3805
4.0	0.1591	0.3805
2.0	0.1505	0.3805
2.0	0.1558	0.3805
1.0	0.1564	0.3805
2.0	0.1706	0.3805
1.0	0.1699	0.3805
1.0	0.1514	0.3805
4.0	0.1713	0.3805
1.0	0.1613	0.3805
2.0	0.1468	0.3805
3.0	0.1521	0.3805
1.0	0.184	0.3805
1.0	0.1503	0.3805
1.0	0.1639	0.3805
2.0	0.1685	0.3805
1.0	0.1838	0.3805
1.0	0.1586	0.3805
1.0	0.1421	0.3802
3.0	0.1537	0.3802
1.0	0.1459	0.3802
2.0	0.1695	0.3802
2.0	0.1784	0.3802
1.0	0.1952	0.3802
2.0	0.1428	0.3802
4.0	0.1543	0.3802
5.0	0.1539	0.3802
1.0	0.1382	0.3802
2.0	0.144	0.3802
1.0	0.1451	0.3802
3.0	0.1617	0.3802
2.0	0.1604	0.3802
2.0	0.1656	0.3802
1.0	0.1677	0.3802
1.0	0.1376	0.3802
1.0	0.1481	0.3802
1.0	0.1512	0.3802
2.0	0.1662	0.3802
1.0	0.1726	0.3802
2.0	0.181	0.3802
1.0	0.135	0.3802
2.0	0.151	0.3802
1.0	0.1571	0.3802
1.0	0.1667	0.3802
3.0	0.1535	0.3802
7.0	0.1821	0.3802
1.0	0.1588	0.3802
1.0	0.1418	0.3802
1.0	0.1477	0.3802
1.0	0.1621	0.3802
2.0	0.1688	0.3802
4.0	0.1827	0.3802
1.0	0.1641	0.3802
3.0	0.1764	0.3802
2.0	0.1734	0.3802
3.0	0.1508	0.3793
4.0	0.1676	0.3793
1.0	0.1525	0.3793
2.0	0.1718	0.3793
2.0	0.1398	0.3793
1.0	0.1453	0.3793
1.0	0.1522	0.3793
1.0	0.1569	0.3793
1.0	0.1659	0.3793
2.0	0.1727	0.3793
1.0	0.1811	0.3793
1.0	0.1414	0.3793
1.0	0.1488	0.3793
4.0	0.1704	0.3793
3.0	0.1691	0.3793
1.0	0.1654	0.3793
1.0	0.1809	0.3793
1.0	0.1458	0.3793
2.0	0.1524	0.3793
4.0	0.1673	0.3793
3.0	0.1704	0.3793
1.0	0.163	0.3793
2.0	0.1654	0.3793
3.0	0.1481	0.3793
2.0	0.145	0.3793
2.0	0.1597	0.3793
2.0	0.1909	0.3793
3.0	0.1581	0.3793
3.0	0.1688	0.3793
2.0	0.1719	0.3793
2.0	0.1876	0.3793
2.0	0.1656	0.3793
3.0	0.1739	0.3793
1.0	0.1708	0.3793
1.0	0.2048	0.3793
3.0	0.1617	0.3786
5.0	0.1664	0.3786
7.0	0.1718	0.3786
4.0	0.1766	0.3786
3.0	0.1689	0.3786
3.0	0.1859	0.3786
1.0	0.1305	0.3786
4.0	0.1458	0.3786
3.0	0.1459	0.3786
1.0	0.1454	0.3786
3.0	0.159	0.3786
2.0	0.1563	0.3786
1.0	0.1586	0.3786
1.0	0.1507	0.3786
2.0	0.1635	0.3786
1.0	0.1706	0.3786
3.0	0.159	0.3786
1.0	0.1626	0.3786
1.0	0.1626	0.3786
5.0	0.1584	0.3786
2.0	0.1677	0.3786
2.0	0.1582	0.3786
3.0	0.1631	0.3786
3.0	0.1674	0.3786
1.0	0.1642	0.3786
4.0	0.1766	0.3786
2.0	0.1594	0.3786
1.0	0.1599	0.3786
2.0	0.1643	0.3786
1.0	0.1505	0.2595
1.0	0.1388	0.2595
6.0	0.1643	0.2595
7.0	0.1704	0.2595
3.0	0.1655	0.2595
1.0	0.1702	0.2595
3.0	0.1895	0.2595
1.0	0.1953	0.2595
5.0	0.1527	0.2595
3.0	0.1983	0.2595
4.0	0.1629	0.2595
1.0	0.1551	0.2595
2.0	0.1671	0.2595
1.0	0.1423	0.2595
2.0	0.1479	0.2595
1.0	0.1449	0.2595
3.0	0.1615	0.2595
2.0	0.1693	0.2595
3.0	0.1777	0.2595
2.0	0.1713	0.2595
3.0	0.1773	0.2595
1.0	0.1888	0.2595
1.0	0.1388	0.2595
3.0	0.1499	0.2595
4.0	0.1722	0.2595
2.0	0.1833	0.2595
3.0	0.1949	0.2595
1.0	0.1424	0.2595
2.0	0.1484	0.2595
5.0	0.1674	0.2595
1.0	0.1517	0.2595
4.0	0.166	0.2595
4.0	0.185	0.2595
1.0	0.1661	0.2595
2.0	0.1724	0.2595
1.0	0.1822	0.2595
1.0	0.1481	0.2595
4.0	0.1631	0.2595
3.0	0.1828	0.2595
2.0	0.1904	0.2595
3.0	0.166	0.2595
2.0	0.178	0.2595
1.0	0.1983	0.2595
1.0	0.1508	0.2589
2.0	0.1527	0.2589
3.0	0.1853	0.2589
1.0	0.1442	0.2589
2.0	0.1497	0.2589
4.0	0.1612	0.2589
1.0	0.1516	0.2589
2.0	0.1639	0.2589
1.0	0.1653	0.2589
2.0	0.1705	0.2589
1.0	0.1893	0.2589
3.0	0.1463	0.2589
6.0	0.1593	0.2589
3.0	0.1523	0.2589
5.0	0.1654	0.2589
2.0	0.1477	0.2589
4.0	0.1619	0.2589
2.0	0.1568	0.2589
2.0	0.1932	0.2589
2.0	0.1395	0.2589
3.0	0.1439	0.2589
5.0	0.1614	0.2589
1.0	0.1431	0.2589
1.0	0.1488	0.2589
3.0	0.1614	0.2589
4.0	0.1686	0.2589
1.0	0.155	0.2589
2.0	0.1633	0.2589
3.0	0.1729	0.2589
2.0	0.1601	0.2589
3.0	0.1693	0.2589
1.0	0.1705	0.2589
1.0	0.1923	0.2589
4.0	0.1556	0.2589
1.0	0.1442	0.2589
2.0	0.1546	0.2589
2.0	0.1581	0.2589
3.0	0.1704	0.2589
1.0	0.1718	0.2589
2.0	0.1573	0.2589
3.0	0.1627	0.2589
2.0	0.1742	0.2589
1.0	0.178	0.2589
5.0	0.1714	0.2589
2.0	0.1798	0.2589
1.0	0.1531	0.2589
2.0	0.1575	0.2589
2.0	0.1861	0.2589
2.0	0.1448	0.2577
1.0	0.1493	0.2577
2.0	0.1548	0.2577
3.0	0.1796	0.2577
4.0	0.1465	0.2577
5.0	0.1552	0.2577
1.0	0.1502	0.2577
1.0	0.1537	0.2577
3.0	0.1728	0.2577
4.0	0.1503	0.2577
3.0	0.1538	0.2577
3.0	0.1533	0.2577
1.0	0.1503	0.2577
4.0	0.169	0.2577
3.0	0.1806	0.2577
2.0	0.1436	0.2577
3.0	0.149	0.2577
3.0	0.1628	0.2577
4.0	0.1698	0.2577
3.0	0.1793	0.2577
1.0	0.1841	0.2577
1.0	0.1494	0.2577
4.0	0.1662	0.2577
2.0	0.1626	0.2577
2.0	0.1966	0.2577
3.0	0.1556	0.2577
6.0	0.1751	0.2577
4.0	0.1733	0.2577
2.0	0.1849	0.2577
1.0	0.1527	0.2577
3.0	0.1663	0.2577
2.0	0.1714	0.2577
3.0	0.1783	0.2577
2.0	0.1888	0.2577
2.0	0.1627	0.2577
3.0	0.1825	0.2577
3.0	0.1642	0.2577
5.0	0.1829	0.2577
6.0	0.1988	0.2577
2.0	0.1553	0.2577
3.0	0.1769	0.2577
2.0	0.1801	0.2577
2.0	0.1998	0.2577
3.0	0.1637	0.2575
1.0	0.1415	0.2575
3.0	0.1544	0.2575
3.0	0.1559	0.2575
1.0	0.1522	0.2575
3.0	0.1635	0.2575
3.0	0.1763	0.2575
4.0	0.1554	0.2575
3.0	0.1822	0.2575
2.0	0.2017	0.2575
1.0	0.135	0.2575
6.0	0.1639	0.2575
5.0	0.1703	0.2575
2.0	0.1513	0.2575
2.0	0.1715	0.2575
3.0	0.1792	0.2575
4.0	0.1681	0.2575
4.0	0.1685	0.2575
4.0	0.1581	0.2575
1.0	0.143	0.2575
2.0	0.1479	0.2575
3.0	0.1527	0.2575
1.0	0.1462	0.2575
3.0	0.1553	0.2575
2.0	0.162	0.2575
2.0	0.1654	0.2575
2.0	0.1896	0.2575
2.0	0.1509	0.2575
7.0	0.1872	0.2575
7.0	0.1714	0.2575
1.0	0.16	0.2575
1.0	0.1488	0.2575
2.0	0.1588	0.2575
2.0	0.1699	0.2575
2.0	0.1692	0.2575
4.0	0.1881	0.2575
2.0	0.1745	0.2575
1.0	0.1493	0.2562
2.0	0.1535	0.2562
5.0	0.1858	0.2562
3.0	0.1433	0.2562
3.0	0.1421	0.2562
3.0	0.1501	0.2562
5.0	0.1601	0.2562
1.0	0.1423	0.2562
1.0	0.1472	0.2562
2.0	0.1521	0.2562
3.0	0.16	0.2562
4.0	0.1654	0.2562
5.0	0.1715	0.2562
4.0	0.1903	0.2562
2.0	0.185	0.2562
3.0	0.1988	0.2562
1.0	0.1332	0.2562
1.0	0.1385	0.2562
6.0	0.1831	0.2562
3.0	0.1453	0.2562
2.0	0.1576	0.2562
3.0	0.1628	0.2562
1.0	0.1549	0.2562
2.0	0.1405	0.2562
5.0	0.1659	0.2562
5.0	0.1781	0.2562
1.0	0.1608	0.2562
2.0	0.1654	0.2562
2.0	0.182	0.2562
1.0	0.1376	0.2562
1.0	0.1438	0.2562
5.0	0.1742	0.2562
1.0	0.1527	0.2562
2.0	0.1577	0.2562
4.0	0.169	0.2562
1.0	0.1556	0.2562
2.0	0.1688	0.2562
2.0	0.1493	0.2562
2.0	0.1635	0.2562
3.0	0.1711	0.2562
1.0	0.1702	0.2562
2.0	0.1753	0.2562
3.0	0.1816	0.2562
2.0	0.1633	0.2562
2.0	0.1995	0.2562
3.0	0.1619	0.2562
1.0	0.1566	0.2562
3.0	0.1814	0.2562
2.0	0.1941	0.2562
1.0	0.1501	0.2557
3.0	0.1569	0.2557
1.0	0.1674	0.2557
2.0	0.1949	0.2557
1.0	0.1325	0.2557
2.0	0.1434	0.2557
1.0	0.1557	0.2557
2.0	0.1607	0.2557
3.0	0.1793	0.2557
1.0	0.1383	0.2557
2.0	0.144	0.2557
5.0	0.1607	0.2557
7.0	0.1743	0.2557
4.0	0.1539	0.2557
1.0	0.1493	0.2557
1.0	0.1544	0.2557
5.0	0.1604	0.2557
4.0	0.1707	0.2557
2.0	0.1557	0.2557
2.0	0.1624	0.2557
3.0	0.1688	0.2557
4.0	0.1541	0.2557
6.0	0.1728	0.2557
5.0	0.1666	0.2557
1.0	0.1479	0.2557
3.0	0.1622	0.2557
4.0	0.1688	0.2557
2.0	0.1646	0.2557
1.0	0.1802	0.2557
2.0	0.1492	0.2557
5.0	0.1719	0.2557
1.0	0.1541	0.2557
3.0	0.1836	0.2557
2.0	0.1764	0.2557
4.0	0.178	0.2557
4.0	0.1767	0.2557
5.0	0.1896	0.2557
5.0	0.1768	0.2557
3.0	0.1709	0.2557
2.0	0.1651	0.2557
3.0	0.1717	0.2557
3.0	0.1792	0.2557
4.0	0.1882	0.2557
1.0	0.1538	0.2536
3.0	0.1651	0.2536
5.0	0.18	0.2536
3.0	0.1982	0.2536
5.0	0.1605	0.2536
3.0	0.1603	0.2536
5.0	0.1706	0.2536
2.0	0.1622	0.2536
3.0	0.1683	0.2536
4.0	0.1755	0.2536
5.0	0.1847	0.2536
1.0	0.1604	0.2536
3.0	0.1974	0.2536
1.0	0.1939	0.2536
5.0	0.1661	0.2536
1.0	0.1443	0.2536
1.0	0.1521	0.2536
3.0	0.1624	0.2536
2.0	0.1618	0.2536
3.0	0.1678	0.2536
3.0	0.1794	0.2536
2.0	0.177	0.2536
1.0	0.1404	0.2536
1.0	0.1421	0.2536
4.0	0.169	0.2536
2.0	0.1533	0.2536
3.0	0.1605	0.2536
4.0	0.1655	0.2536
2.0	0.1657	0.2536
2.0	0.1885	0.2536
1.0	0.1414	0.2536
7.0	0.183	0.2536
2.0	0.1985	0.2536
2.0	0.1479	0.2536
3.0	0.152	0.2536
2.0	0.1512	0.2536
1.0	0.1583	0.2536
3.0	0.1737	0.2536
4.0	0.1801	0.2536
3.0	0.1803	0.2536
1.0	0.1393	0.2535
3.0	0.1507	0.2535
2.0	0.1502	0.2535
3.0	0.1648	0.2535
3.0	0.1736	0.2535
4.0	0.1532	0.2535
4.0	0.1705	0.2535
2.0	0.1633	0.2535
2.0	0.17	0.2535
2.0	0.187	0.2535
5.0	0.1613	0.2535
5.0	0.1683	0.2535
4.0	0.1545	0.2535
5.0	0.1609	0.2535
2.0	0.1432	0.2535
4.0	0.154	0.2535
5.0	0.1571	0.2535
2.0	0.153	0.2535
5.0	0.1692	0.2535
2.0	0.1559	0.2535
3.0	0.172	0.2535
4.0	0.179	0.2535
4.0	0.1633	0.2535
6.0	0.1792	0.2535
3.0	0.1659	0.2535
2.0	0.1905	0.2535
2.0	0.1599	0.2535
3.0	0.1665	0.2535
4.0	0.1743	0.2535
1.0	0.2089	0.2535
2.0	0.1582	0.2535
3.0	0.1768	0.2535
1.0	0.173	0.2535
1.0	0.1583	0.2535
2.0	0.1982	0.2535
1.0	0.1565	0.2535
2.0	0.1702	0.2535
1.0	0.2027	0.2535
1.0	0.1493	0.2529
3.0	0.1581	0.2529
4.0	0.1518	0.2529
8.0	0.1725	0.2529
3.0	0.1506	0.2529
4.0	0.1555	0.2529
6.0	0.1678	0.2529
3.0	0.1615	0.2529
4.0	0.1665	0.2529
2.0	0.1648	0.2529
3.0	0.1714	0.2529
2.0	0.1861	0.2529
5.0	0.1614	0.2529
2.0	0.1623	0.2529
3.0	0.1679	0.2529
2.0	0.1887	0.2529
4.0	0.151	0.2529
6.0	0.1741	0.2529
2.0	0.1564	0.2529
4.0	0.1704	0.2529
3.0	0.1667	0.2529
4.0	0.1511	0.2529
3.0	0.1538	0.2529
2.0	0.1497	0.2529
4.0	0.1691	0.2529
4.0	0.1758	0.2529
2.0	0.1935	0.2529
1.0	0.1405	0.2529
3.0	0.15	0.2529
5.0	0.1595	0.2529
3.0	0.1591	0.2529
4.0	0.1666	0.2529
3.0	0.1603	0.2529
1.0	0.1757	0.2529
3.0	0.1596	0.2529
4.0	0.1665	0.2529
5.0	0.1747	0.2529
2.0	0.1516	0.2529
1.0	0.1541	0.2529
2.0	0.1591	0.2529
4.0	0.1707	0.2529
6.0	0.188	0.2529
1.0	0.1683	0.2529
1.0	0.1555	0.2529
1.0	0.1655	0.2529
3.0	0.1839	0.2529
2.0	0.1529	0.2529
1.0	0.1574	0.2529
1.0	0.1468	0.2529
3.0	0.1549	0.2529
3.0	0.1699	0.2529
3.0	0.1763	0.2529
2.0	0.1863	0.2529
2.0	0.1782	0.2529
3.0	0.1881	0.2529
2.0	0.1561	0.2524
2.0	0.1487	0.2524
6.0	0.1737	0.2524
1.0	0.1445	0.2524
2.0	0.1583	0.2524
1.0	0.1704	0.2524
5.0	0.1555	0.2524
4.0	0.1509	0.2524
4.0	0.1558	0.2524
1.0	0.1414	0.2524
3.0	0.1544	0.2524
1.0	0.143	0.2524
3.0	0.1525	0.2524
5.0	0.1624	0.2524
6.0	0.1719	0.2524
1.0	0.1483	0.2524
2.0	0.1536	0.2524
3.0	0.1625	0.2524
2.0	0.1648	0.2524
3.0	0.1827	0.2524
3.0	0.1484	0.2524
4.0	0.1544	0.2524
7.0	0.1669	0.2524
1.0	0.143	0.2524
2.0	0.1492	0.2524
1.0	0.1455	0.2524
4.0	0.1625	0.2524
2.0	0.154	0.2524
3.0	0.1901	0.2524
1.0	0.2106	0.2524
3.0	0.154	0.2524
3.0	0.1519	0.2524
4.0	0.1657	0.2524
1.0	0.1494	0.2524
2.0	0.1686	0.2524
3.0	0.1757	0.2524
3.0	0.1557	0.2524
3.0	0.1878	0.2524
2.0	0.1471	0.2524
1.0	0.1438	0.2524
1.0	0.176	0.2524
2.0	0.1847	0.2524
1.0	0.1535	0.2524
2.0	0.1624	0.2524
3.0	0.1744	0.2524
1.0	0.1721	0.2524
3.0	0.1918	0.2524
2.0	0.1557	0.1298
4.0	0.1539	0.1298
3.0	0.1511	0.1298
1.0	0.1492	0.1298
1.0	0.1541	0.1298
4.0	0.1722	0.1298
2.0	0.1376	0.1298
4.0	0.1586	0.1298
5.0	0.1656	0.1298
2.0	0.1483	0.1298
3.0	0.1529	0.1298
6.0	0.1642	0.1298
4.0	0.1885	0.1298
1.0	0.1614	0.1298
4.0	0.1785	0.1298
2.0	0.1843	0.1298
3.0	0.1558	0.1298
5.0	0.1711	0.1298
1.0	0.1433	0.1298
1.0	0.1465	0.1298
2.0	0.1514	0.1298
4.0	0.1636	0.1298
4.0	0.1721	0.1298
5.0	0.1798	0.1298
3.0	0.1863	0.1298
2.0	0.1402	0.1298
4.0	0.1554	0.1298
3.0	0.1535	0.1298
2.0	0.1506	0.1298
4.0	0.1627	0.1298
6.0	0.1779	0.1298
2.0	0.1508	0.1298
4.0	0.1704	0.1298
2.0	0.1607	0.1298
3.0	0.1662	0.1298
2.0	0.209	0.1298
4.0	0.1554	0.1298
5.0	0.1611	0.1298
1.0	0.1427	0.1298
2.0	0.15	0.1298
5.0	0.1769	0.1298
4.0	0.1877	0.1298
7.0	0.1623	0.1298
4.0	0.1631	0.1298
5.0	0.1689	0.1298
2.0	0.1562	0.1298
2.0	0.1529	0.1298
5.0	0.1689	0.1298
2.0	0.1607	0.1298
4.0	0.1719	0.1298
2.0	0.1675	0.1298
4.0	0.1799	0.1298
2.0	0.1949	0.1298
1.0	0.1402	0.1295
2.0	0.1454	0.1295
2.0	0.1498	0.1295
3.0	0.1656	0.1295
7.0	0.1578	0.1295
5.0	0.1676	0.1295
2.0	0.1516	0.1295
5.0	0.1666	0.1295
2.0	0.1564	0.1295
2.0	0.2065	0.1295
1.0	0.1344	0.1295
3.0	0.1453	0.1295
6.0	0.1733	0.1295
3.0	0.1535	0.1295
1.0	0.1444	0.1295
6.0	0.1766	0.1295
1.0	0.1458	0.1295
3.0	0.1556	0.1295
6.0	0.1811	0.1295
3.0	0.1742	0.1295
4.0	0.1849	0.1295
3.0	0.1704	0.1295
3.0	0.1474	0.1295
4.0	0.1519	0.1295
6.0	0.1671	0.1295
2.0	0.1549	0.1295
4.0	0.1856	0.1295
1.0	0.1593	0.1295
2.0	0.1641	0.1295
4.0	0.1755	0.1295
2.0	0.2124	0.1295
5.0	0.1616	0.1295
5.0	0.1549	0.1295
1.0	0.1444	0.1295
1.0	0.1525	0.1295
2.0	0.1586	0.1295
1.0	0.1603	0.1295
2.0	0.165	0.1295
2.0	0.1804	0.1295
3.0	0.1925	0.1295
2.0	0.2128	0.1295
4.0	0.1686	0.1295
5.0	0.1756	0.1295
6.0	0.1846	0.1295
3.0	0.184	0.1295
1.0	0.1481	0.1295
3.0	0.1589	0.1295
2.0	0.1594	0.1295
2.0	0.1668	0.1295
4.0	0.1815	0.1295
3.0	0.1884	0.1295
1.0	0.1591	0.1295
3.0	0.1676	0.1295
5.0	0.1787	0.1295
3.0	0.2027	0.1295
1.0	0.1515	0.1288
5.0	0.1687	0.1288
2.0	0.1473	0.1288
2.0	0.1512	0.1288
5.0	0.1661	0.1288
4.0	0.1701	0.1288
1.0	0.1647	0.1288
4.0	0.1505	0.1288
7.0	0.1628	0.1288
2.0	0.1459	0.1288
5.0	0.1558	0.1288
2.0	0.1533	0.1288
4.0	0.1621	0.1288
3.0	0.1688	0.1288
3.0	0.1466	0.1288
4.0	0.1522	0.1288
2.0	0.142	0.1288
7.0	0.1675	0.1288
2.0	0.1502	0.1288
3.0	0.1564	0.1288
2.0	0.1594	0.1288
1.0	0.1562	0.1288
2.0	0.1884	0.1288
4.0	0.1556	0.1288
3.0	0.1504	0.1288
5.0	0.1771	0.1288
2.0	0.1512	0.1288
5.0	0.1639	0.1288
1.0	0.1523	0.1288
3.0	0.1626	0.1288
5.0	0.1754	0.1288
2.0	0.1617	0.1288
3.0	0.1671	0.1288
4.0	0.184	0.1288
1.0	0.1742	0.1288
3.0	0.1887	0.1288
6.0	0.1685	0.1288
6.0	0.1708	0.1288
4.0	0.1647	0.1288
3.0	0.168	0.1288
3.0	0.2087	0.1288
3.0	0.1564	0.1288
6.0	0.1768	0.1288
4.0	0.1818	0.1288
2.0	0.1638	0.1288
3.0	0.1679	0.1288
3.0	0.2042	0.1288
2.0	0.1534	0.1288
2.0	0.2052	0.1288
2.0	0.1536	0.1288
3.0	0.158	0.1288
6.0	0.1738	0.1288
7.0	0.174	0.1288
1.0	0.1655	0.1288
1.0	0.1462	0.1288
3.0	0.1567	0.1288
3.0	0.1607	0.1288
2.0	0.1578	0.1288
3.0	0.1621	0.1288
4.0	0.1802	0.1288
1.0	0.1723	0.1288
3.0	0.1859	0.1288
2.0	0.1395	0.1288
3.0	0.145	0.1288
5.0	0.1557	0.1288
2.0	0.1399	0.1288
1.0	0.1395	0.1288
1.0	0.1429	0.1288
6.0	0.1724	0.1288
2.0	0.1561	0.1288
4.0	0.184	0.1288
2.0	0.1732	0.1288
2.0	0.2138	0.1288
3.0	0.1497	0.1288
4.0	0.1545	0.1288
1.0	0.1428	0.1288
1.0	0.1457	0.1288
4.0	0.1603	0.1288
6.0	0.1719	0.1288
1.0	0.1532	0.1288
1.0	0.1574	0.1288
2.0	0.1618	0.1288
2.0	0.1973	0.1288
8.0	0.1706	0.1288
2.0	0.1431	0.1288
5.0	0.1594	0.1288
1.0	0.1389	0.1288
2.0	0.1441	0.1288
2.0	0.1517	0.1288
2.0	0.1499	0.1288
3.0	0.1595	0.1288
2.0	0.1545	0.1288
3.0	0.1598	0.1288
4.0	0.1654	0.1288
5.0	0.1726	0.1288
2.0	0.1576	0.1288
3.0	0.1674	0.1288
5.0	0.1795	0.1288
2.0	0.1716	0.1288
1.0	0.1383	0.1288
2.0	0.1436	0.1288
1.0	0.1447	0.1288
4.0	0.166	0.1288
4.0	0.1803	0.1288
2.0	0.1691	0.1288
4.0	0.1872	0.1288
3.0	0.2014	0.1288
8.0	0.1668	0.1288
2.0	0.1476	0.1288
2.0	0.152	0.1288
4.0	0.161	0.1288
3.0	0.1635	0.1288
1.0	0.1578	0.1288
4.0	0.1713	0.1288
3.0	0.2048	0.1288
3.0	0.1672	0.1288
4.0	0.1759	0.1288
3.0	0.1695	0.1288
5.0	0.1887	0.1288
2.0	0.1756	0.1288
4.0	0.1724	0.1288
2.0	0.1627	0.1288
5.0	0.1845	0.1288
2.0	0.17	0.1288
3.0	0.1951	0.1288
2.0	0.2113	0.1281
1.0	0.1315	0.1281
4.0	0.1488	0.1281
5.0	0.1543	0.1281
6.0	0.1656	0.1281
1.0	0.1443	0.1281
5.0	0.1796	0.1281
2.0	0.1715	0.1281
2.0	0.1386	0.1281
2.0	0.1533	0.1281
4.0	0.1659	0.1281
2.0	0.1567	0.1281
3.0	0.1627	0.1281
6.0	0.1884	0.1281
2.0	0.1637	0.1281
3.0	0.1715	0.1281
3.0	0.1672	0.1281
3.0	0.1899	0.1281
6.0	0.1635	0.1281
1.0	0.1399	0.1281
2.0	0.1448	0.1281
1.0	0.1423	0.1281
4.0	0.157	0.1281
2.0	0.1483	0.1281
4.0	0.1571	0.1281
7.0	0.1726	0.1281
2.0	0.1571	0.1281
3.0	0.1634	0.1281
1.0	0.162	0.1281
3.0	0.1741	0.1281
3.0	0.1862	0.1281
2.0	0.2106	0.1281
4.0	0.1593	0.1281
1.0	0.1511	0.1281
3.0	0.162	0.1281
6.0	0.1848	0.1281
1.0	0.1551	0.1281
2.0	0.1599	0.1281
3.0	0.1706	0.1281
4.0	0.1518	0.1281
3.0	0.1497	0.1281
3.0	0.1631	0.1281
2.0	0.1597	0.1281
3.0	0.1753	0.1281
2.0	0.1464	0.1281
3.0	0.1511	0.1281
4.0	0.1558	0.1281
3.0	0.1537	0.1281
4.0	0.1583	0.1281
2.0	0.154	0.1281
3.0	0.167	0.1281
4.0	0.1902	0.1281
4.0	0.1571	0.1281
3.0	0.1597	0.1281
4.0	0.1662	0.1281
6.0	0.1836	0.1281
4.0	0.1764	0.1281
3.0	0.1744	0.1281
4.0	0.1819	0.1281
5.0	0.1669	0.1281
1.0	0.1527	0.1281
2.0	0.1572	0.1281
5.0	0.1729	0.1281
2.0	0.1605	0.1281
3.0	0.1646	0.1281
1.0	0.1781	0.1281
2.0	0.1851	0.1281
1.0	0.1387	0.1278
5.0	0.1588	0.1278
2.0	0.1484	0.1278
1.0	0.1455	0.1278
2.0	0.157	0.1278
3.0	0.1621	0.1278
1.0	0.134	0.1278
1.0	0.1381	0.1278
4.0	0.1536	0.1278
4.0	0.1555	0.1278
3.0	0.1568	0.1278
5.0	0.1676	0.1278
3.0	0.1661	0.1278
4.0	0.191	0.1278
4.0	0.155	0.1278
2.0	0.1547	0.1278
4.0	0.1664	0.1278
2.0	0.1601	0.1278
5.0	0.1814	0.1278
2.0	0.1753	0.1278
3.0	0.1828	0.1278
2.0	0.1407	0.1278
5.0	0.1548	0.1278
3.0	0.1529	0.1278
2.0	0.1467	0.1278
4.0	0.1557	0.1278
5.0	0.1864	0.1278
1.0	0.1612	0.1278
5.0	0.1823	0.1278
3.0	0.1428	0.1278
1.0	0.1401	0.1278
2.0	0.1455	0.1278
3.0	0.1507	0.1278
4.0	0.1561	0.1278
1.0	0.1407	0.1278
5.0	0.1659	0.1278
2.0	0.1505	0.1278
3.0	0.1555	0.1278
3.0	0.1587	0.1278
1.0	0.1507	0.1278
1.0	0.1604	0.1278
3.0	0.173	0.1278
4.0	0.1814	0.1278
4.0	0.1869	0.1278
4.0	0.1634	0.1278
3.0	0.1544	0.1278
1.0	0.1459	0.1278
2.0	0.1591	0.1278
3.0	0.1667	0.1278
4.0	0.1717	0.1278
5.0	0.1798	0.1278
3.0	0.1865	0.1278
2.0	0.1946	0.1278
3.0	0.157	0.1278
4.0	0.1624	0.1278
3.0	0.1694	0.1278
3.0	0.1698	0.1278
2.0	0.1676	0.1278
3.0	0.2018	0.1278
2.0	0.1591	0.1278
3.0	0.1642	0.1278
2.0	0.1937	0.1278
1.0	0.1593	0.1278
4.0	0.1737	0.1268
3.0	0.1564	0.1268
6.0	0.1914	0.1268
2.0	0.1433	0.1268
2.0	0.1436	0.1268
2.0	0.1476	0.1268
5.0	0.1666	0.1268
6.0	0.173	0.1268
5.0	0.1726	0.1268
1.0	0.1513	0.1268
2.0	0.2159	0.1268
3.0	0.1437	0.1268
2.0	0.1446	0.1268
4.0	0.1572	0.1268
5.0	0.1641	0.1268
1.0	0.1404	0.1268
6.0	0.1742	0.1268
2.0	0.1459	0.1268
2.0	0.1499	0.1268
3.0	0.1555	0.1268
6.0	0.1756	0.1268
1.0	0.1457	0.1268
3.0	0.1552	0.1268
4.0	0.1602	0.1268
2.0	0.1571	0.1268
4.0	0.1748	0.1268
4.0	0.2007	0.1268
2.0	0.1459	0.1268
4.0	0.1568	0.1268
2.0	0.1469	0.1268
2.0	0.1543	0.1268
6.0	0.1917	0.1268
2.0	0.1559	0.1268
5.0	0.1712	0.1268
3.0	0.1706	0.1268
4.0	0.1575	0.1268
5.0	0.1633	0.1268
1.0	0.147	0.1268
3.0	0.1663	0.1268
4.0	0.1741	0.1268
2.0	0.1587	0.1268
4.0	0.1664	0.1268
2.0	0.165	0.1268
4.0	0.1561	0.1268
2.0	0.1638	0.1268
4.0	0.1775	0.1268
2.0	0.1971	0.1268
4.0	0.1738	0.1268
3.0	0.1588	0.1267
4.0	0.1637	0.1267
2.0	0.1479	0.1267
3.0	0.1518	0.1267
1.0	0.1521	0.1267
4.0	0.1904	0.1267
3.0	0.1894	0.1267
2.0	0.1437	0.1267
2.0	0.1441	0.1267
1.0	0.1487	0.1267
1.0	0.1496	0.1267
2.0	0.154	0.1267
4.0	0.1788	0.1267
5.0	0.1906	0.1267
1.0	0.1637	0.1267
3.0	0.202	0.1267
3.0	0.1442	0.1267
7.0	0.1755	0.1267
3.0	0.1485	0.1267
4.0	0.1619	0.1267
4.0	0.1685	0.1267
4.0	0.1745	0.1267
5.0	0.1843	0.1267
5.0	0.191	0.1267
3.0	0.1486	0.1267
2.0	0.1437	0.1267
3.0	0.1482	0.1267
1.0	0.1425	0.1267
4.0	0.1578	0.1267
3.0	0.158	0.1267
4.0	0.1633	0.1267
3.0	0.1607	0.1267
2.0	0.1577	0.1267
3.0	0.1616	0.1267
5.0	0.1704	0.1267
3.0	0.1928	0.1267
1.0	0.1374	0.1267
3.0	0.157	0.1267
7.0	0.162	0.1267
2.0	0.1613	0.1267
3.0	0.1824	0.1267
1.0	0.1801	0.1267
3.0	0.2084	0.1267
1.0	0.1413	0.1267
4.0	0.1597	0.1267
6.0	0.1747	0.1267
7.0	0.1852	0.1267
2.0	0.1521	0.1267
3.0	0.1569	0.1267
8.0	0.1936	0.1267
2.0	0.1642	0.1267
3.0	0.1703	0.1267
4.0	0.1776	0.1267
3.0	0.1501	0.1267
3.0	0.19	0.1267
1.0	0.1501	0.1267
3.0	0.1596	0.1267
3.0	0.1728	0.1267
1.0	0.1483	0.1267
2.0	0.1515	0.1267
4.0	0.1578	0.1267
3.0	0.1774	0.1267
2.0	0.1914	0.1267
2.0	0.1536	0.1264
4.0	0.1628	0.1264
6.0	0.1613	0.1264
2.0	0.1496	0.1264
3.0	0.1794	0.1264
4.0	0.1898	0.1264
1.0	0.1779	0.1264
2.0	0.1439	0.1264
1.0	0.1424	0.1264
1.0	0.1436	0.1264
1.0	0.1478	0.1264
2.0	0.1521	0.1264
3.0	0.1551	0.1264
1.0	0.1571	0.1264
4.0	0.1745	0.1264
3.0	0.1808	0.1264
5.0	0.1565	0.1264
1.0	0.1376	0.1264
2.0	0.1505	0.1264
2.0	0.1571	0.1264
2.0	0.1931	0.1264
2.0	0.1403	0.1264
5.0	0.1565	0.1264
4.0	0.1562	0.1264
4.0	0.1605	0.1264
5.0	0.179	0.1264
1.0	0.1553	0.1264
2.0	0.1615	0.1264
2.0	0.1716	0.1264
3.0	0.179	0.1264
4.0	0.189	0.1264
2.0	0.1453	0.1264
4.0	0.1547	0.1264
5.0	0.1754	0.1264
5.0	0.1755	0.1264
4.0	0.1781	0.1264
2.0	0.1677	0.1264
3.0	0.1731	0.1264
3.0	0.1943	0.1264
2.0	0.1418	0.1264
1.0	0.1413	0.1264
2.0	0.1533	0.1264
1.0	0.1477	0.1264
3.0	0.1555	0.1264
3.0	0.1714	0.1264
2.0	0.1735	0.1264
3.0	0.1797	0.1264
4.0	0.188	0.1264
2.0	0.1437	0.1264
4.0	0.1579	0.1264
6.0	0.1773	0.1264
1.0	0.1517	0.1264
2.0	0.1566	0.1264
5.0	0.1738	0.1264
4.0	0.1908	0.1264
3.0	0.2011	0.1264
2.0	0.156	0.1264
1.0	0.1639	0.1264
2.0	0.1696	0.1264
1.0	0.1774	0.1264
4.0	0.1846	0.1264
3.0	0.1712	0.1264
4.0	0.1778	0.1264
5.0	0.1865	0.1264
4.0	0.1748	0.1262
1.0	0.1336	0.1262
1.0	0.1353	0.1262
3.0	0.15	0.1262
5.0	0.162	0.1262
2.0	0.1479	0.1262
4.0	0.1613	0.1262
6.0	0.1782	0.1262
2.0	0.1503	0.1262
4.0	0.1649	0.1262
2.0	0.1567	0.1262
4.0	0.1689	0.1262
1.0	0.1522	0.1262
3.0	0.1605	0.1262
3.0	0.1719	0.1262
3.0	0.1901	0.1262
6.0	0.1636	0.1262
1.0	0.1347	0.1262
3.0	0.1444	0.1262
2.0	0.1529	0.1262
5.0	0.1733	0.1262
6.0	0.1831	0.1262
4.0	0.167	0.1262
4.0	0.162	0.1262
2.0	0.1701	0.1262
4.0	0.2025	0.1262
1.0	0.142	0.1262
6.0	0.1687	0.1262
3.0	0.162	0.1262
5.0	0.1931	0.1262
4.0	0.1604	0.1262
2.0	0.184	0.1262
3.0	0.1937	0.1262
4.0	0.1747	0.1262
5.0	0.1817	0.1262
1.0	0.1495	0.0
2.0	0.1451	0.0
6.0	0.1693	0.0
4.0	0.1596	0.0
2.0	0.1475	0.0
5.0	0.1608	0.0
3.0	0.1545	0.0
4.0	0.1848	0.0
3.0	0.1783	0.0
1.0	0.1325	0.0
2.0	0.1382	0.0
3.0	0.1485	0.0
5.0	0.1805	0.0
3.0	0.1585	0.0
4.0	0.1633	0.0
4.0	0.1875	0.0
3.0	0.1497	0.0
8.0	0.1856	0.0
1.0	0.1398	0.0
3.0	0.1561	0.0
6.0	0.1874	0.0
6.0	0.1994	0.0
3.0	0.1789	0.0
4.0	0.1869	0.0
3.0	0.1526	0.0
7.0	0.1853	0.0
3.0	0.144	0.0
7.0	0.1606	0.0
6.0	0.1582	0.0
3.0	0.1511	0.0
4.0	0.156	0.0
6.0	0.1668	0.0
5.0	0.1704	0.0
3.0	0.1571	0.0
4.0	0.1625	0.0
6.0	0.1756	0.0
4.0	0.1653	0.0
1.0	0.1422	0.0
5.0	0.1586	0.0
5.0	0.1842	0.0
3.0	0.1814	0.0
2.0	0.146	0.0
2.0	0.1526	0.0
5.0	0.1687	0.0
3.0	0.1636	0.0
4.0	0.1695	0.0
4.0	0.1875	0.0
1.0	0.1439	0.0
2.0	0.1548	0.0
3.0	0.1677	0.0
4.0	0.187	0.0
3.0	0.1808	0.0
4.0	0.1911	0.0
4.0	0.1708	0.0
1.0	0.1426	0.0
5.0	0.1781	0.0
6.0	0.1888	0.0
3.0	0.1758	0.0
1.0	0.134	0.0
3.0	0.1452	0.0
5.0	0.154	0.0
3.0	0.1506	0.0
1.0	0.149	0.0
5.0	0.1861	0.0
4.0	0.1954	0.0
1.0	0.1368	0.0
4.0	0.1629	0.0
5.0	0.1685	0.0
4.0	0.1705	0.0
5.0	0.1795	0.0
4.0	0.1696	0.0
5.0	0.1753	0.0
4.0	0.1897	0.0
3.0	0.2042	0.0
3.0	0.1503	0.0
5.0	0.1611	0.0
4.0	0.1549	0.0
6.0	0.1894	0.0
3.0	0.1553	0.0
4.0	0.1733	0.0
3.0	0.1757	0.0
5.0	0.1963	0.0
2.0	0.1466	0.0
5.0	0.1651	0.0
1.0	0.1504	0.0
2.0	0.1549	0.0
3.0	0.1597	0.0
4.0	0.1751	0.0
3.0	0.1699	0.0
4.0	0.1752	0.0
5.0	0.1689	0.0
1.0	0.1472	0.0
5.0	0.1966	0.0
4.0	0.1675	0.0
5.0	0.1755	0.0
3.0	0.1637	0.0
3.0	0.1912	0.0
1.0	0.1492	0.0
7.0	0.1764	0.0
1.0	0.1408	0.0
3.0	0.151	0.0
5.0	0.1614	0.0
2.0	0.1478	0.0
3.0	0.1525	0.0
4.0	0.1572	0.0
4.0	0.1536	0.0
3.0	0.1589	0.0
4.0	0.1641	0.0
3.0	0.1584	0.0
3.0	0.1697	0.0
4.0	0.1768	0.0
5.0	0.1861	0.0
4.0	0.1902	0.0
2.0	0.1918	0.0
2.0	0.137	0.0
7.0	0.1603	0.0
4.0	0.1504	0.0
2.0	0.1553	0.0
5.0	0.1732	0.0
5.0	0.1903	0.0
7.0	0.1675	0.0
2.0	0.1448	0.0
3.0	0.1499	0.0
5.0	0.1605	0.0
5.0	0.1654	0.0
1.0	0.1446	0.0
5.0	0.1772	0.0
1.0	0.1508	0.0
5.0	0.1644	0.0
2.0	0.138	0.0
1.0	0.1399	0.0
2.0	0.1449	0.0
2.0	0.1478	0.0
4.0	0.1576	0.0
2.0	0.1505	0.0
2.0	0.1566	0.0
3.0	0.1633	0.0
3.0	0.1665	0.0
4.0	0.189	0.0
3.0	0.1485	0.0
4.0	0.1538	0.0
6.0	0.1654	0.0
3.0	0.1491	0.0
3.0	0.1473	0.0
5.0	0.1748	0.0
3.0	0.155	0.0
4.0	0.1602	0.0
6.0	0.1724	0.0
2.0	0.1536	0.0
4.0	0.1658	0.0
2.0	0.1563	0.0
3.0	0.1612	0.0
1.0	0.1537	0.0
1.0	0.1582	0.0
4.0	0.1887	0.0
4.0	0.1537	0.0
6.0	0.1645	0.0
2.0	0.1441	0.0
2.0	0.1501	0.0
5.0	0.1677	0.0
3.0	0.1597	0.0
5.0	0.1733	0.0
5.0	0.1933	0.0
3.0	0.1769	0.0
7.0	0.1623	0.0
3.0	0.1489	0.0
6.0	0.1665	0.0
1.0	0.1456	0.0
2.0	0.1504	0.0
4.0	0.16	0.0
2.0	0.1585	0.0
4.0	0.1721	0.0
5.0	0.181	0.0
1.0	0.1542	0.0
2.0	0.1587	0.0
5.0	0.2019	0.0
2.0	0.1457	0.0
3.0	0.172	0.0
4.0	0.1921	0.0
4.0	0.1644	0.0
4.0	0.1756	0.0
4.0	0.1859	0.0
1.0	0.1583	0.0
4.0	0.1672	0.0
2.0	0.144	0.0
5.0	0.1589	0.0
4.0	0.1576	0.0
5.0	0.1631	0.0
6.0	0.1692	0.0
1.0	0.132	0.0
3.0	0.1428	0.0
6.0	0.1622	0.0
4.0	0.1577	0.0
1.0	0.1335	0.0
2.0	0.1386	0.0
2.0	0.1461	0.0
4.0	0.1598	0.0
6.0	0.1813	0.0
2.0	0.1483	0.0
4.0	0.1616	0.0
3.0	0.1587	0.0
5.0	0.169	0.0
2.0	0.1602	0.0
2.0	0.1778	0.0
1.0	0.1348	0.0
6.0	0.1575	0.0
5.0	0.1655	0.0
3.0	0.1556	0.0
5.0	0.1661	0.0
1.0	0.1517	0.0
2.0	0.1565	0.0
5.0	0.1733	0.0
4.0	0.1725	0.0
4.0	0.1891	0.0
4.0	0.1849	0.0
1.0	0.146	0.0
2.0	0.1609	0.0
5.0	0.1796	0.0
2.0	0.1701	0.0
4.0	0.2183	0.0
4.0	0.1606	0.0
1.0	0.1479	0.0
3.0	0.1746	0.0
5.0	0.2013	0.0
4.0	0.191	0.0
3.0	0.2109	0.0
1.0	0.1435	0.0
3.0	0.1519	0.0
3.0	0.1579	0.0
6.0	0.1757	0.0
3.0	0.205	0.0
3.0	0.1669	0.0
4.0	0.1753	0.0
5.0	0.1792	0.0
5.0	0.189	0.0
6.0	0.1846	0.0
1.0	0.1431	0.0
4.0	0.1572	0.0
5.0	0.1874	0.0
5.0	0.1821	0.0
4.0	0.1994	0.0
6.0	0.161	0.0
2.0	0.1407	0.0
2.0	0.1443	0.0
7.0	0.1769	0.0
1.0	0.1407	0.0
2.0	0.1454	0.0
4.0	0.1544	0.0
4.0	0.1602	0.0
5.0	0.1715	0.0
6.0	0.1797	0.0
5.0	0.1766	0.0
4.0	0.165	0.0
4.0	0.1976	0.0
5.0	0.1608	0.0
1.0	0.1374	0.0
3.0	0.1472	0.0
3.0	0.1555	0.0
4.0	0.1622	0.0
5.0	0.1697	0.0
3.0	0.1566	0.0
9.0	0.1776	0.0
3.0	0.1574	0.0
4.0	0.175	0.0
4.0	0.2103	0.0
2.0	0.1397	0.0
4.0	0.1603	0.0
4.0	0.1566	0.0
5.0	0.1744	0.0
1.0	0.1488	0.0
4.0	0.1833	0.0
4.0	0.1849	0.0
5.0	0.1988	0.0
3.0	0.1927	0.0
5.0	0.1579	0.0
5.0	0.1683	0.0
5.0	0.1661	0.0
3.0	0.1794	0.0
4.0	0.1924	0.0
3.0	0.1521	0.0
4.0	0.1572	0.0
1.0	0.1483	0.0
3.0	0.1559	0.0
1.0	0.1537	0.0
2.0	0.1578	0.0
4.0	0.1819	0.0
3.0	0.1977	0.0
4.0	0.1533	0.0
1.0	0.1486	0.0
4.0	0.1686	0.0
5.0	0.1801	0.0
5.0	0.1904	0.0
1.0	0.1548	0.0
5.0	0.1761	0.0
3.0	0.1691	0.0
2.0	0.1541	0.0
5.0	0.1691	0.0
2.0	0.141	0.0
3.0	0.145	0.0
4.0	0.157	0.0
3.0	0.1493	0.0
2.0	0.1524	0.0
3.0	0.1578	0.0
4.0	0.1757	0.0
2.0	0.1631	0.0
4.0	0.1924	0.0
5.0	0.1604	0.0
1.0	0.1401	0.0
4.0	0.1582	0.0
5.0	0.1632	0.0
6.0	0.1743	0.0
1.0	0.1524	0.0
7.0	0.184	0.0
3.0	0.1669	0.0
3.0	0.1794	0.0
5.0	0.153	0.0
1.0	0.136	0.0
2.0	0.1429	0.0
5.0	0.1554	0.0
1.0	0.1435	0.0
3.0	0.1545	0.0
5.0	0.1664	0.0
6.0	0.1735	0.0
1.0	0.1589	0.0
2.0	0.1629	0.0
4.0	0.1721	0.0
3.0	0.1462	0.0
4.0	0.1518	0.0
2.0	0.1399	0.0
3.0	0.1444	0.0
3.0	0.1495	0.0
2.0	0.1472	0.0
1.0	0.1469	0.0
2.0	0.1518	0.0
6.0	0.174	0.0
4.0	0.1706	0.0
5.0	0.1793	0.0
3.0	0.1627	0.0
7.0	0.1853	0.0
4.0	0.1822	0.0
4.0	0.1654	0.0
2.0	0.1492	0.0
4.0	0.1682	0.0
3.0	0.1651	0.0
4.0	0.171	0.0
6.0	0.1875	0.0
3.0	0.1935	0.0
3.0	0.1472	0.0
4.0	0.1543	0.0
2.0	0.1492	0.0
3.0	0.1546	0.0
5.0	0.1663	0.0
3.0	0.1608	0.0
5.0	0.176	0.0
5.0	0.1743	0.0
4.0	0.1836	0.0
5.0	0.1958	0.0
5.0	0.1607	0.0
7.0	0.1721	0.0
5.0	0.1631	0.0
7.0	0.1746	0.0
1.0	0.1493	0.0
3.0	0.1588	0.0
4.0	0.1806	0.0
2.0	0.1629	0.0
4.0	0.1717	0.0
1.0	0.1433	0.0
5.0	0.1739	0.0
1.0	0.1481	0.0
2.0	0.1521	0.0
5.0	0.1923	0.0
2.0	0.1529	0.0
7.0	0.1796	0.0
6.0	0.1801	0.0
2.0	0.1551	0.0
3.0	0.1603	0.0
5.0	0.1722	0.0
3.0	0.1488	0.0
5.0	0.1665	0.0
2.0	0.1512	0.0
5.0	0.1696	0.0
3.0	0.1701	0.0
4.0	0.1777	0.0
5.0	0.188	0.0
2.0	0.1384	0.0
3.0	0.1439	0.0
4.0	0.1493	0.0
8.0	0.1733	0.0
7.0	0.1629	0.0
5.0	0.1598	0.0
1.0	0.1471	0.0
3.0	0.1673	0.0
4.0	0.176	0.0
6.0	0.1901	0.0
3.0	0.1909	0.0
4.0	0.2085	0.0
6.0	0.167	0.0
5.0	0.1589	0.0
1.0	0.1428	0.0
6.0	0.1614	0.0
3.0	0.1603	0.0
5.0	0.1735	0.0
5.0	0.1823	0.0
3.0	0.1455	0.0
1.0	0.1408	0.0
2.0	0.1468	0.0
5.0	0.1658	0.0
3.0	0.1512	0.0
5.0	0.1731	0.0
6.0	0.1918	0.0
3.0	0.2039	0.0
2.0	0.1387	0.0
5.0	0.1571	0.0
6.0	0.1678	0.0
8.0	0.1844	0.0
1.0	0.1438	0.0
2.0	0.1491	0.0
4.0	0.1608	0.0
6.0	0.1732	0.0
4.0	0.1646	0.0
5.0	0.1712	0.0
5.0	0.1766	0.0
2.0	0.1561	0.0
3.0	0.1608	0.0
5.0	0.1715	0.0
5.0	0.1968	0.0
5.0	0.1933	0.0
3.0	0.178	0.0
1.0	0.1435	0.0
2.0	0.149	0.0
4.0	0.1757	0.0
5.0	0.1878	0.0
3.0	0.1652	0.0
4.0	0.2018	0.0
4.0	0.2028	0.0
3.0	0.2139	0.0
3.0	0.1522	0.0
1.0	0.147	0.0
4.0	0.1795	0.0
3.0	0.1738	0.0
4.0	0.1814	0.0
4.0	0.1773	0.0
4.0	0.1798	0.0
5.0	0.1841	0.0
1.0	0.1423	0.0
2.0	0.1519	0.0
4.0	0.1808	0.0
5.0	0.1921	0.0
4.0	0.1482	0.0
3.0	0.149	0.0
4.0	0.1546	0.0
6.0	0.167	0.0
1.0	0.143	0.0
2.0	0.1509	0.0
3.0	0.1559	0.0
4.0	0.161	0.0
3.0	0.16	0.0
4.0	0.1659	0.0
2.0	0.1557	0.0
3.0	0.1703	0.0
4.0	0.1764	0.0
6.0	0.172	0.0
7.0	0.1819	0.0
1.0	0.1409	0.0
3.0	0.1507	0.0
4.0	0.1556	0.0
5.0	0.1607	0.0
5.0	0.1679	0.0
5.0	0.1655	0.0
8.0	0.1889	0.0
4.0	0.1687	0.0
4.0	0.1682	0.0
5.0	0.175	0.0
2.0	0.2093	0.0
5.0	0.1627	0.0
6.0	0.1692	0.0
7.0	0.177	0.0
5.0	0.1785	0.0
5.0	0.1695	0.0
2.0	0.1606	0.0
3.0	0.1657	0.0
4.0	0.1763	0.0
3.0	0.2082	0.0
1.0	0.1439	0.0
2.0	0.1487	0.0
4.0	0.1583	0.0
3.0	0.1559	0.0
5.0	0.1841	0.0
5.0	0.171	0.0
1.0	0.1617	0.0
3.0	0.1686	0.0
1.0	0.1472	0.0
4.0	0.1619	0.0
4.0	0.1892	0.0
1.0	0.1406	0.0
3.0	0.1539	0.0
3.0	0.1613	0.0
5.0	0.1749	0.0
6.0	0.179	0.0
4.0	0.1796	0.0
3.0	0.1985	0.0
2.0	0.1473	0.0
3.0	0.1522	0.0
5.0	0.1586	0.0
3.0	0.1565	0.0
5.0	0.1828	0.0
3.0	0.2067	0.0
4.0	0.1464	0.0
2.0	0.142	0.0
3.0	0.1462	0.0
4.0	0.1524	0.0
3.0	0.1557	0.0
5.0	0.1672	0.0
4.0	0.1726	0.0
3.0	0.1812	0.0
4.0	0.1933	0.0
3.0	0.1458	0.0
5.0	0.1698	0.0
3.0	0.1513	0.0
5.0	0.1664	0.0
7.0	0.1818	0.0
5.0	0.178	0.0
6.0	0.1902	0.0
6.0	0.1908	0.0
3.0	0.1684	0.0
4.0	0.1766	0.0
5.0	0.1875	0.0
3.0	0.2197	0.0
4.0	0.1461	0.0
1.0	0.1381	0.0
3.0	0.1481	0.0
5.0	0.1577	0.0
6.0	0.1647	0.0
8.0	0.1775	0.0
2.0	0.1577	0.0
3.0	0.1628	0.0
4.0	0.1796	0.0
4.0	0.2155	0.0
6.0	0.158	0.0
2.0	0.146	0.0
6.0	0.1853	0.0
3.0	0.1646	0.0
1.0	0.1392	0.0
1.0	0.1447	0.0
2.0	0.1511	0.0
3.0	0.1551	0.0
1.0	0.1496	0.0
4.0	0.1693	0.0
5.0	0.1752	0.0
1.0	0.1422	0.0
4.0	0.1536	0.0
5.0	0.1699	0.0
3.0	0.1617	0.0
4.0	0.1673	0.0
4.0	0.1759	0.0
3.0	0.1798	0.0
3.0	0.1607	0.0
5.0	0.1717	0.0
4.0	0.1776	0.0
4.0	0.185	0.0
3.0	0.2002	0.0
5.0	0.1757	0.0
5.0	0.1642	0.0
3.0	0.1543	0.0
4.0	0.159	0.0
4.0	0.1612	0.0
4.0	0.172	0.0
4.0	0.2045	0.0
3.0	0.2024	0.0
2.0	0.1399	0.0
3.0	0.1456	0.0
4.0	0.1513	0.0
6.0	0.1631	0.0
2.0	0.1389	0.0
1.0	0.1386	0.0
3.0	0.1472	0.0
4.0	0.1513	0.0
3.0	0.1615	0.0
1.0	0.1583	0.0
3.0	0.1703	0.0
4.0	0.178	0.0
5.0	0.1883	0.0
4.0	0.1846	0.0
4.0	0.1586	0.0
4.0	0.1595	0.0
2.0	0.1507	0.0
5.0	0.1661	0.0
1.0	0.1521	0.0
3.0	0.1617	0.0
1.0	0.1347	0.0
1.0	0.1379	0.0
3.0	0.1512	0.0
2.0	0.1476	0.0
4.0	0.1564	0.0
5.0	0.1609	0.0
6.0	0.1659	0.0
8.0	0.1782	0.0
5.0	0.1834	0.0
3.0	0.15	0.0
6.0	0.1681	0.0
2.0	0.143	0.0
4.0	0.1628	0.0
4.0	0.1572	0.0
5.0	0.1617	0.0
3.0	0.1603	0.0
6.0	0.183	0.0
3.0	0.164	0.0
4.0	0.1708	0.0
5.0	0.179	0.0
4.0	0.1767	0.0
6.0	0.1768	0.0
3.0	0.1706	0.0
4.0	0.1991	0.0
3.0	0.199	0.0
4.0	0.1647	0.0
3.0	0.1654	0.0
4.0	0.1722	0.0
5.0	0.1805	0.0
3.0	0.1733	0.0
5.0	0.1929	0.0
4.0	0.202	0.0
4.0	0.1671	0.0
5.0	0.1728	0.0
2.0	0.1632	0.0
4.0	0.1727	0.0
4.0	0.1679	-0.1262
5.0	0.1752	-0.1262
3.0	0.1542	-0.1262
4.0	0.16	-0.1262
5.0	0.1841	-0.1262
6.0	0.1923	-0.1262
3.0	0.141	-0.1262
5.0	0.1504	-0.1262
4.0	0.1501	-0.1262
5.0	0.1559	-0.1262
5.0	0.1689	-0.1262
7.0	0.1911	-0.1262
2.0	0.1478	-0.1262
6.0	0.168	-0.1262
6.0	0.1867	-0.1262
5.0	0.1701	-0.1262
4.0	0.2085	-0.1262
7.0	0.1762	-0.1262
2.0	0.1424	-0.1262
5.0	0.1566	-0.1262
6.0	0.1789	-0.1262
6.0	0.1769	-0.1262
2.0	0.1497	-0.1262
3.0	0.1531	-0.1262
5.0	0.1829	-0.1262
6.0	0.1544	-0.1262
5.0	0.1673	-0.1262
7.0	0.1863	-0.1262
1.0	0.1425	-0.1262
5.0	0.1615	-0.1262
2.0	0.1516	-0.1262
1.0	0.1391	-0.1262
6.0	0.1629	-0.1262
4.0	0.1617	-0.1262
6.0	0.1639	-0.1262
1.0	0.151	-0.1262
2.0	0.1546	-0.1262
3.0	0.1582	-0.1262
5.0	0.1626	-0.1262
3.0	0.1511	-0.1262
2.0	0.1521	-0.1262
4.0	0.1666	-0.1262
5.0	0.1719	-0.1262
3.0	0.1497	-0.1262
5.0	0.1569	-0.1262
4.0	0.1556	-0.1262
3.0	0.1564	-0.1262
4.0	0.1812	-0.1262
4.0	0.2112	-0.1262
5.0	0.1887	-0.1262
3.0	0.1642	-0.1262
4.0	0.1697	-0.1262
4.0	0.2133	-0.1262
6.0	0.1739	-0.1264
5.0	0.1564	-0.1264
5.0	0.1606	-0.1264
1.0	0.1423	-0.1264
4.0	0.1549	-0.1264
6.0	0.1843	-0.1264
5.0	0.1907	-0.1264
4.0	0.1554	-0.1264
7.0	0.176	-0.1264
2.0	0.1423	-0.1264
7.0	0.1618	-0.1264
4.0	0.1548	-0.1264
7.0	0.1669	-0.1264
4.0	0.1611	-0.1264
5.0	0.161	-0.1264
4.0	0.193	-0.1264
1.0	0.1338	-0.1264
3.0	0.1454	-0.1264
6.0	0.1624	-0.1264
7.0	0.169	-0.1264
2.0	0.1386	-0.1264
4.0	0.1502	-0.1264
5.0	0.1542	-0.1264
1.0	0.1404	-0.1264
3.0	0.1485	-0.1264
5.0	0.1563	-0.1264
5.0	0.1795	-0.1264
3.0	0.1622	-0.1264
5.0	0.1744	-0.1264
5.0	0.1798	-0.1264
6.0	0.1895	-0.1264
3.0	0.2169	-0.1264
6.0	0.1804	-0.1264
2.0	0.1464	-0.1264
5.0	0.1614	-0.1264
3.0	0.155	-0.1264
6.0	0.1733	-0.1264
3.0	0.1617	-0.1264
5.0	0.1844	-0.1264
6.0	0.1972	-0.1264
5.0	0.2058	-0.1264
2.0	0.1384	-0.1264
3.0	0.1424	-0.1264
6.0	0.1863	-0.1264
4.0	0.1684	-0.1264
5.0	0.1749	-0.1264
5.0	0.1884	-0.1264
5.0	0.1884	-0.1264
4.0	0.15	-0.1264
4.0	0.155	-0.1264
4.0	0.1594	-0.1264
5.0	0.1636	-0.1264
6.0	0.1683	-0.1264
5.0	0.1781	-0.1264
4.0	0.1787	-0.1264
5.0	0.1885	-0.1264
7.0	0.1661	-0.1264
2.0	0.1491	-0.1264
1.0	0.1472	-0.1264
5.0	0.1634	-0.1264
6.0	0.1681	-0.1264
3.0	0.156	-0.1264
6.0	0.1664	-0.1264
3.0	0.1643	-0.1264
6.0	0.1826	-0.1264
4.0	0.1999	-0.1264
3.0	0.2167	-0.1264
4.0	0.1637	-0.1264
2.0	0.1509	-0.1264
1.0	0.1514	-0.1264
6.0	0.1787	-0.1264
5.0	0.1981	-0.1264
5.0	0.2017	-0.1264
4.0	0.2042	-0.1264
2.0	0.1541	-0.1267
5.0	0.1661	-0.1267
1.0	0.143	-0.1267
4.0	0.1562	-0.1267
8.0	0.1779	-0.1267
7.0	0.1745	-0.1267
4.0	0.1724	-0.1267
5.0	0.182	-0.1267
5.0	0.2028	-0.1267
4.0	0.2088	-0.1267
2.0	0.2283	-0.1267
6.0	0.1589	-0.1267
7.0	0.1645	-0.1267
9.0	0.1784	-0.1267
6.0	0.1669	-0.1267
7.0	0.1687	-0.1267
6.0	0.1747	-0.1267
2.0	0.1392	-0.1267
6.0	0.1678	-0.1267
4.0	0.1527	-0.1267
5.0	0.157	-0.1267
4.0	0.18	-0.1267
5.0	0.1991	-0.1267
6.0	0.1656	-0.1267
2.0	0.1493	-0.1267
3.0	0.154	-0.1267
4.0	0.1587	-0.1267
6.0	0.1762	-0.1267
4.0	0.166	-0.1267
5.0	0.172	-0.1267
4.0	0.1657	-0.1267
6.0	0.1758	-0.1267
4.0	0.2158	-0.1267
4.0	0.1482	-0.1267
2.0	0.1419	-0.1267
3.0	0.146	-0.1267
2.0	0.1462	-0.1267
5.0	0.1685	-0.1267
2.0	0.1565	-0.1267
3.0	0.1608	-0.1267
6.0	0.1848	-0.1267
4.0	0.1951	-0.1267
2.0	0.1464	-0.1267
3.0	0.1505	-0.1267
5.0	0.1676	-0.1267
6.0	0.1994	-0.1267
5.0	0.1872	-0.1267
4.0	0.1541	-0.1267
3.0	0.1576	-0.1267
6.0	0.1756	-0.1267
6.0	0.1858	-0.1267
5.0	0.2052	-0.1267
4.0	0.2065	-0.1267
5.0	0.1706	-0.1267
6.0	0.1776	-0.1267
5.0	0.1975	-0.1267
4.0	0.1849	-0.1267
5.0	0.1977	-0.1267
4.0	0.1746	-0.1267
5.0	0.1833	-0.1267
3.0	0.2126	-0.1267
1.0	0.1384	-0.1268
2.0	0.1427	-0.1268
5.0	0.1662	-0.1268
6.0	0.172	-0.1268
4.0	0.1718	-0.1268
3.0	0.1425	-0.1268
3.0	0.1436	-0.1268
7.0	0.1745	-0.1268
3.0	0.1484	-0.1268
6.0	0.1631	-0.1268
3.0	0.1521	-0.1268
4.0	0.1567	-0.1268
4.0	0.1652	-0.1268
6.0	0.1988	-0.1268
2.0	0.1651	-0.1268
5.0	0.1843	-0.1268
2.0	0.1389	-0.1268
6.0	0.1662	-0.1268
6.0	0.1716	-0.1268
5.0	0.1768	-0.1268
6.0	0.1837	-0.1268
5.0	0.1838	-0.1268
1.0	0.1365	-0.1268
2.0	0.1414	-0.1268
3.0	0.146	-0.1268
4.0	0.1506	-0.1268
6.0	0.1598	-0.1268
4.0	0.1563	-0.1268
7.0	0.1729	-0.1268
3.0	0.1612	-0.1268
4.0	0.1636	-0.1268
6.0	0.178	-0.1268
5.0	0.1781	-0.1268
6.0	0.1871	-0.1268
5.0	0.1836	-0.1268
6.0	0.1698	-0.1268
3.0	0.1535	-0.1268
7.0	0.176	-0.1268
5.0	0.1655	-0.1268
3.0	0.1624	-0.1268
6.0	0.1763	-0.1268
6.0	0.1835	-0.1268
7.0	0.1918	-0.1268
1.0	0.1437	-0.1268
6.0	0.1649	-0.1268
5.0	0.164	-0.1268
3.0	0.1571	-0.1268
5.0	0.1873	-0.1268
5.0	0.1887	-0.1268
6.0	0.2023	-0.1268
1.0	0.1512	-0.1268
5.0	0.1808	-0.1268
6.0	0.1905	-0.1268
6.0	0.1643	-0.1278
6.0	0.1741	-0.1278
7.0	0.1838	-0.1278
7.0	0.1885	-0.1278
1.0	0.1521	-0.1278
5.0	0.1743	-0.1278
4.0	0.205	-0.1278
3.0	0.2249	-0.1278
2.0	0.1434	-0.1278
1.0	0.1392	-0.1278
5.0	0.1549	-0.1278
7.0	0.1695	-0.1278
2.0	0.1519	-0.1278
4.0	0.162	-0.1278
6.0	0.1742	-0.1278
5.0	0.1876	-0.1278
3.0	0.1684	-0.1278
4.0	0.1742	-0.1278
4.0	0.1934	-0.1278
1.0	0.1356	-0.1278
4.0	0.1591	-0.1278
6.0	0.1954	-0.1278
3.0	0.1609	-0.1278
4.0	0.1666	-0.1278
6.0	0.2024	-0.1278
2.0	0.1426	-0.1278
3.0	0.1475	-0.1278
4.0	0.1599	-0.1278
6.0	0.1793	-0.1278
7.0	0.1905	-0.1278
3.0	0.2182	-0.1278
4.0	0.1601	-0.1278
5.0	0.1617	-0.1278
6.0	0.1752	-0.1278
5.0	0.1939	-0.1278
5.0	0.192	-0.1278
5.0	0.1855	-0.1278
3.0	0.2266	-0.1278
5.0	0.191	-0.1278
2.0	0.2208	-0.1278
4.0	0.1637	-0.1281
8.0	0.1853	-0.1281
2.0	0.1456	-0.1281
3.0	0.1577	-0.1281
5.0	0.1696	-0.1281
6.0	0.1771	-0.1281
7.0	0.187	-0.1281
5.0	0.1672	-0.1281
7.0	0.1797	-0.1281
6.0	0.2016	-0.1281
5.0	0.1805	-0.1281
6.0	0.1899	-0.1281
5.0	0.2119	-0.1281
2.0	0.1376	-0.1281
7.0	0.1662	-0.1281
1.0	0.1324	-0.1281
4.0	0.1465	-0.1281
7.0	0.1593	-0.1281
1.0	0.1345	-0.1281
3.0	0.1437	-0.1281
4.0	0.1479	-0.1281
3.0	0.1494	-0.1281
4.0	0.1548	-0.1281
4.0	0.155	-0.1281
3.0	0.1521	-0.1281
6.0	0.1679	-0.1281
3.0	0.1569	-0.1281
4.0	0.1621	-0.1281
2.0	0.1565	-0.1281
5.0	0.1703	-0.1281
6.0	0.189	-0.1281
4.0	0.1483	-0.1281
4.0	0.1501	-0.1281
5.0	0.1546	-0.1281
3.0	0.1472	-0.1281
5.0	0.1735	-0.1281
5.0	0.1775	-0.1281
5.0	0.1954	-0.1281
4.0	0.2079	-0.1281
1.0	0.1367	-0.1281
5.0	0.1531	-0.1281
5.0	0.159	-0.1281
1.0	0.1439	-0.1281
3.0	0.1567	-0.1281
4.0	0.1618	-0.1281
4.0	0.1685	-0.1281
5.0	0.1752	-0.1281
6.0	0.1838	-0.1281
2.0	0.1587	-0.1281
6.0	0.1778	-0.1281
5.0	0.1938	-0.1281
4.0	0.2001	-0.1281
4.0	0.1491	-0.1281
5.0	0.1532	-0.1281
5.0	0.1737	-0.1281
6.0	0.1844	-0.1281
1.0	0.1452	-0.1281
3.0	0.1531	-0.1281
4.0	0.1571	-0.1281
4.0	0.1767	-0.1281
5.0	0.1845	-0.1281
2.0	0.1425	-0.1281
6.0	0.1612	-0.1281
4.0	0.1602	-0.1281
5.0	0.1814	-0.1281
4.0	0.167	-0.1281
6.0	0.1811	-0.1281
1.0	0.1416	-0.1281
5.0	0.1944	-0.1281
3.0	0.1525	-0.1281
5.0	0.162	-0.1281
5.0	0.1645	-0.1281
6.0	0.1694	-0.1281
1.0	0.1513	-0.1281
2.0	0.155	-0.1281
5.0	0.1857	-0.1281
4.0	0.1619	-0.1281
8.0	0.1889	-0.1281
4.0	0.1692	-0.1281
4.0	0.1931	-0.1281
4.0	0.1911	-0.1281
3.0	0.2192	-0.1281
6.0	0.1919	-0.1288
6.0	0.1722	-0.1288
4.0	0.1843	-0.1288
5.0	0.1558	-0.1288
2.0	0.1411	-0.1288
1.0	0.1409	-0.1288
5.0	0.1604	-0.1288
6.0	0.159	-0.1288
7.0	0.1796	-0.1288
4.0	0.1763	-0.1288
6.0	0.2016	-0.1288
2.0	0.141	-0.1288
5.0	0.1579	-0.1288
5.0	0.1567	-0.1288
4.0	0.1623	-0.1288
6.0	0.1922	-0.1288
3.0	0.1647	-0.1288
1.0	0.1397	-0.1288
2.0	0.1451	-0.1288
6.0	0.1671	-0.1288
5.0	0.1594	-0.1288
6.0	0.1643	-0.1288
1.0	0.1471	-0.1288
5.0	0.181	-0.1288
5.0	0.1643	-0.1288
4.0	0.1576	-0.1288
5.0	0.1628	-0.1288
4.0	0.16	-0.1288
6.0	0.1771	-0.1288
5.0	0.1818	-0.1288
4.0	0.1624	-0.1288
3.0	0.1546	-0.1288
4.0	0.1584	-0.1288
6.0	0.1859	-0.1288
1.0	0.1494	-0.1288
4.0	0.1691	-0.1288
4.0	0.2138	-0.1288
4.0	0.1904	-0.1288
5.0	0.1679	-0.1288
5.0	0.162	-0.1288
6.0	0.1686	-0.1288
4.0	0.1561	-0.1288
5.0	0.1622	-0.1288
4.0	0.1622	-0.1288
5.0	0.1663	-0.1288
6.0	0.2007	-0.1288
3.0	0.2132	-0.1288
3.0	0.1419	-0.1288
6.0	0.1556	-0.1288
3.0	0.1455	-0.1288
8.0	0.1718	-0.1288
1.0	0.1403	-0.1288
6.0	0.159	-0.1288
4.0	0.1665	-0.1288
4.0	0.1973	-0.1288
1.0	0.1337	-0.1288
4.0	0.1551	-0.1288
7.0	0.181	-0.1288
2.0	0.149	-0.1288
2.0	0.1541	-0.1288
5.0	0.1987	-0.1288
4.0	0.1907	-0.1288
1.0	0.1333	-0.1288
1.0	0.1379	-0.1288
4.0	0.1545	-0.1288
8.0	0.1825	-0.1288
3.0	0.1527	-0.1288
7.0	0.1794	-0.1288
5.0	0.1782	-0.1288
6.0	0.1898	-0.1288
4.0	0.169	-0.1288
6.0	0.1844	-0.1288
4.0	0.1719	-0.1288
5.0	0.205	-0.1288
3.0	0.1449	-0.1288
5.0	0.1545	-0.1288
1.0	0.1375	-0.1288
6.0	0.1648	-0.1288
7.0	0.1711	-0.1288
1.0	0.1392	-0.1288
4.0	0.1511	-0.1288
5.0	0.1731	-0.1288
5.0	0.1718	-0.1288
6.0	0.1797	-0.1288
4.0	0.1665	-0.1288
3.0	0.1617	-0.1288
4.0	0.1728	-0.1288
5.0	0.1589	-0.1288
3.0	0.1483	-0.1288
4.0	0.1523	-0.1288
5.0	0.1832	-0.1288
5.0	0.1541	-0.1288
2.0	0.1447	-0.1288
4.0	0.153	-0.1288
5.0	0.1572	-0.1288
7.0	0.1724	-0.1288
3.0	0.1564	-0.1288
5.0	0.166	-0.1288
4.0	0.1688	-0.1288
5.0	0.175	-0.1288
4.0	0.1875	-0.1288
3.0	0.1495	-0.1288
3.0	0.1517	-0.1288
4.0	0.179	-0.1288
5.0	0.1885	-0.1288
5.0	0.2087	-0.1288
5.0	0.1997	-0.1288
3.0	0.2123	-0.1288
4.0	0.1787	-0.1288
5.0	0.1896	-0.1288
4.0	0.1579	-0.1295
6.0	0.1715	-0.1295
1.0	0.1411	-0.1295
1.0	0.1485	-0.1295
5.0	0.1798	-0.1295
5.0	0.157	-0.1295
3.0	0.143	-0.1295
4.0	0.167	-0.1295
2.0	0.1405	-0.1295
4.0	0.1519	-0.1295
5.0	0.166	-0.1295
6.0	0.1735	-0.1295
3.0	0.1558	-0.1295
6.0	0.1724	-0.1295
1.0	0.1482	-0.1295
3.0	0.1571	-0.1295
4.0	0.1618	-0.1295
5.0	0.1668	-0.1295
4.0	0.1671	-0.1295
5.0	0.1734	-0.1295
5.0	0.2017	-0.1295
5.0	0.1836	-0.1295
6.0	0.1565	-0.1295
3.0	0.152	-0.1295
7.0	0.1715	-0.1295
5.0	0.1772	-0.1295
6.0	0.189	-0.1295
5.0	0.2077	-0.1295
4.0	0.1722	-0.1295
5.0	0.1801	-0.1295
1.0	0.1388	-0.1295
3.0	0.1529	-0.1295
6.0	0.1666	-0.1295
4.0	0.1666	-0.1295
6.0	0.1902	-0.1295
4.0	0.1678	-0.1295
5.0	0.1733	-0.1295
6.0	0.1801	-0.1295
4.0	0.2165	-0.1295
1.0	0.1402	-0.1295
2.0	0.1445	-0.1295
5.0	0.1569	-0.1295
5.0	0.1552	-0.1295
5.0	0.1696	-0.1295
5.0	0.1896	-0.1295
6.0	0.1799	-0.1295
5.0	0.1742	-0.1298
2.0	0.1474	-0.1298
1.0	0.1436	-0.1298
5.0	0.171	-0.1298
6.0	0.1785	-0.1298
4.0	0.1809	-0.1298
5.0	0.1926	-0.1298
4.0	0.2091	-0.1298
2.0	0.2209	-0.1298
3.0	0.1462	-0.1298
4.0	0.1514	-0.1298
5.0	0.1567	-0.1298
3.0	0.1498	-0.1298
4.0	0.1543	-0.1298
5.0	0.1591	-0.1298
5.0	0.1627	-0.1298
5.0	0.1591	-0.1298
2.0	0.1514	-0.1298
5.0	0.1873	-0.1298
5.0	0.1525	-0.1298
6.0	0.1768	-0.1298
3.0	0.1534	-0.1298
5.0	0.164	-0.1298
7.0	0.1776	-0.1298
5.0	0.1674	-0.1298
6.0	0.174	-0.1298
7.0	0.1823	-0.1298
2.0	0.1541	-0.1298
7.0	0.1833	-0.1298
4.0	0.1817	-0.1298
5.0	0.1932	-0.1298
4.0	0.1992	-0.1298
3.0	0.146	-0.1298
4.0	0.1498	-0.1298
6.0	0.1727	-0.1298
5.0	0.1696	-0.1298
4.0	0.1607	-0.1298
6.0	0.1724	-0.1298
5.0	0.1802	-0.1298
6.0	0.1909	-0.1298
5.0	0.2091	-0.1298
5.0	0.196	-0.1298
6.0	0.1675	-0.1298
7.0	0.1749	-0.1298
8.0	0.1844	-0.1298
1.0	0.1405	-0.1298
4.0	0.1544	-0.1298
7.0	0.1672	-0.1298
6.0	0.1896	-0.1298
6.0	0.1758	-0.1298
3.0	0.1609	-0.1298
2.0	0.1477	-0.1298
4.0	0.156	-0.1298
6.0	0.1649	-0.1298
4.0	0.1957	-0.1298
5.0	0.1865	-0.1298
3.0	0.1731	-0.1298
3.0	0.2261	-0.1298
4.0	0.2086	-0.1298
7.0	0.183	-0.2524
3.0	0.153	-0.2524
6.0	0.2006	-0.2524
6.0	0.2054	-0.2524
2.0	0.136	-0.2524
2.0	0.1394	-0.2524
3.0	0.1448	-0.2524
7.0	0.1671	-0.2524
7.0	0.1668	-0.2524
6.0	0.1688	-0.2524
3.0	0.1499	-0.2524
3.0	0.1551	-0.2524
5.0	0.1657	-0.2524
7.0	0.1836	-0.2524
4.0	0.1518	-0.2524
6.0	0.1615	-0.2524
5.0	0.1691	-0.2524
7.0	0.1874	-0.2524
1.0	0.1462	-0.2524
6.0	0.1941	-0.2524
5.0	0.1534	-0.2524
2.0	0.14	-0.2524
4.0	0.1474	-0.2524
5.0	0.1509	-0.2524
6.0	0.1755	-0.2524
2.0	0.1472	-0.2524
7.0	0.173	-0.2524
7.0	0.1977	-0.2524
6.0	0.1838	-0.2524
5.0	0.1987	-0.2524
4.0	0.2152	-0.2524
2.0	0.144	-0.2524
3.0	0.1487	-0.2524
6.0	0.1761	-0.2524
1.0	0.1458	-0.2524
2.0	0.1494	-0.2524
3.0	0.1529	-0.2524
4.0	0.1564	-0.2524
4.0	0.1547	-0.2524
7.0	0.1663	-0.2524
7.0	0.174	-0.2524
8.0	0.169	-0.2524
2.0	0.1486	-0.2524
3.0	0.1521	-0.2524
5.0	0.1593	-0.2524
6.0	0.1695	-0.2524
5.0	0.1751	-0.2524
6.0	0.1832	-0.2524
4.0	0.1731	-0.2524
6.0	0.1897	-0.2524
6.0	0.1914	-0.2524
5.0	0.168	-0.2529
3.0	0.1472	-0.2529
7.0	0.1665	-0.2529
7.0	0.1724	-0.2529
5.0	0.1592	-0.2529
7.0	0.1736	-0.2529
7.0	0.1985	-0.2529
5.0	0.2075	-0.2529
1.0	0.1381	-0.2529
3.0	0.1463	-0.2529
5.0	0.1539	-0.2529
4.0	0.1572	-0.2529
5.0	0.1624	-0.2529
7.0	0.175	-0.2529
2.0	0.1474	-0.2529
6.0	0.1716	-0.2529
1.0	0.1493	-0.2529
5.0	0.2176	-0.2529
3.0	0.1426	-0.2529
6.0	0.1582	-0.2529
7.0	0.1646	-0.2529
4.0	0.1612	-0.2529
6.0	0.1924	-0.2529
4.0	0.1678	-0.2529
4.0	0.1482	-0.2529
8.0	0.1816	-0.2529
2.0	0.1432	-0.2529
7.0	0.1705	-0.2529
6.0	0.187	-0.2529
2.0	0.15	-0.2529
6.0	0.1832	-0.2529
6.0	0.2022	-0.2529
1.0	0.1374	-0.2529
3.0	0.1505	-0.2529
8.0	0.1801	-0.2529
6.0	0.2046	-0.2529
5.0	0.2009	-0.2529
6.0	0.1603	-0.2529
3.0	0.1535	-0.2529
5.0	0.1626	-0.2529
6.0	0.1677	-0.2529
7.0	0.1737	-0.2529
4.0	0.1591	-0.2529
8.0	0.1802	-0.2529
7.0	0.1705	-0.2529
7.0	0.1931	-0.2529
3.0	0.1499	-0.2529
6.0	0.1819	-0.2529
5.0	0.2105	-0.2529
4.0	0.1591	-0.2529
4.0	0.1658	-0.2529
5.0	0.1879	-0.2529
6.0	0.1998	-0.2529
5.0	0.1692	-0.2535
6.0	0.1736	-0.2535
7.0	0.1831	-0.2535
8.0	0.1974	-0.2535
6.0	0.1657	-0.2535
7.0	0.1712	-0.2535
4.0	0.1588	-0.2535
5.0	0.1634	-0.2535
8.0	0.1818	-0.2535
6.0	0.1961	-0.2535
3.0	0.1435	-0.2535
5.0	0.1537	-0.2535
8.0	0.1708	-0.2535
7.0	0.1747	-0.2535
3.0	0.1485	-0.2535
1.0	0.1404	-0.2535
3.0	0.1477	-0.2535
6.0	0.1951	-0.2535
5.0	0.1685	-0.2535
5.0	0.2038	-0.2535
1.0	0.1338	-0.2535
6.0	0.1588	-0.2535
2.0	0.1442	-0.2535
6.0	0.1615	-0.2535
7.0	0.1663	-0.2535
7.0	0.1857	-0.2535
5.0	0.1766	-0.2535
6.0	0.2108	-0.2535
6.0	0.168	-0.2535
7.0	0.1725	-0.2535
8.0	0.1811	-0.2535
4.0	0.1526	-0.2535
6.0	0.1618	-0.2535
8.0	0.1728	-0.2535
5.0	0.1633	-0.2535
7.0	0.1766	-0.2535
6.0	0.1694	-0.2535
8.0	0.1846	-0.2535
6.0	0.1793	-0.2535
5.0	0.1883	-0.2535
6.0	0.2032	-0.2535
2.0	0.1397	-0.2535
4.0	0.1501	-0.2535
8.0	0.1671	-0.2535
5.0	0.1704	-0.2535
4.0	0.171	-0.2535
5.0	0.1666	-0.2535
6.0	0.163	-0.2535
7.0	0.1678	-0.2535
8.0	0.1732	-0.2535
4.0	0.1917	-0.2535
5.0	0.2102	-0.2535
5.0	0.1583	-0.2535
4.0	0.1628	-0.2535
5.0	0.1766	-0.2535
2.0	0.1474	-0.2535
3.0	0.1509	-0.2535
5.0	0.1579	-0.2535
4.0	0.1648	-0.2535
3.0	0.1546	-0.2535
7.0	0.1686	-0.2535
6.0	0.196	-0.2535
5.0	0.2022	-0.2535
5.0	0.2089	-0.2535
4.0	0.1506	-0.2536
4.0	0.1541	-0.2536
4.0	0.1611	-0.2536
7.0	0.179	-0.2536
8.0	0.1884	-0.2536
1.0	0.1317	-0.2536
2.0	0.1389	-0.2536
5.0	0.1527	-0.2536
6.0	0.1573	-0.2536
8.0	0.1842	-0.2536
1.0	0.1386	-0.2536
4.0	0.1532	-0.2536
6.0	0.1666	-0.2536
6.0	0.1809	-0.2536
1.0	0.1336	-0.2536
5.0	0.153	-0.2536
7.0	0.1847	-0.2536
7.0	0.179	-0.2536
6.0	0.1971	-0.2536
5.0	0.2166	-0.2536
8.0	0.1704	-0.2536
5.0	0.1613	-0.2536
6.0	0.1667	-0.2536
6.0	0.1766	-0.2536
7.0	0.1869	-0.2536
7.0	0.2012	-0.2536
6.0	0.1939	-0.2536
6.0	0.1692	-0.2536
6.0	0.1994	-0.2536
5.0	0.1774	-0.2536
3.0	0.1553	-0.2536
4.0	0.1595	-0.2536
6.0	0.1689	-0.2536
8.0	0.1818	-0.2536
2.0	0.1537	-0.2536
6.0	0.2032	-0.2536
3.0	0.2324	-0.2536
5.0	0.1658	-0.2536
6.0	0.1703	-0.2536
7.0	0.1754	-0.2536
5.0	0.2034	-0.2536
6.0	0.18	-0.2557
4.0	0.1629	-0.2557
6.0	0.1776	-0.2557
2.0	0.1486	-0.2557
4.0	0.1548	-0.2557
4.0	0.1678	-0.2557
5.0	0.1547	-0.2557
5.0	0.1589	-0.2557
6.0	0.1645	-0.2557
8.0	0.1785	-0.2557
9.0	0.1724	-0.2557
3.0	0.1513	-0.2557
6.0	0.2075	-0.2557
5.0	0.1798	-0.2557
1.0	0.1405	-0.2557
3.0	0.1497	-0.2557
4.0	0.1543	-0.2557
6.0	0.1639	-0.2557
2.0	0.1466	-0.2557
6.0	0.1824	-0.2557
6.0	0.1914	-0.2557
5.0	0.2133	-0.2557
6.0	0.1596	-0.2557
7.0	0.1647	-0.2557
6.0	0.1737	-0.2557
7.0	0.1837	-0.2557
1.0	0.1421	-0.2557
6.0	0.1655	-0.2557
8.0	0.1781	-0.2557
4.0	0.1755	-0.2557
6.0	0.1542	-0.2557
4.0	0.1523	-0.2557
6.0	0.1622	-0.2557
5.0	0.1617	-0.2557
9.0	0.1984	-0.2557
2.0	0.1453	-0.2557
3.0	0.1497	-0.2557
6.0	0.187	-0.2557
6.0	0.1783	-0.2557
5.0	0.2008	-0.2557
5.0	0.1663	-0.2557
5.0	0.1667	-0.2557
6.0	0.2092	-0.2557
6.0	0.1909	-0.2557
2.0	0.1476	-0.2557
6.0	0.167	-0.2557
5.0	0.189	-0.2557
6.0	0.2113	-0.2557
6.0	0.1858	-0.2557
5.0	0.2026	-0.2557
7.0	0.1838	-0.2562
1.0	0.1367	-0.2562
5.0	0.1625	-0.2562
6.0	0.1687	-0.2562
4.0	0.1528	-0.2562
6.0	0.1728	-0.2562
6.0	0.16	-0.2562
5.0	0.1507	-0.2562
6.0	0.155	-0.2562
2.0	0.1393	-0.2562
6.0	0.1561	-0.2562
2.0	0.144	-0.2562
7.0	0.1736	-0.2562
7.0	0.1746	-0.2562
3.0	0.1535	-0.2562
6.0	0.1687	-0.2562
5.0	0.1677	-0.2562
6.0	0.1789	-0.2562
6.0	0.1763	-0.2562
5.0	0.2097	-0.2562
3.0	0.1435	-0.2562
2.0	0.1409	-0.2562
7.0	0.1642	-0.2562
4.0	0.1513	-0.2562
7.0	0.1826	-0.2562
4.0	0.1812	-0.2562
5.0	0.1779	-0.2562
4.0	0.1487	-0.2562
6.0	0.1572	-0.2562
3.0	0.1527	-0.2562
5.0	0.1618	-0.2562
6.0	0.1668	-0.2562
5.0	0.1675	-0.2562
7.0	0.1822	-0.2562
6.0	0.1914	-0.2562
7.0	0.1963	-0.2562
3.0	0.1449	-0.2562
6.0	0.1736	-0.2562
7.0	0.1834	-0.2562
7.0	0.2014	-0.2562
5.0	0.1612	-0.2562
7.0	0.1706	-0.2562
7.0	0.1991	-0.2562
6.0	0.1959	-0.2562
4.0	0.216	-0.2562
1.0	0.1402	-0.2562
5.0	0.1591	-0.2562
7.0	0.1699	-0.2562
8.0	0.1766	-0.2562
6.0	0.1969	-0.2562
6.0	0.1834	-0.2562
7.0	0.197	-0.2562
6.0	0.185	-0.2562
3.0	0.2208	-0.2562
6.0	0.1661	-0.2562
6.0	0.1684	-0.2562
5.0	0.1696	-0.2562
6.0	0.1844	-0.2562
5.0	0.2041	-0.2562
2.0	0.1479	-0.2562
6.0	0.1673	-0.2562
7.0	0.1984	-0.2562
3.0	0.1588	-0.2562
4.0	0.1628	-0.2562
6.0	0.172	-0.2562
6.0	0.1999	-0.2562
3.0	0.1573	-0.2562
4.0	0.167	-0.2562
6.0	0.181	-0.2562
7.0	0.1899	-0.2562
5.0	0.2161	-0.2562
4.0	0.2142	-0.2562
5.0	0.2109	-0.2562
5.0	0.1796	-0.2575
6.0	0.1778	-0.2575
4.0	0.1566	-0.2575
5.0	0.1615	-0.2575
8.0	0.1804	-0.2575
4.0	0.1608	-0.2575
7.0	0.1796	-0.2575
5.0	0.2074	-0.2575
5.0	0.196	-0.2575
8.0	0.1747	-0.2575
3.0	0.1455	-0.2575
8.0	0.1661	-0.2575
3.0	0.1576	-0.2575
6.0	0.1727	-0.2575
8.0	0.1792	-0.2575
6.0	0.1618	-0.2575
1.0	0.1376	-0.2575
6.0	0.1794	-0.2575
6.0	0.1759	-0.2575
5.0	0.1815	-0.2575
6.0	0.1942	-0.2575
6.0	0.1825	-0.2575
5.0	0.2076	-0.2575
6.0	0.1571	-0.2575
1.0	0.1414	-0.2575
2.0	0.146	-0.2575
8.0	0.1762	-0.2575
4.0	0.2018	-0.2575
6.0	0.1714	-0.2575
9.0	0.1963	-0.2575
7.0	0.1859	-0.2575
5.0	0.1841	-0.2575
5.0	0.1783	-0.2575
7.0	0.1962	-0.2575
3.0	0.1574	-0.2575
4.0	0.1616	-0.2575
5.0	0.1662	-0.2575
7.0	0.1774	-0.2575
7.0	0.1953	-0.2575
5.0	0.2064	-0.2575
5.0	0.2058	-0.2575
7.0	0.174	-0.2577
8.0	0.1819	-0.2577
1.0	0.1438	-0.2577
5.0	0.17	-0.2577
6.0	0.1769	-0.2577
7.0	0.1763	-0.2577
8.0	0.1832	-0.2577
5.0	0.2086	-0.2577
1.0	0.1317	-0.2577
1.0	0.1353	-0.2577
7.0	0.1656	-0.2577
5.0	0.1685	-0.2577
6.0	0.1758	-0.2577
7.0	0.1933	-0.2577
4.0	0.1668	-0.2577
6.0	0.1785	-0.2577
8.0	0.1747	-0.2577
1.0	0.1352	-0.2577
7.0	0.173	-0.2577
4.0	0.1577	-0.2577
6.0	0.1674	-0.2577
6.0	0.1882	-0.2577
3.0	0.1574	-0.2577
6.0	0.1684	-0.2577
3.0	0.1424	-0.2577
6.0	0.1546	-0.2577
5.0	0.1602	-0.2577
7.0	0.1735	-0.2577
6.0	0.1649	-0.2577
8.0	0.1782	-0.2577
6.0	0.1687	-0.2577
5.0	0.1657	-0.2577
5.0	0.1758	-0.2577
3.0	0.2311	-0.2577
4.0	0.1497	-0.2577
8.0	0.1808	-0.2577
4.0	0.1541	-0.2577
6.0	0.1865	-0.2577
7.0	0.1805	-0.2577
7.0	0.1905	-0.2577
6.0	0.1801	-0.2577
5.0	0.1712	-0.2577
5.0	0.2049	-0.2577
3.0	0.1487	-0.2577
7.0	0.1707	-0.2577
1.0	0.1398	-0.2577
5.0	0.1564	-0.2577
7.0	0.1847	-0.2577
6.0	0.1983	-0.2577
5.0	0.2041	-0.2577
1.0	0.1379	-0.2577
9.0	0.1719	-0.2577
1.0	0.1403	-0.2577
3.0	0.1521	-0.2577
4.0	0.1566	-0.2577
5.0	0.1614	-0.2577
5.0	0.1652	-0.2577
7.0	0.1784	-0.2577
7.0	0.1784	-0.2577
6.0	0.1938	-0.2577
6.0	0.1828	-0.2577
6.0	0.1849	-0.2577
1.0	0.1447	-0.2577
5.0	0.1877	-0.2577
5.0	0.1696	-0.2577
6.0	0.1758	-0.2577
6.0	0.1623	-0.2589
7.0	0.167	-0.2589
3.0	0.1569	-0.2589
5.0	0.1659	-0.2589
7.0	0.1775	-0.2589
2.0	0.143	-0.2589
6.0	0.1752	-0.2589
7.0	0.1804	-0.2589
5.0	0.1733	-0.2589
7.0	0.1922	-0.2589
6.0	0.2055	-0.2589
5.0	0.1961	-0.2589
7.0	0.1711	-0.2589
2.0	0.1405	-0.2589
7.0	0.1835	-0.2589
7.0	0.183	-0.2589
5.0	0.1686	-0.2589
6.0	0.1727	-0.2589
8.0	0.1894	-0.2589
7.0	0.1918	-0.2589
6.0	0.1941	-0.2589
3.0	0.231	-0.2589
5.0	0.1523	-0.2589
5.0	0.1565	-0.2589
7.0	0.1664	-0.2589
7.0	0.1737	-0.2589
6.0	0.1911	-0.2589
6.0	0.1946	-0.2589
4.0	0.2107	-0.2589
6.0	0.1589	-0.2589
8.0	0.1677	-0.2589
5.0	0.1702	-0.2589
6.0	0.1791	-0.2589
7.0	0.1891	-0.2589
5.0	0.1848	-0.2589
3.0	0.1487	-0.2589
4.0	0.1527	-0.2589
7.0	0.1862	-0.2589
7.0	0.1982	-0.2589
6.0	0.2086	-0.2589
6.0	0.1795	-0.2589
7.0	0.1894	-0.2589
6.0	0.183	-0.2595
3.0	0.1489	-0.2595
3.0	0.1524	-0.2595
7.0	0.1765	-0.2595
5.0	0.1805	-0.2595
6.0	0.1922	-0.2595
7.0	0.163	-0.2595
7.0	0.1842	-0.2595
2.0	0.1451	-0.2595
8.0	0.1763	-0.2595
6.0	0.1682	-0.2595
1.0	0.1451	-0.2595
4.0	0.1556	-0.2595
7.0	0.1669	-0.2595
5.0	0.1608	-0.2595
8.0	0.1721	-0.2595
5.0	0.2111	-0.2595
7.0	0.1965	-0.2595
4.0	0.1585	-0.2595
6.0	0.1702	-0.2595
6.0	0.1753	-0.2595
6.0	0.1905	-0.2595
3.0	0.1453	-0.2595
5.0	0.1614	-0.2595
6.0	0.168	-0.2595
8.0	0.1863	-0.2595
4.0	0.1593	-0.2595
6.0	0.192	-0.2595
2.0	0.1452	-0.2595
3.0	0.1498	-0.2595
5.0	0.1591	-0.2595
9.0	0.1847	-0.2595
3.0	0.1539	-0.2595
6.0	0.1868	-0.2595
5.0	0.2042	-0.2595
6.0	0.1755	-0.2595
1.0	0.142	-0.2595
2.0	0.1455	-0.2595
5.0	0.1718	-0.2595
5.0	0.2103	-0.2595
1.0	0.1492	-0.2595
3.0	0.1548	-0.2595
5.0	0.2016	-0.2595
6.0	0.189	-0.2595
6.0	0.2037	-0.2595
7.0	0.1989	-0.3786
1.0	0.1368	-0.3786
5.0	0.1616	-0.3786
6.0	0.1664	-0.3786
7.0	0.2106	-0.3786
6.0	0.155	-0.3786
7.0	0.1597	-0.3786
9.0	0.1706	-0.3786
8.0	0.1742	-0.3786
6.0	0.1611	-0.3786
9.0	0.1817	-0.3786
5.0	0.159	-0.3786
4.0	0.1573	-0.3786
7.0	0.1795	-0.3786
8.0	0.1899	-0.3786
6.0	0.1761	-0.3786
5.0	0.1931	-0.3786
6.0	0.2185	-0.3786
6.0	0.1678	-0.3786
8.0	0.173	-0.3786
7.0	0.1917	-0.3786
5.0	0.1599	-0.3786
4.0	0.1608	-0.3786
5.0	0.1645	-0.3786
7.0	0.1732	-0.3786
7.0	0.1627	-0.3786
7.0	0.1579	-0.3786
6.0	0.1668	-0.3786
8.0	0.1805	-0.3786
7.0	0.1979	-0.3786
3.0	0.1544	-0.3786
4.0	0.1572	-0.3786
5.0	0.16	-0.3786
6.0	0.1707	-0.3786
7.0	0.176	-0.3786
8.0	0.1827	-0.3786
5.0	0.2194	-0.3786
7.0	0.1756	-0.3786
8.0	0.1806	-0.3786
9.0	0.1894	-0.3786
6.0	0.1781	-0.3786
7.0	0.1863	-0.3786
4.0	0.2316	-0.3786
1.0	0.1423	-0.3786
2.0	0.146	-0.3786
6.0	0.1606	-0.3786
7.0	0.1646	-0.3786
1.0	0.1449	-0.3786
5.0	0.1647	-0.3786
7.0	0.2055	-0.3786
6.0	0.2058	-0.3786
6.0	0.2104	-0.3786
6.0	0.1844	-0.3786
7.0	0.1813	-0.3793
6.0	0.1661	-0.3793
8.0	0.1802	-0.3793
4.0	0.1582	-0.3793
5.0	0.1628	-0.3793
6.0	0.2109	-0.3793
4.0	0.229	-0.3793
1.0	0.1324	-0.3793
2.0	0.1369	-0.3793
6.0	0.1681	-0.3793
8.0	0.1864	-0.3793
4.0	0.1501	-0.3793
8.0	0.1662	-0.3793
6.0	0.1682	-0.3793
8.0	0.1835	-0.3793
3.0	0.1511	-0.3793
6.0	0.1626	-0.3793
5.0	0.166	-0.3793
7.0	0.1783	-0.3793
8.0	0.1872	-0.3793
2.0	0.1522	-0.3793
6.0	0.1948	-0.3793
5.0	0.15	-0.3793
6.0	0.1536	-0.3793
9.0	0.1724	-0.3793
2.0	0.1445	-0.3793
6.0	0.1603	-0.3793
6.0	0.1826	-0.3793
5.0	0.2176	-0.3793
6.0	0.1622	-0.3793
7.0	0.1684	-0.3793
7.0	0.1961	-0.3793
1.0	0.137	-0.3793
5.0	0.1517	-0.3793
6.0	0.167	-0.3793
9.0	0.193	-0.3793
6.0	0.2059	-0.3793
1.0	0.134	-0.3793
5.0	0.1497	-0.3793
4.0	0.1529	-0.3793
1.0	0.1468	-0.3793
4.0	0.1564	-0.3793
6.0	0.163	-0.3793
7.0	0.1667	-0.3793
8.0	0.1709	-0.3793
6.0	0.2057	-0.3793
3.0	0.146	-0.3793
5.0	0.154	-0.3793
6.0	0.1646	-0.3793
8.0	0.1769	-0.3793
7.0	0.2022	-0.3793
7.0	0.1736	-0.3793
9.0	0.1888	-0.3793
6.0	0.1612	-0.3793
8.0	0.1716	-0.3793
9.0	0.1783	-0.3793
1.0	0.1411	-0.3793
3.0	0.1489	-0.3793
4.0	0.1526	-0.3793
5.0	0.1564	-0.3793
7.0	0.1645	-0.3793
7.0	0.1736	-0.3793
2.0	0.1528	-0.3793
5.0	0.1627	-0.3793
2.0	0.1461	-0.3793
5.0	0.1573	-0.3793
10.0	0.1822	-0.3793
7.0	0.1871	-0.3793
6.0	0.1992	-0.3793
6.0	0.2049	-0.3793
5.0	0.1625	-0.3802
7.0	0.1774	-0.3802
5.0	0.213	-0.3802
4.0	0.1486	-0.3802
8.0	0.1847	-0.3802
5.0	0.158	-0.3802
6.0	0.1631	-0.3802
8.0	0.1754	-0.3802
4.0	0.1512	-0.3802
6.0	0.1581	-0.3802
7.0	0.1823	-0.3802
4.0	0.149	-0.3802
7.0	0.1641	-0.3802
8.0	0.17	-0.3802
9.0	0.177	-0.3802
8.0	0.1717	-0.3802
6.0	0.1758	-0.3802
7.0	0.2055	-0.3802
7.0	0.1764	-0.3802
5.0	0.1596	-0.3802
9.0	0.18	-0.3802
6.0	0.1694	-0.3802
8.0	0.1861	-0.3802
5.0	0.1638	-0.3802
7.0	0.1761	-0.3802
8.0	0.1991	-0.3802
7.0	0.1827	-0.3802
8.0	0.1652	-0.3802
10.0	0.1763	-0.3802
5.0	0.1541	-0.3802
10.0	0.1788	-0.3802
7.0	0.1847	-0.3802
6.0	0.1765	-0.3802
5.0	0.177	-0.3802
5.0	0.2233	-0.3802
6.0	0.174	-0.3802
6.0	0.2026	-0.3802
6.0	0.1626	-0.3802
8.0	0.1727	-0.3802
7.0	0.1844	-0.3802
7.0	0.2	-0.3802
7.0	0.1654	-0.3802
7.0	0.1867	-0.3802
8.0	0.201	-0.3802
6.0	0.1647	-0.3802
8.0	0.173	-0.3802
6.0	0.2004	-0.3805
6.0	0.1584	-0.3805
6.0	0.1622	-0.3805
6.0	0.2133	-0.3805
6.0	0.1573	-0.3805
1.0	0.1337	-0.3805
7.0	0.1621	-0.3805
5.0	0.158	-0.3805
8.0	0.1755	-0.3805
7.0	0.1563	-0.3805
5.0	0.1614	-0.3805
6.0	0.1772	-0.3805
6.0	0.1957	-0.3805
6.0	0.1577	-0.3805
7.0	0.1725	-0.3805
6.0	0.1876	-0.3805
7.0	0.1648	-0.3805
7.0	0.1858	-0.3805
7.0	0.1775	-0.3805
5.0	0.1635	-0.3805
6.0	0.1711	-0.3805
7.0	0.1747	-0.3805
3.0	0.1582	-0.3805
8.0	0.1777	-0.3835
8.0	0.1984	-0.3835
6.0	0.2049	-0.3835
6.0	0.1602	-0.3835
3.0	0.1433	-0.3835
4.0	0.1476	-0.3835
6.0	0.1559	-0.3835
7.0	0.1708	-0.3835
3.0	0.1473	-0.3835
4.0	0.1511	-0.3835
2.0	0.1471	-0.3835
6.0	0.1644	-0.3835
7.0	0.1824	-0.3835
7.0	0.2078	-0.3835
5.0	0.2127	-0.3835
5.0	0.1575	-0.3835
8.0	0.17	-0.3835
9.0	0.1754	-0.3835
7.0	0.1954	-0.3835
6.0	0.1954	-0.3835
8.0	0.1705	-0.3835
9.0	0.1774	-0.3835
7.0	0.1712	-0.3835
7.0	0.1927	-0.3835
1.0	0.1343	-0.3835
4.0	0.1467	-0.3835
5.0	0.1505	-0.3835
7.0	0.1678	-0.3835
8.0	0.1743	-0.3835
5.0	0.1586	-0.3835
8.0	0.1931	-0.3835
7.0	0.204	-0.3835
7.0	0.1873	-0.3835
6.0	0.1826	-0.3835
7.0	0.1991	-0.3835
6.0	0.1734	-0.3835
7.0	0.1814	-0.3835
7.0	0.2108	-0.3835
7.0	0.1731	-0.3835
5.0	0.1683	-0.3835
6.0	0.2081	-0.3835
6.0	0.2143	-0.3835
7.0	0.1994	-0.3835
6.0	0.1978	-0.3835
6.0	0.2114	-0.3835
6.0	0.1756	-0.3843
4.0	0.1488	-0.3843
5.0	0.1526	-0.3843
6.0	0.1564	-0.3843
7.0	0.1603	-0.3843
7.0	0.1759	-0.3843
1.0	0.1419	-0.3843
5.0	0.1564	-0.3843
6.0	0.1601	-0.3843
4.0	0.1623	-0.3843
8.0	0.1889	-0.3843
2.0	0.1374	-0.3843
10.0	0.1761	-0.3843
6.0	0.1665	-0.3843
7.0	0.1719	-0.3843
4.0	0.157	-0.3843
7.0	0.1752	-0.3843
8.0	0.1833	-0.3843
7.0	0.1825	-0.3843
7.0	0.1889	-0.3843
8.0	0.195	-0.3843
3.0	0.1456	-0.3843
7.0	0.1976	-0.3843
6.0	0.1854	-0.3843
5.0	0.1575	-0.3843
7.0	0.1703	-0.3843
5.0	0.1529	-0.3843
7.0	0.1617	-0.3843
2.0	0.1411	-0.3843
4.0	0.1492	-0.3843
7.0	0.1611	-0.3843
4.0	0.167	-0.3843
5.0	0.1719	-0.3843
8.0	0.1964	-0.3843
8.0	0.1984	-0.3843
8.0	0.1765	-0.3843
7.0	0.2025	-0.3843
7.0	0.1664	-0.3843
6.0	0.1733	-0.3843
7.0	0.1903	-0.3843
8.0	0.1796	-0.3843
4.0	0.1639	-0.3843
6.0	0.1764	-0.3843
7.0	0.1852	-0.3843
5.0	0.1773	-0.3843
7.0	0.1945	-0.3843
3.0	0.1561	-0.3843
4.0	0.1602	-0.3843
7.0	0.1751	-0.3843
5.0	0.1671	-0.3843
7.0	0.1779	-0.3843
7.0	0.1899	-0.3843
8.0	0.2043	-0.3843
7.0	0.1905	-0.3863
6.0	0.1668	-0.3863
7.0	0.1729	-0.3863
8.0	0.1896	-0.3863
7.0	0.1676	-0.3863
1.0	0.1364	-0.3863
8.0	0.1678	-0.3863
6.0	0.1658	-0.3863
5.0	0.2261	-0.3863
7.0	0.1708	-0.3863
3.0	0.147	-0.3863
4.0	0.1518	-0.3863
7.0	0.1855	-0.3863
7.0	0.1925	-0.3863
3.0	0.1445	-0.3863
4.0	0.1488	-0.3863
5.0	0.1529	-0.3863
9.0	0.1715	-0.3863
7.0	0.1742	-0.3863
9.0	0.1961	-0.3863
7.0	0.1698	-0.3863
6.0	0.1688	-0.3863
7.0	0.1745	-0.3863
6.0	0.1842	-0.3863
7.0	0.1974	-0.3863
6.0	0.1917	-0.3863
7.0	0.1802	-0.3863
7.0	0.1752	-0.3863
7.0	0.1776	-0.3863
8.0	0.1992	-0.3863
6.0	0.1976	-0.3863
6.0	0.1909	-0.3863
7.0	0.2059	-0.3863
8.0	0.2042	-0.3863
5.0	0.1623	-0.3863
6.0	0.1855	-0.3863
7.0	0.2025	-0.3863
6.0	0.1713	-0.3863
5.0	0.1755	-0.3863
6.0	0.1836	-0.3863
5.0	0.2159	-0.3863
7.0	0.1812	-0.3865
8.0	0.1868	-0.3865
6.0	0.1672	-0.3865
6.0	0.1677	-0.3865
2.0	0.1472	-0.3865
3.0	0.1504	-0.3865
7.0	0.186	-0.3865
6.0	0.1709	-0.3865
2.0	0.1403	-0.3865
3.0	0.148	-0.3865
5.0	0.1553	-0.3865
7.0	0.1852	-0.3865
6.0	0.1815	-0.3865
5.0	0.1721	-0.3865
7.0	0.1869	-0.3865
6.0	0.2076	-0.3865
5.0	0.2218	-0.3865
8.0	0.1658	-0.3865
6.0	0.1663	-0.3865
8.0	0.1814	-0.3865
5.0	0.1623	-0.3865
7.0	0.1732	-0.3865
8.0	0.1803	-0.3865
7.0	0.1729	-0.3865
8.0	0.1783	-0.3865
5.0	0.2084	-0.3865
4.0	0.1466	-0.3865
5.0	0.1506	-0.3865
11.0	0.1797	-0.3865
5.0	0.1595	-0.3865
7.0	0.1709	-0.3865
7.0	0.1973	-0.3865
5.0	0.1783	-0.3865
6.0	0.1868	-0.3865
2.0	0.14	-0.3865
6.0	0.1594	-0.3865
7.0	0.1646	-0.3865
7.0	0.1722	-0.3865
5.0	0.1593	-0.3865
8.0	0.1787	-0.3865
9.0	0.1724	-0.3865
7.0	0.1904	-0.3865
6.0	0.1771	-0.3865
7.0	0.1848	-0.3865
8.0	0.1959	-0.3865
7.0	0.2023	-0.3865
6.0	0.1607	-0.3865
6.0	0.1826	-0.3865
7.0	0.1963	-0.3865
2.0	0.1422	-0.3865
7.0	0.1663	-0.3865
8.0	0.1716	-0.3865
8.0	0.1796	-0.3865
6.0	0.1712	-0.3865
6.0	0.1716	-0.3865
7.0	0.1939	-0.3865
5.0	0.1773	-0.3865
7.0	0.196	-0.3865
5.0	0.1569	-0.3865
7.0	0.1649	-0.3865
9.0	0.1747	-0.3865
2.0	0.1482	-0.3865
7.0	0.1663	-0.3865
6.0	0.208	-0.3865
6.0	0.2077	-0.3865
6.0	0.2039	-0.3865
7.0	0.1836	-0.3865
6.0	0.198	-0.3865
6.0	0.1854	-0.3884
7.0	0.1805	-0.3884
8.0	0.1932	-0.3884
3.0	0.1496	-0.3884
4.0	0.1537	-0.3884
5.0	0.1579	-0.3884
8.0	0.1725	-0.3884
5.0	0.1639	-0.3884
7.0	0.1759	-0.3884
8.0	0.1842	-0.3884
6.0	0.1712	-0.3884
8.0	0.1858	-0.3884
6.0	0.1906	-0.3884
7.0	0.2097	-0.3884
7.0	0.17	-0.3884
8.0	0.1782	-0.3884
5.0	0.1554	-0.3884
7.0	0.185	-0.3884
6.0	0.1728	-0.3884
8.0	0.1909	-0.3884
6.0	0.1812	-0.3884
1.0	0.1354	-0.3884
5.0	0.1545	-0.3884
7.0	0.1872	-0.3884
7.0	0.2139	-0.3884
7.0	0.1608	-0.3884
9.0	0.1708	-0.3884
4.0	0.151	-0.3884
7.0	0.1631	-0.3884
7.0	0.1916	-0.3884
5.0	0.1738	-0.3884
7.0	0.1967	-0.3884
6.0	0.1968	-0.3884
6.0	0.1611	-0.3884
9.0	0.1771	-0.3884
1.0	0.1421	-0.3884
4.0	0.2323	-0.3884
7.0	0.1907	-0.3884
6.0	0.1923	-0.3884
7.0	0.2151	-0.3884
6.0	0.1867	-0.3884
8.0	0.186	-0.3893
2.0	0.1474	-0.3893
4.0	0.1548	-0.3893
6.0	0.1625	-0.3893
7.0	0.1886	-0.3893
6.0	0.2154	-0.3893
6.0	0.1577	-0.3893
7.0	0.1684	-0.3893
6.0	0.1641	-0.3893
7.0	0.1697	-0.3893
2.0	0.1487	-0.3893
6.0	0.1629	-0.3893
1.0	0.1483	-0.3893
9.0	0.177	-0.3893
6.0	0.2011	-0.3893
3.0	0.1434	-0.3893
4.0	0.148	-0.3893
7.0	0.1619	-0.3893
7.0	0.1894	-0.3893
8.0	0.1874	-0.3893
7.0	0.2091	-0.3893
5.0	0.1553	-0.3893
7.0	0.166	-0.3893
7.0	0.1759	-0.3893
1.0	0.1377	-0.3893
5.0	0.1537	-0.3893
7.0	0.1817	-0.3893
7.0	0.1893	-0.3893
7.0	0.18	-0.3893
6.0	0.1812	-0.3893
6.0	0.2185	-0.3893
6.0	0.1641	-0.3893
7.0	0.1696	-0.3893
3.0	0.1506	-0.3893
4.0	0.1545	-0.3893
5.0	0.1585	-0.3893
9.0	0.1787	-0.3893
6.0	0.1665	-0.3893
8.0	0.1777	-0.3893
7.0	0.2066	-0.3893
7.0	0.1862	-0.3893
8.0	0.2034	-0.3893
3.0	0.1489	-0.3893
11.0	0.1813	-0.3893
6.0	0.1789	-0.3893
7.0	0.1883	-0.3893
2.0	0.152	-0.3893
9.0	0.1748	-0.3893
6.0	0.2051	-0.3893
2.0	0.1408	-0.5048
3.0	0.1444	-0.5048
6.0	0.1545	-0.5048
8.0	0.1648	-0.5048
8.0	0.1734	-0.5048
8.0	0.1878	-0.5048
6.0	0.1639	-0.5048
8.0	0.1759	-0.5048
9.0	0.1841	-0.5048
7.0	0.1744	-0.5048
8.0	0.1826	-0.5048
9.0	0.1943	-0.5048
7.0	0.1909	-0.5048
7.0	0.2029	-0.5048
8.0	0.1944	-0.5048
8.0	0.2047	-0.5048
4.0	0.1564	-0.5048
8.0	0.1722	-0.5048
6.0	0.1685	-0.5048
8.0	0.1787	-0.5048
7.0	0.2159	-0.5048
4.0	0.1489	-0.5048
6.0	0.1579	-0.5048
1.0	0.1359	-0.5048
3.0	0.1438	-0.5048
8.0	0.2039	-0.5048
5.0	0.1601	-0.5048
6.0	0.1631	-0.5048
8.0	0.17	-0.5048
7.0	0.1684	-0.5048
8.0	0.1747	-0.5048
9.0	0.1828	-0.5048
7.0	0.1863	-0.5048
7.0	0.1681	-0.5048
6.0	0.1686	-0.5048
8.0	0.1845	-0.5048
2.0	0.1475	-0.5048
9.0	0.1765	-0.5048
4.0	0.1599	-0.5048
5.0	0.1641	-0.5048
8.0	0.1987	-0.5048
6.0	0.2143	-0.5048
10.0	0.1802	-0.5048
7.0	0.1672	-0.5048
7.0	0.1751	-0.5048
8.0	0.1821	-0.5048
7.0	0.195	-0.5048
7.0	0.1965	-0.5048
7.0	0.208	-0.5048
8.0	0.1916	-0.5057
9.0	0.1798	-0.5057
2.0	0.1466	-0.5057
6.0	0.1637	-0.5057
7.0	0.1687	-0.5057
9.0	0.1816	-0.5057
8.0	0.1807	-0.5057
9.0	0.1904	-0.5057
7.0	0.1881	-0.5057
3.0	0.1383	-0.5057
6.0	0.1492	-0.5057
6.0	0.1578	-0.5057
8.0	0.1717	-0.5057
8.0	0.1769	-0.5057
12.0	0.1812	-0.5057
8.0	0.1671	-0.5057
7.0	0.1829	-0.5057
8.0	0.1958	-0.5057
7.0	0.1944	-0.5057
7.0	0.2057	-0.5057
8.0	0.1759	-0.5057
3.0	0.1447	-0.5057
6.0	0.1551	-0.5057
9.0	0.1662	-0.5057
7.0	0.1735	-0.5057
8.0	0.1941	-0.5057
7.0	0.2133	-0.5057
7.0	0.2128	-0.5057
9.0	0.1645	-0.5057
6.0	0.1629	-0.5057
7.0	0.1686	-0.5057
9.0	0.1866	-0.5057
7.0	0.207	-0.5057
7.0	0.204	-0.5057
3.0	0.1532	-0.5057
9.0	0.1757	-0.5057
7.0	0.1952	-0.5057
9.0	0.1721	-0.5057
7.0	0.204	-0.5057
4.0	0.1524	-0.5057
5.0	0.1567	-0.5057
8.0	0.1691	-0.5057
8.0	0.181	-0.5057
9.0	0.1911	-0.5057
4.0	0.1592	-0.5057
6.0	0.1612	-0.5057
8.0	0.2029	-0.5057
7.0	0.1934	-0.5057
5.0	0.1635	-0.5057
6.0	0.1684	-0.5057
7.0	0.174	-0.5057
7.0	0.188	-0.5057
8.0	0.203	-0.5057
6.0	0.1757	-0.5069
7.0	0.184	-0.5069
8.0	0.1884	-0.5069
9.0	0.1866	-0.5069
5.0	0.1546	-0.5069
8.0	0.1657	-0.5069
6.0	0.2122	-0.5069
10.0	0.1862	-0.5069
8.0	0.2012	-0.5069
6.0	0.2291	-0.5069
8.0	0.1877	-0.5069
7.0	0.1669	-0.5069
7.0	0.1891	-0.5069
5.0	0.1523	-0.5069
6.0	0.1564	-0.5069
5.0	0.1612	-0.5069
7.0	0.1733	-0.5069
8.0	0.1814	-0.5069
7.0	0.1913	-0.5069
8.0	0.1984	-0.5069
8.0	0.1648	-0.5069
7.0	0.1842	-0.5069
7.0	0.1961	-0.5069
8.0	0.2019	-0.5069
4.0	0.1545	-0.5069
9.0	0.1799	-0.5069
9.0	0.1792	-0.5069
8.0	0.1976	-0.5069
4.0	0.1544	-0.5069
6.0	0.1615	-0.5069
9.0	0.1747	-0.5069
5.0	0.1612	-0.5069
3.0	0.1467	-0.5073
7.0	0.1625	-0.5073
9.0	0.1721	-0.5073
2.0	0.1463	-0.5073
3.0	0.1502	-0.5073
5.0	0.1581	-0.5073
8.0	0.1718	-0.5073
7.0	0.1625	-0.5073
9.0	0.199	-0.5073
8.0	0.1797	-0.5073
9.0	0.1895	-0.5073
7.0	0.1809	-0.5073
7.0	0.1927	-0.5073
7.0	0.1627	-0.5073
8.0	0.1682	-0.5073
8.0	0.1966	-0.5073
8.0	0.2012	-0.5073
8.0	0.1803	-0.5073
7.0	0.1856	-0.5073
8.0	0.2014	-0.5073
7.0	0.2058	-0.5073
8.0	0.1873	-0.5073
9.0	0.191	-0.5073
7.0	0.2132	-0.5073
8.0	0.1847	-0.5073
7.0	0.1779	-0.5073
8.0	0.1867	-0.5073
5.0	0.1604	-0.5073
7.0	0.17	-0.5073
9.0	0.1917	-0.5073
4.0	0.1607	-0.5073
5.0	0.1645	-0.5073
6.0	0.1687	-0.5073
8.0	0.1792	-0.5073
2.0	0.1547	-0.5073
9.0	0.1906	-0.5073
7.0	0.2067	-0.5073
7.0	0.1908	-0.5113
7.0	0.1704	-0.5113
3.0	0.1517	-0.5113
5.0	0.1579	-0.5113
6.0	0.1611	-0.5113
6.0	0.1825	-0.5113
7.0	0.1943	-0.5113
2.0	0.1388	-0.5113
5.0	0.1517	-0.5113
8.0	0.1649	-0.5113
9.0	0.1702	-0.5113
9.0	0.1888	-0.5113
8.0	0.1755	-0.5113
8.0	0.1942	-0.5113
8.0	0.1837	-0.5113
9.0	0.1978	-0.5113
7.0	0.1694	-0.5113
9.0	0.1842	-0.5113
7.0	0.2088	-0.5113
4.0	0.1502	-0.5113
7.0	0.208	-0.5113
8.0	0.1619	-0.5113
9.0	0.1661	-0.5113
6.0	0.1634	-0.5113
7.0	0.1686	-0.5113
9.0	0.1825	-0.5113
7.0	0.1813	-0.5113
8.0	0.1935	-0.5113
7.0	0.1814	-0.5113
6.0	0.2168	-0.5113
7.0	0.1824	-0.5113
8.0	0.1929	-0.5113
7.0	0.1841	-0.5113
8.0	0.1972	-0.5113
8.0	0.1958	-0.5124
8.0	0.1645	-0.5124
10.0	0.1745	-0.5124
7.0	0.164	-0.5124
10.0	0.1791	-0.5124
8.0	0.2028	-0.5124
8.0	0.164	-0.5124
7.0	0.1604	-0.5124
8.0	0.1649	-0.5124
8.0	0.1826	-0.5124
8.0	0.1796	-0.5124
9.0	0.1901	-0.5124
8.0	0.1944	-0.5124
7.0	0.2044	-0.5124
6.0	0.1578	-0.5124
7.0	0.1629	-0.5124
9.0	0.1751	-0.5124
8.0	0.1697	-0.5124
7.0	0.1642	-0.5124
7.0	0.2069	-0.5124
7.0	0.1964	-0.5124
8.0	0.1786	-0.5124
9.0	0.1721	-0.5124
4.0	0.1542	-0.5124
8.0	0.1766	-0.5124
9.0	0.1854	-0.5124
7.0	0.1744	-0.5124
8.0	0.1797	-0.5124
9.0	0.1892	-0.5124
8.0	0.1939	-0.5124
6.0	0.2166	-0.5124
6.0	0.1574	-0.5124
6.0	0.1656	-0.5124
9.0	0.184	-0.5124
5.0	0.1564	-0.5124
8.0	0.1724	-0.5124
9.0	0.1796	-0.5124
2.0	0.145	-0.5124
6.0	0.1642	-0.5124
7.0	0.1821	-0.5124
8.0	0.1949	-0.5124
7.0	0.1987	-0.5124
6.0	0.2221	-0.5124
8.0	0.1823	-0.5124
8.0	0.1985	-0.5124
6.0	0.227	-0.5124
8.0	0.2135	-0.5124
7.0	0.1734	-0.5124
8.0	0.181	-0.5124
9.0	0.1916	-0.5124
8.0	0.1821	-0.5124
9.0	0.192	-0.5124
9.0	0.1966	-0.5124
6.0	0.211	-0.5124
8.0	0.2063	-0.5124
7.0	0.2071	-0.5151
6.0	0.2207	-0.5151
6.0	0.1614	-0.5151
9.0	0.1839	-0.5151
4.0	0.1498	-0.5151
9.0	0.1894	-0.5151
8.0	0.1889	-0.5151
9.0	0.1909	-0.5151
7.0	0.1921	-0.5151
8.0	0.2003	-0.5151
7.0	0.2217	-0.5151
2.0	0.1402	-0.5151
8.0	0.183	-0.5151
7.0	0.2122	-0.5151
8.0	0.1816	-0.5151
6.0	0.2234	-0.5151
8.0	0.1837	-0.5151
6.0	0.1666	-0.5151
8.0	0.1853	-0.5151
8.0	0.1914	-0.5153
9.0	0.2038	-0.5153
6.0	0.1602	-0.5153
10.0	0.1769	-0.5153
9.0	0.1711	-0.5153
10.0	0.178	-0.5153
3.0	0.1438	-0.5153
5.0	0.1505	-0.5153
6.0	0.1537	-0.5153
4.0	0.1516	-0.5153
8.0	0.1671	-0.5153
9.0	0.184	-0.5153
3.0	0.1443	-0.5153
5.0	0.1526	-0.5153
7.0	0.1611	-0.5153
8.0	0.1933	-0.5153
7.0	0.2068	-0.5153
4.0	0.1608	-0.5153
7.0	0.1756	-0.5153
8.0	0.1895	-0.5153
7.0	0.2106	-0.5153
7.0	0.1998	-0.5153
9.0	0.1928	-0.5153
9.0	0.189	-0.5153
5.0	0.1549	-0.5153
6.0	0.1588	-0.5153
7.0	0.1629	-0.5153
7.0	0.2061	-0.5153
6.0	0.1824	-0.5153
7.0	0.196	-0.5153
8.0	0.1703	-0.5153
8.0	0.1993	-0.5153
6.0	0.2213	-0.5153
4.0	0.1502	-0.5153
6.0	0.1581	-0.5153
9.0	0.1892	-0.5153
8.0	0.1879	-0.5153
9.0	0.2033	-0.5153
8.0	0.1873	-0.5153
4.0	0.1532	-0.5153
6.0	0.1607	-0.5153
4.0	0.1551	-0.5153
5.0	0.1586	-0.5153
9.0	0.1759	-0.5153
6.0	0.2084	-0.5153
7.0	0.2004	-0.5179
10.0	0.1878	-0.5179
9.0	0.1895	-0.5179
10.0	0.1705	-0.5179
7.0	0.1642	-0.5179
8.0	0.1691	-0.5179
9.0	0.175	-0.5179
8.0	0.2003	-0.5179
6.0	0.2204	-0.5179
6.0	0.164	-0.5179
8.0	0.1798	-0.5179
4.0	0.1499	-0.5179
7.0	0.1643	-0.5179
8.0	0.199	-0.5179
8.0	0.1973	-0.5179
8.0	0.2048	-0.5179
8.0	0.1906	-0.5179
7.0	0.1798	-0.5179
4.0	0.1481	-0.5179
6.0	0.1612	-0.5179
9.0	0.1795	-0.5179
10.0	0.1893	-0.5179
8.0	0.182	-0.5179
9.0	0.187	-0.5179
7.0	0.2099	-0.5179
7.0	0.2109	-0.5179
7.0	0.1759	-0.5179
8.0	0.186	-0.5179
3.0	0.147	-0.5179
7.0	0.1722	-0.5179
9.0	0.1879	-0.5179
7.0	0.2103	-0.5179
8.0	0.2039	-0.5179
10.0	0.185	-0.5179
2.0	0.1455	-0.5179
3.0	0.1488	-0.5179
4.0	0.152	-0.5179
8.0	0.2009	-0.5179
6.0	0.215	-0.5179
7.0	0.196	-0.519
9.0	0.1874	-0.519
9.0	0.2008	-0.519
5.0	0.1585	-0.519
8.0	0.1716	-0.519
8.0	0.2054	-0.519
7.0	0.2145	-0.519
4.0	0.1478	-0.519
8.0	0.1688	-0.519
9.0	0.1757	-0.519
8.0	0.1756	-0.519
9.0	0.1849	-0.519
8.0	0.2005	-0.519
7.0	0.1746	-0.519
8.0	0.1827	-0.519
3.0	0.1521	-0.519
3.0	0.1545	-0.519
4.0	0.1576	-0.519
7.0	0.1679	-0.519
6.0	0.1571	-0.519
8.0	0.1671	-0.519
8.0	0.1942	-0.519
6.0	0.2153	-0.519
5.0	0.2358	-0.519
4.0	0.1503	-0.519
6.0	0.1604	-0.519
8.0	0.1724	-0.519
9.0	0.203	-0.519
9.0	0.1708	-0.519
8.0	0.1906	-0.519
7.0	0.1922	-0.519
7.0	0.2099	-0.519
6.0	0.1627	-0.519
4.0	0.1579	-0.519
5.0	0.162	-0.519
7.0	0.1716	-0.519
9.0	0.1856	-0.519
7.0	0.2027	-0.519
7.0	0.1847	-0.519
5.0	0.1603	-0.519
8.0	0.1762	-0.519
7.0	0.1845	-0.519
6.0	0.1636	-0.519
7.0	0.1668	-0.519
10.0	0.1799	-0.519
5.0	0.2256	-0.519
7.0	0.2051	-0.519
7.0	0.1579	-0.631
8.0	0.1967	-0.631
8.0	0.1784	-0.631
9.0	0.187	-0.631
10.0	0.1774	-0.631
7.0	0.1694	-0.631
9.0	0.2077	-0.631
8.0	0.1873	-0.631
9.0	0.1807	-0.631
7.0	0.1676	-0.631
8.0	0.1679	-0.631
9.0	0.174	-0.631
10.0	0.1815	-0.631
8.0	0.1616	-0.631
9.0	0.1655	-0.631
10.0	0.1793	-0.631
10.0	0.1943	-0.631
8.0	0.2027	-0.631
10.0	0.1862	-0.631
9.0	0.1921	-0.631
6.0	0.1631	-0.631
8.0	0.1719	-0.631
9.0	0.1776	-0.631
9.0	0.2098	-0.6322
9.0	0.191	-0.6322
8.0	0.1744	-0.6322
8.0	0.2027	-0.6322
1.0	0.1295	-0.6322
4.0	0.1422	-0.6322
5.0	0.1458	-0.6322
4.0	0.1448	-0.6322
6.0	0.152	-0.6322
8.0	0.1592	-0.6322
11.0	0.1718	-0.6322
9.0	0.1961	-0.6322
9.0	0.1775	-0.6322
7.0	0.1676	-0.6322
9.0	0.176	-0.6322
7.0	0.2196	-0.6322
9.0	0.1873	-0.6322
1.0	0.1343	-0.6322
8.0	0.161	-0.6322
7.0	0.1625	-0.6322
8.0	0.1694	-0.6322
7.0	0.2189	-0.6322
9.0	0.1855	-0.6322
7.0	0.1586	-0.6322
7.0	0.1569	-0.6322
8.0	0.1753	-0.6322
9.0	0.1839	-0.6322
10.0	0.1965	-0.6322
5.0	0.1596	-0.6322
7.0	0.1623	-0.6322
8.0	0.1669	-0.6322
7.0	0.1702	-0.6322
9.0	0.1854	-0.6322
8.0	0.1753	-0.6322
9.0	0.1812	-0.6322
8.0	0.2123	-0.6322
8.0	0.17	-0.6322
9.0	0.1754	-0.6322
8.0	0.1809	-0.6322
6.0	0.2327	-0.6322
8.0	0.1961	-0.6337
9.0	0.1921	-0.6337
10.0	0.1752	-0.6337
8.0	0.1932	-0.6337
9.0	0.2014	-0.6337
9.0	0.1783	-0.6337
10.0	0.187	-0.6337
9.0	0.1933	-0.6337
10.0	0.1897	-0.6337
8.0	0.2054	-0.6337
8.0	0.1922	-0.6337
9.0	0.2086	-0.6337
7.0	0.1624	-0.6337
9.0	0.1724	-0.6337
9.0	0.1928	-0.6337
1.0	0.1464	-0.6337
3.0	0.1516	-0.6337
6.0	0.1593	-0.6337
8.0	0.1954	-0.6337
8.0	0.2197	-0.6337
10.0	0.1889	-0.6337
7.0	0.1673	-0.6337
10.0	0.1878	-0.6337
10.0	0.1809	-0.6337
6.0	0.2293	-0.6337
10.0	0.185	-0.6337
11.0	0.1947	-0.6337
7.0	0.2252	-0.6337
8.0	0.167	-0.6341
7.0	0.1667	-0.6341
9.0	0.1779	-0.6341
7.0	0.2124	-0.6341
5.0	0.1524	-0.6341
9.0	0.1751	-0.6341
10.0	0.1837	-0.6341
8.0	0.1674	-0.6341
7.0	0.1688	-0.6341
9.0	0.184	-0.6341
1.0	0.1383	-0.6341
6.0	0.1534	-0.6341
8.0	0.192	-0.6341
8.0	0.2156	-0.6341
7.0	0.1856	-0.6341
7.0	0.2192	-0.6341
9.0	0.1745	-0.6341
10.0	0.1825	-0.6341
11.0	0.1939	-0.6341
9.0	0.191	-0.6341
9.0	0.2053	-0.6341
7.0	0.1965	-0.6341
5.0	0.1551	-0.6341
9.0	0.1771	-0.6341
8.0	0.1805	-0.6341
7.0	0.2192	-0.6341
8.0	0.1999	-0.6341
8.0	0.2009	-0.6341
8.0	0.1878	-0.6341
9.0	0.2003	-0.6341
8.0	0.1923	-0.6341
8.0	0.2056	-0.6341
8.0	0.176	-0.6341
7.0	0.1734	-0.6341
9.0	0.1868	-0.6341
8.0	0.1818	-0.6341
8.0	0.2099	-0.6391
9.0	0.1875	-0.6391
8.0	0.2069	-0.6391
7.0	0.1645	-0.6391
9.0	0.1724	-0.6391
8.0	0.2183	-0.6391
7.0	0.1663	-0.6391
9.0	0.1821	-0.6391
7.0	0.1603	-0.6391
6.0	0.1588	-0.6391
8.0	0.1673	-0.6391
9.0	0.183	-0.6391
9.0	0.1543	-0.6391
7.0	0.1655	-0.6391
7.0	0.2258	-0.6391
8.0	0.1992	-0.6391
9.0	0.1871	-0.6391
8.0	0.2147	-0.6391
7.0	0.1579	-0.6391
9.0	0.1825	-0.6391
10.0	0.1942	-0.6391
8.0	0.1748	-0.6391
10.0	0.1934	-0.6391
8.0	0.2105	-0.6391
8.0	0.2015	-0.6391
8.0	0.1956	-0.6391
8.0	0.1807	-0.6391
9.0	0.1911	-0.6391
6.0	0.2311	-0.6391
7.0	0.2269	-0.6391
9.0	0.1691	-0.6405
9.0	0.1998	-0.6405
9.0	0.1732	-0.6405
7.0	0.2055	-0.6405
8.0	0.1734	-0.6405
9.0	0.1824	-0.6405
9.0	0.1692	-0.6405
5.0	0.152	-0.6405
8.0	0.183	-0.6405
9.0	0.1951	-0.6405
8.0	0.2055	-0.6405
8.0	0.1685	-0.6405
6.0	0.1592	-0.6405
8.0	0.1692	-0.6405
9.0	0.1751	-0.6405
10.0	0.1824	-0.6405
8.0	0.1959	-0.6405
6.0	0.2337	-0.6405
10.0	0.1788	-0.6405
6.0	0.157	-0.6405
6.0	0.1641	-0.6405
7.0	0.1698	-0.6405
10.0	0.1986	-0.6405
8.0	0.1827	-0.6405
9.0	0.1947	-0.6405
7.0	0.2148	-0.6405
7.0	0.1618	-0.6405
10.0	0.1786	-0.6405
7.0	0.2193	-0.6405
9.0	0.1853	-0.6405
8.0	0.2058	-0.6405
9.0	0.1932	-0.6405
8.0	0.1855	-0.6405
7.0	0.216	-0.6439
9.0	0.1908	-0.6439
9.0	0.2065	-0.6439
9.0	0.1735	-0.6439
11.0	0.1902	-0.6439
8.0	0.1793	-0.6439
2.0	0.1462	-0.6439
3.0	0.1494	-0.6439
10.0	0.1749	-0.6439
9.0	0.2038	-0.6439
8.0	0.174	-0.6439
9.0	0.1822	-0.6439
2.0	0.1415	-0.6439
3.0	0.1451	-0.6439
4.0	0.1486	-0.6439
6.0	0.1553	-0.6439
10.0	0.1705	-0.6439
11.0	0.1756	-0.6439
8.0	0.2178	-0.6439
7.0	0.2179	-0.6439
8.0	0.2103	-0.6439
7.0	0.1614	-0.6439
8.0	0.1662	-0.6439
9.0	0.1844	-0.6439
7.0	0.2111	-0.6439
8.0	0.1926	-0.6439
8.0	0.1771	-0.6439
9.0	0.1844	-0.6439
9.0	0.1969	-0.6439
8.0	0.1825	-0.6441
9.0	0.1947	-0.6441
9.0	0.1931	-0.6441
7.0	0.1637	-0.6441
8.0	0.1675	-0.6441
9.0	0.1718	-0.6441
8.0	0.2	-0.6441
9.0	0.1927	-0.6441
8.0	0.1654	-0.6441
9.0	0.1792	-0.6441
1.0	0.1365	-0.6441
10.0	0.1675	-0.6441
2.0	0.1443	-0.6441
7.0	0.1629	-0.6441
9.0	0.172	-0.6441
8.0	0.1998	-0.6441
8.0	0.2168	-0.6441
8.0	0.1999	-0.6441
10.0	0.1979	-0.6441
4.0	0.1485	-0.6441
9.0	0.1899	-0.6441
7.0	0.1587	-0.6441
9.0	0.1958	-0.6441
8.0	0.1843	-0.6441
9.0	0.2066	-0.6441
9.0	0.1777	-0.6441
10.0	0.187	-0.6441
8.0	0.1917	-0.6441
8.0	0.208	-0.6441
8.0	0.1783	-0.6441
9.0	0.1884	-0.6441
7.0	0.1652	-0.6441
9.0	0.1763	-0.6441
3.0	0.1463	-0.6441
7.0	0.2214	-0.6441
8.0	0.2187	-0.6441
10.0	0.1813	-0.6441
6.0	0.1623	-0.6441
8.0	0.1707	-0.6441
6.0	0.1694	-0.6474
10.0	0.2094	-0.6474
1.0	0.1346	-0.6474
4.0	0.1468	-0.6474
6.0	0.1541	-0.6474
8.0	0.1617	-0.6474
10.0	0.1822	-0.6474
8.0	0.2125	-0.6474
8.0	0.17	-0.6474
9.0	0.1768	-0.6474
10.0	0.1855	-0.6474
7.0	0.1801	-0.6474
8.0	0.2112	-0.6474
11.0	0.185	-0.6474
8.0	0.1723	-0.6474
7.0	0.2169	-0.6474
9.0	0.2022	-0.6474
9.0	0.1729	-0.6474
11.0	0.1878	-0.6474
8.0	0.216	-0.6474
8.0	0.1789	-0.6474
7.0	0.2235	-0.6474
7.0	0.1658	-0.6474
8.0	0.1709	-0.6474
7.0	0.1618	-0.6474
8.0	0.1655	-0.6474
8.0	0.211	-0.6474
8.0	0.205	-0.6474
7.0	0.1987	-0.6474
8.0	0.1777	-0.6488
7.0	0.1668	-0.6488
9.0	0.1774	-0.6488
9.0	0.1849	-0.6488
9.0	0.1944	-0.6488
9.0	0.1768	-0.6488
10.0	0.1832	-0.6488
9.0	0.1731	-0.6488
10.0	0.1805	-0.6488
9.0	0.1803	-0.6488
10.0	0.1913	-0.6488
2.0	0.142	-0.6488
8.0	0.1948	-0.6488
8.0	0.2093	-0.6488
7.0	0.2171	-0.6488
8.0	0.2124	-0.6488
9.0	0.1989	-0.6488
8.0	0.1762	-0.6488
8.0	0.1724	-0.6488
4.0	0.1522	-0.6488
5.0	0.1555	-0.6488
6.0	0.1588	-0.6488
8.0	0.1661	-0.6488
8.0	0.198	-0.6488
8.0	0.2034	-0.6488
10.0	0.195	-0.6488
8.0	0.1975	-0.6488
4.0	0.1576	-0.6488
5.0	0.1605	-0.6488
4.0	0.1479	-0.7572
8.0	0.1614	-0.7572
11.0	0.1741	-0.7572
10.0	0.2003	-0.7572
9.0	0.1832	-0.7572
10.0	0.1934	-0.7572
9.0	0.2061	-0.7572
8.0	0.2169	-0.7572
8.0	0.2113	-0.7572
9.0	0.2153	-0.7572
9.0	0.2061	-0.7572
10.0	0.1912	-0.7572
8.0	0.2176	-0.7572
10.0	0.1845	-0.7572
11.0	0.1944	-0.7572
9.0	0.1859	-0.7572
10.0	0.1964	-0.7572
10.0	0.1699	-0.7572
11.0	0.1749	-0.7572
9.0	0.191	-0.7572
10.0	0.2092	-0.7572
7.0	0.1664	-0.7572
9.0	0.1742	-0.7572
11.0	0.1858	-0.7572
8.0	0.1729	-0.7572
9.0	0.1786	-0.7572
10.0	0.2082	-0.7572
9.0	0.1981	-0.7572
8.0	0.171	-0.7572
10.0	0.2036	-0.7572
9.0	0.174	-0.7572
10.0	0.1847	-0.7572
9.0	0.1917	-0.7572
10.0	0.2083	-0.7572
8.0	0.2192	-0.7572
8.0	0.2235	-0.7572
10.0	0.1897	-0.7586
10.0	0.1916	-0.7586
10.0	0.2068	-0.7586
8.0	0.156	-0.7586
10.0	0.1632	-0.7586
3.0	0.141	-0.7586
5.0	0.1484	-0.7586
9.0	0.163	-0.7586
9.0	0.2033	-0.7586
9.0	0.1711	-0.7586
10.0	0.185	-0.7586
9.0	0.201	-0.7586
4.0	0.158	-0.7586
6.0	0.1641	-0.7586
8.0	0.1715	-0.7586
10.0	0.1817	-0.7586
7.0	0.1573	-0.7586
9.0	0.1651	-0.7586
10.0	0.1695	-0.7586
9.0	0.175	-0.7586
10.0	0.1819	-0.7586
8.0	0.2184	-0.7586
10.0	0.2006	-0.7586
8.0	0.1623	-0.7586
11.0	0.1758	-0.7586
9.0	0.2198	-0.7586
7.0	0.2284	-0.7586
6.0	0.1533	-0.7586
12.0	0.1801	-0.7586
10.0	0.2008	-0.7586
11.0	0.1897	-0.7586
8.0	0.2206	-0.7586
10.0	0.1784	-0.7586
5.0	0.1597	-0.7586
10.0	0.1984	-0.7586
10.0	0.1871	-0.7586
9.0	0.1744	-0.7586
10.0	0.181	-0.7586
11.0	0.1899	-0.7586
9.0	0.1891	-0.7586
10.0	0.2035	-0.7586
10.0	0.1892	-0.7586
8.0	0.2158	-0.7586
9.0	0.1904	-0.7586
9.0	0.207	-0.7604
10.0	0.2001	-0.7604
7.0	0.2361	-0.7604
9.0	0.2002	-0.7604
9.0	0.1838	-0.7604
10.0	0.1962	-0.7604
7.0	0.1618	-0.7604
9.0	0.1701	-0.7604
11.0	0.2004	-0.7604
11.0	0.2003	-0.7604
9.0	0.207	-0.7604
9.0	0.201	-0.7604
9.0	0.1974	-0.7604
9.0	0.1703	-0.7604
11.0	0.1839	-0.7604
11.0	0.1872	-0.7604
8.0	0.2146	-0.7604
2.0	0.149	-0.7604
5.0	0.1567	-0.7604
9.0	0.2161	-0.7604
11.0	0.2014	-0.7604
8.0	0.1697	-0.7604
11.0	0.1892	-0.7604
9.0	0.1783	-0.7604
11.0	0.1862	-0.7609
9.0	0.2035	-0.7609
9.0	0.1735	-0.7609
10.0	0.1966	-0.7609
2.0	0.1417	-0.7609
3.0	0.1448	-0.7609
8.0	0.1591	-0.7609
8.0	0.1984	-0.7609
8.0	0.2267	-0.7609
7.0	0.2316	-0.7609
11.0	0.199	-0.7609
9.0	0.2042	-0.7609
9.0	0.205	-0.7609
9.0	0.1978	-0.7609
9.0	0.1836	-0.7609
10.0	0.1945	-0.7609
10.0	0.205	-0.7609
10.0	0.2032	-0.767
8.0	0.1682	-0.767
10.0	0.2061	-0.767
1.0	0.1312	-0.767
2.0	0.1349	-0.767
8.0	0.1759	-0.767
10.0	0.182	-0.767
10.0	0.1864	-0.767
11.0	0.2004	-0.767
10.0	0.2013	-0.767
9.0	0.2183	-0.767
9.0	0.2149	-0.767
10.0	0.2094	-0.767
11.0	0.181	-0.7686
8.0	0.1683	-0.7686
9.0	0.2039	-0.7686
10.0	0.1752	-0.7686
11.0	0.1828	-0.7686
9.0	0.1701	-0.7686
11.0	0.1837	-0.7686
9.0	0.1956	-0.7686
9.0	0.2186	-0.7686
9.0	0.2168	-0.7686
10.0	0.1834	-0.7686
9.0	0.1761	-0.7686
10.0	0.1845	-0.7686
6.0	0.1597	-0.7686
8.0	0.2188	-0.7686
9.0	0.1898	-0.7686
8.0	0.1666	-0.7686
8.0	0.1655	-0.7686
9.0	0.1705	-0.7686
10.0	0.2048	-0.7686
9.0	0.2172	-0.7686
8.0	0.2251	-0.7686
9.0	0.2192	-0.7686
8.0	0.1666	-0.7686
9.0	0.172	-0.7686
11.0	0.1872	-0.7686
10.0	0.1894	-0.7686
9.0	0.1896	-0.7686
10.0	0.2066	-0.7686
9.0	0.2041	-0.7686
8.0	0.2148	-0.7726
10.0	0.1977	-0.7726
10.0	0.1806	-0.7726
10.0	0.2065	-0.7726
1.0	0.1428	-0.7726
4.0	0.1526	-0.7726
7.0	0.1624	-0.7726
9.0	0.1701	-0.7726
10.0	0.1938	-0.7726
5.0	0.1519	-0.7726
7.0	0.1587	-0.7726
9.0	0.1662	-0.7726
9.0	0.1914	-0.7726
10.0	0.2084	-0.7726
9.0	0.2005	-0.7726
7.0	0.2363	-0.7726
10.0	0.1949	-0.7726
8.0	0.2173	-0.7726
8.0	0.2195	-0.7726
9.0	0.2092	-0.773
5.0	0.1568	-0.773
11.0	0.1833	-0.773
10.0	0.1894	-0.773
7.0	0.1569	-0.773
10.0	0.1777	-0.773
6.0	0.1568	-0.773
9.0	0.171	-0.773
10.0	0.1773	-0.773
9.0	0.1933	-0.773
10.0	0.2061	-0.773
9.0	0.1853	-0.773
10.0	0.1954	-0.773
8.0	0.163	-0.773
9.0	0.1677	-0.773
9.0	0.1879	-0.773
10.0	0.2036	-0.773
9.0	0.1974	-0.773
8.0	0.2292	-0.773
8.0	0.1673	-0.773
8.0	0.2097	-0.773
10.0	0.2052	-0.773
8.0	0.232	-0.773
10.0	0.1781	-0.773
6.0	0.1615	-0.773
9.0	0.2013	-0.773
8.0	0.2155	-0.773
8.0	0.1694	-0.773
8.0	0.1949	-0.773
9.0	0.2173	-0.773
7.0	0.2372	-0.773
9.0	0.179	-0.7768
9.0	0.1964	-0.7768
9.0	0.1981	-0.7768
9.0	0.1658	-0.7768
6.0	0.1597	-0.7768
9.0	0.2093	-0.7768
9.0	0.1919	-0.7768
9.0	0.2092	-0.7768
9.0	0.2053	-0.7768
8.0	0.1655	-0.7768
9.0	0.1939	-0.7768
10.0	0.1793	-0.7768
11.0	0.1797	-0.7768
8.0	0.2263	-0.7785
11.0	0.1954	-0.7785
10.0	0.1992	-0.7785
8.0	0.1714	-0.7785
8.0	0.2131	-0.7785
9.0	0.2031	-0.7785
8.0	0.1948	-0.7785
7.0	0.1616	-0.7785
10.0	0.1765	-0.7785
9.0	0.209	-0.7785
10.0	0.1973	-0.7785
9.0	0.1703	-0.7785
7.0	0.1701	-0.7785
9.0	0.1839	-0.7785
5.0	0.1512	-0.8834
9.0	0.1652	-0.8834
10.0	0.1965	-0.8834
10.0	0.2178	-0.8834
11.0	0.2099	-0.8834
10.0	0.1834	-0.8834
9.0	0.2294	-0.8834
11.0	0.1951	-0.8834
10.0	0.2101	-0.885
7.0	0.1526	-0.885
11.0	0.1672	-0.885
7.0	0.1555	-0.885
10.0	0.1769	-0.885
11.0	0.1842	-0.885
10.0	0.2045	-0.885
10.0	0.1788	-0.885
11.0	0.1872	-0.885
12.0	0.2001	-0.885
11.0	0.1914	-0.885
9.0	0.2258	-0.885
10.0	0.1707	-0.885
10.0	0.215	-0.885
8.0	0.1606	-0.885
10.0	0.1817	-0.885
10.0	0.2027	-0.885
11.0	0.2007	-0.885
10.0	0.2086	-0.885
7.0	0.1654	-0.885
11.0	0.1915	-0.885
10.0	0.2062	-0.885
9.0	0.2226	-0.8871
10.0	0.2105	-0.8871
10.0	0.1887	-0.8871
9.0	0.2135	-0.8871
10.0	0.218	-0.8871
12.0	0.2002	-0.8871
11.0	0.1755	-0.8871
9.0	0.2178	-0.8871
11.0	0.2034	-0.8871
10.0	0.1782	-0.8878
10.0	0.1857	-0.8878
11.0	0.1964	-0.8878
10.0	0.181	-0.8878
11.0	0.1913	-0.8878
4.0	0.1478	-0.8878
5.0	0.1506	-0.8878
11.0	0.1688	-0.8878
10.0	0.2058	-0.8878
9.0	0.2126	-0.8878
9.0	0.2314	-0.8878
10.0	0.21	-0.8878
10.0	0.1858	-0.8878
10.0	0.2095	-0.8878
9.0	0.2085	-0.8878
10.0	0.209	-0.8878
10.0	0.1981	-0.8878
11.0	0.1838	-0.8948
10.0	0.1949	-0.8948
10.0	0.1784	-0.8948
10.0	0.1937	-0.8948
9.0	0.218	-0.8948
10.0	0.1964	-0.8948
11.0	0.1912	-0.8948
8.0	0.2251	-0.8948
10.0	0.1709	-0.8948
11.0	0.1765	-0.8948
9.0	0.2159	-0.8948
9.0	0.2311	-0.8948
9.0	0.2214	-0.8967
11.0	0.1869	-0.8967
10.0	0.1956	-0.8967
10.0	0.2083	-0.8967
9.0	0.1952	-0.8967
11.0	0.1967	-0.8967
11.0	0.1927	-0.8967
9.0	0.2282	-0.8967
10.0	0.2099	-0.8967
11.0	0.1877	-0.8967
10.0	0.1763	-0.8967
11.0	0.1836	-0.8967
10.0	0.1985	-0.8967
9.0	0.2231	-0.8967
8.0	0.2342	-0.8967
10.0	0.2137	-0.8967
10.0	0.2103	-0.8967
10.0	0.2196	-0.8967
10.0	0.2089	-0.9014
11.0	0.1807	-0.9014
10.0	0.2123	-0.9014
8.0	0.1623	-0.9014
10.0	0.1779	-0.9014
10.0	0.1965	-0.9014
8.0	0.2313	-0.9014
9.0	0.2173	-0.9014
10.0	0.2143	-0.9018
10.0	0.2095	-0.9018
4.0	0.1472	-0.9018
8.0	0.1602	-0.9018
8.0	0.2416	-0.9018
11.0	0.2019	-0.9018
10.0	0.2165	-0.9018
10.0	0.2062	-0.9018
9.0	0.2123	-0.9018
8.0	0.2305	-0.9018
9.0	0.2184	-0.9018
10.0	0.184	-0.9018
11.0	0.1861	-0.9018
9.0	0.178	-0.9018
10.0	0.2053	-0.9018
10.0	0.1824	-0.9018
11.0	0.1913	-0.9018
9.0	0.2201	-0.9063
11.0	0.1759	-0.9063
11.0	0.1924	-0.9063
11.0	0.2055	-0.9063
10.0	0.2008	-0.9063
10.0	0.2021	-0.9063
8.0	0.2333	-0.9063
11.0	0.1967	-0.9063
6.0	0.1585	-0.9063
10.0	0.1741	-0.9063
8.0	0.2274	-0.9063
10.0	0.203	-0.9083
10.0	0.1847	-0.9083
10.0	0.1836	-0.9083
11.0	0.1932	-0.9083
11.0	0.1919	-0.9083
11.0	0.1906	-0.9083
9.0	0.2185	-0.9083
9.0	0.218	-0.9083
8.0	0.1659	-0.9083
9.0	0.2242	-0.9083
10.0	0.1869	-0.9083
10.0	0.1973	-0.9083
8.0	0.1705	-0.9083
10.0	0.1693	-1.0096
9.0	0.2352	-1.0096
11.0	0.1864	-1.0096
10.0	0.1963	-1.0096
11.0	0.1921	-1.0096
12.0	0.1812	-1.0096
11.0	0.1973	-1.0096
11.0	0.1932	-1.0096
11.0	0.1885	-1.0096
11.0	0.2063	-1.0115
11.0	0.2089	-1.0115
9.0	0.1595	-1.0115
13.0	0.1771	-1.0115
10.0	0.1671	-1.0115
12.0	0.1774	-1.0115
13.0	0.1846	-1.0115
10.0	0.2248	-1.0115
11.0	0.1958	-1.0115
11.0	0.1747	-1.0115
12.0	0.2078	-1.0115
10.0	0.1689	-1.0115
11.0	0.1867	-1.0115
11.0	0.2016	-1.0115
11.0	0.2059	-1.0139
11.0	0.1815	-1.0139
12.0	0.1901	-1.0139
11.0	0.206	-1.0139
12.0	0.195	-1.0139
10.0	0.2145	-1.0139
4.0	0.1541	-1.0139
9.0	0.168	-1.0139
10.0	0.1715	-1.0139
12.0	0.1805	-1.0139
9.0	0.2323	-1.0139
12.0	0.2023	-1.0139
11.0	0.1975	-1.0146
9.0	0.1621	-1.0146
10.0	0.1653	-1.0146
12.0	0.1728	-1.0146
10.0	0.2317	-1.0146
10.0	0.1774	-1.0226
12.0	0.1926	-1.0226
10.0	0.1763	-1.0226
12.0	0.1955	-1.0226
11.0	0.1863	-1.0226
11.0	0.2139	-1.0226
3.0	0.1382	-1.0226
5.0	0.1441	-1.0226
8.0	0.1518	-1.0226
12.0	0.1837	-1.0226
13.0	0.1938	-1.0226
11.0	0.2178	-1.0226
11.0	0.2139	-1.0226
9.0	0.2267	-1.0226
12.0	0.19	-1.0248
12.0	0.1936	-1.0248
12.0	0.1947	-1.0248
10.0	0.2215	-1.0248
10.0	0.2198	-1.0248
11.0	0.1955	-1.0248
12.0	0.2018	-1.0248
12.0	0.1941	-1.0248
10.0	0.2195	-1.0248
12.0	0.2005	-1.0248
10.0	0.1948	-1.0248
11.0	0.2059	-1.0248
9.0	0.2365	-1.0248
10.0	0.2091	-1.0248
12.0	0.2064	-1.0302
12.0	0.1884	-1.0302
12.0	0.1819	-1.0302
13.0	0.1905	-1.0302
12.0	0.1988	-1.0302
10.0	0.2248	-1.0302
11.0	0.2151	-1.0302
10.0	0.2221	-1.0302
10.0	0.2205	-1.0306
12.0	0.1921	-1.0306
11.0	0.1872	-1.0306
12.0	0.2015	-1.0306
11.0	0.2065	-1.0306
9.0	0.1637	-1.0306
12.0	0.1769	-1.0306
11.0	0.1851	-1.0306
9.0	0.2392	-1.0306
11.0	0.1854	-1.0306
10.0	0.217	-1.0306
9.0	0.2181	-1.0306
11.0	0.2145	-1.0306
10.0	0.1731	-1.0306
12.0	0.1884	-1.0306
13.0	0.2024	-1.0306
10.0	0.1785	-1.0306
11.0	0.1865	-1.0306
11.0	0.1951	-1.0306
12.0	0.198	-1.0306
10.0	0.1864	-1.0306
11.0	0.1991	-1.0306
11.0	0.1902	-1.0306
12.0	0.2048	-1.0306
12.0	0.2062	-1.0306
11.0	0.2015	-1.0358
10.0	0.2235	-1.0358
10.0	0.2275	-1.0358
12.0	0.1828	-1.0358
13.0	0.1923	-1.0358
10.0	0.2155	-1.0358
11.0	0.1987	-1.0358
10.0	0.177	-1.0358
10.0	0.2177	-1.0358
9.0	0.1695	-1.0358
12.0	0.187	-1.0358
10.0	0.1846	-1.038
11.0	0.1979	-1.038
10.0	0.1976	-1.038
10.0	0.2177	-1.038
11.0	0.211	-1.038
11.0	0.1839	-1.038
12.0	0.1943	-1.038
11.0	0.1994	-1.038
11.0	0.2229	-1.038
10.0	0.1752	-1.038
12.0	0.1894	-1.038
9.0	0.2356	-1.038
9.0	0.2311	-1.038
11.0	0.1866	-1.038
12.0	0.18	-1.1358
12.0	0.2004	-1.1358
11.0	0.2296	-1.1358
11.0	0.2165	-1.1358
11.0	0.2229	-1.1358
12.0	0.2125	-1.1358
11.0	0.2174	-1.1358
13.0	0.1897	-1.1358
12.0	0.1951	-1.1358
11.0	0.2172	-1.1358
10.0	0.2402	-1.1358
12.0	0.2107	-1.1358
12.0	0.2014	-1.1358
12.0	0.2148	-1.1358
12.0	0.1948	-1.1379
12.0	0.2172	-1.1379
11.0	0.1892	-1.1379
12.0	0.2009	-1.1379
12.0	0.1823	-1.1379
13.0	0.1912	-1.1379
11.0	0.1739	-1.1379
12.0	0.2025	-1.1379
12.0	0.1992	-1.1379
12.0	0.2045	-1.1379
12.0	0.2074	-1.1379
11.0	0.2239	-1.1406
10.0	0.2284	-1.1406
13.0	0.187	-1.1406
12.0	0.2126	-1.1406
12.0	0.2097	-1.1414
11.0	0.2258	-1.1414
13.0	0.1776	-1.1414
11.0	0.2155	-1.1414
11.0	0.2229	-1.1414
11.0	0.223	-1.1504
11.0	0.1841	-1.1504
12.0	0.1982	-1.1504
6.0	0.1468	-1.1504
12.0	0.1618	-1.1504
11.0	0.2237	-1.1504
12.0	0.1986	-1.1529
10.0	0.2261	-1.1529
11.0	0.2157	-1.1529
13.0	0.2002	-1.1589
11.0	0.217	-1.1589
11.0	0.1862	-1.1589
10.0	0.2273	-1.1589
11.0	0.2235	-1.1589
11.0	0.1718	-1.1595
12.0	0.1958	-1.1595
12.0	0.1975	-1.1595
10.0	0.2274	-1.1595
10.0	0.2312	-1.1595
12.0	0.1969	-1.1653
12.0	0.2009	-1.1653
11.0	0.2293	-1.1678
12.0	0.2102	-1.1678
12.0	0.2062	-1.1678
13.0	0.2022	-1.1678
11.0	0.2172	-1.1678
12.0	0.1963	-1.1678
12.0	0.2111	-1.262
14.0	0.2033	-1.262
12.0	0.2206	-1.262
13.0	0.2152	-1.2643
14.0	0.2009	-1.2643
11.0	0.2257	-1.2643
11.0	0.2329	-1.2643
13.0	0.2039	-1.2673
13.0	0.2167	-1.2673
12.0	0.1981	-1.2682
12.0	0.2234	-1.2682
12.0	0.2257	-1.2682
12.0	0.2163	-1.2682
13.0	0.2076	-1.2783
7.0	0.1493	-1.2783
14.0	0.1676	-1.2783
12.0	0.2065	-1.2783
13.0	0.2047	-1.281
11.0	0.2268	-1.281
13.0	0.214	-1.281
12.0	0.2215	-1.281
12.0	0.2244	-1.281
12.0	0.2114	-1.281
11.0	0.238	-1.281
11.0	0.2352	-1.281
13.0	0.1834	-1.2883
14.0	0.1923	-1.2883
12.0	0.1986	-1.2883
12.0	0.217	-1.2883
12.0	0.233	-1.2883
12.0	0.2106	-1.2947
12.0	0.222	-1.2947
13.0	0.1979	-1.2947
12.0	0.2163	-1.2975
12.0	0.2081	-1.2975
13.0	0.214	-1.2975
11.0	0.2273	-1.2975
12.0	0.2319	-1.2975
13.0	0.215	-1.2975
13.0	0.1877	-1.3882
14.0	0.1994	-1.3882
13.0	0.2121	-1.3882
14.0	0.1839	-1.3908
15.0	0.1935	-1.3908
14.0	0.1948	-1.3908
13.0	0.1898	-1.3908
14.0	0.2039	-1.3908
14.0	0.2059	-1.3908
13.0	0.1882	-1.3908
12.0	0.2418	-1.3908
14.0	0.1965	-1.3941
13.0	0.2257	-1.3951
14.0	0.1836	-1.3951
15.0	0.1919	-1.3951
12.0	0.2386	-1.3951
13.0	0.2255	-1.4061
4.0	0.1413	-1.4061
13.0	0.1646	-1.4061
15.0	0.1709	-1.4061
14.0	0.2123	-1.4061
13.0	0.2256	-1.4091
13.0	0.216	-1.4091
13.0	0.2139	-1.4091
14.0	0.2044	-1.4165
13.0	0.2311	-1.4165
13.0	0.2072	-1.4171
13.0	0.217	-1.4171
13.0	0.2251	-1.4171
13.0	0.2272	-1.4171
12.0	0.2376	-1.4242
13.0	0.223	-1.4242
12.0	0.2344	-1.4273
15.0	0.2142	-1.5172
13.0	0.2302	-1.5172
13.0	0.232	-1.5172
16.0	0.2056	-1.5219
13.0	0.2189	-1.5339
10.0	0.1567	-1.5339
16.0	0.1748	-1.5339
15.0	0.2075	-1.5459
13.0	0.2257	-1.5459
14.0	0.209	-1.5537
14.0	0.2212	-1.5537
16.0	0.2106	-1.6437
15.0	0.2145	-1.6475
11.0	0.1592	-1.6617
14.0	0.2295	-1.674
15.0	0.2272	-1.7668
15.0	0.2411	-1.7701
17.0	0.1795	-1.7896
19.0	0.1941	-1.7896
18.0	0.1855	-1.9174
20.0	0.2089	-2.3009
