# DAUGHTER VS RLS BY REJUVENATION
# original file "wt_decCap_noRe_3gen_perturbed.txt" 
# daughter	rls	rejuvenation
1.0	21.0	1.9174
1.0	22.0	1.7934
2.0	18.0	1.7896
2.0	20.0	1.6437
1.0	20.0	1.5339
3.0	21.0	1.5219
4.0	23.0	1.3951
1.0	16.0	1.2883
2.0	17.0	1.2877
2.0	17.0	1.2643
6.0	22.0	1.262
3.0	16.0	1.1678
1.0	16.0	1.1678
1.0	17.0	1.1653
1.0	16.0	1.1653
1.0	20.0	1.1595
1.0	19.0	1.1406
2.0	20.0	1.038
1.0	16.0	1.0302
2.0	18.0	1.0248
7.0	17.0	1.0226
1.0	12.0	1.0139
2.0	24.0	1.0115
3.0	15.0	1.0115
1.0	15.0	1.0115
1.0	15.0	1.0096
1.0	12.0	1.0096
1.0	15.0	1.0096
2.0	16.0	1.0096
1.0	15.0	1.0096
2.0	14.0	1.0096
3.0	13.0	0.9083
3.0	15.0	0.9083
1.0	14.0	0.9083
4.0	14.0	0.9083
2.0	12.0	0.9083
2.0	14.0	0.9063
3.0	15.0	0.9063
2.0	15.0	0.9018
1.0	14.0	0.9018
5.0	16.0	0.9018
1.0	15.0	0.9018
1.0	15.0	0.9018
3.0	14.0	0.9014
2.0	12.0	0.9014
1.0	17.0	0.8967
3.0	14.0	0.8948
2.0	13.0	0.8948
1.0	13.0	0.8878
1.0	10.0	0.8878
2.0	19.0	0.8878
1.0	12.0	0.8871
1.0	16.0	0.8871
2.0	16.0	0.8871
1.0	14.0	0.885
1.0	16.0	0.885
2.0	12.0	0.8834
3.0	13.0	0.8834
2.0	13.0	0.7785
1.0	13.0	0.7785
1.0	11.0	0.7785
3.0	14.0	0.7785
3.0	11.0	0.7785
4.0	12.0	0.7768
2.0	10.0	0.7768
1.0	10.0	0.7768
1.0	9.0	0.7768
3.0	15.0	0.773
1.0	12.0	0.773
2.0	12.0	0.773
5.0	18.0	0.773
6.0	13.0	0.773
1.0	11.0	0.773
4.0	12.0	0.773
1.0	9.0	0.773
1.0	9.0	0.773
4.0	14.0	0.7726
2.0	11.0	0.7726
6.0	18.0	0.7726
1.0	9.0	0.7726
1.0	13.0	0.7726
1.0	8.0	0.7726
1.0	11.0	0.7726
3.0	15.0	0.7686
2.0	13.0	0.7686
1.0	12.0	0.7686
4.0	12.0	0.7686
1.0	12.0	0.7686
1.0	15.0	0.7686
3.0	12.0	0.767
3.0	15.0	0.767
1.0	11.0	0.767
4.0	15.0	0.767
1.0	10.0	0.767
2.0	15.0	0.767
2.0	12.0	0.7609
4.0	18.0	0.7609
3.0	12.0	0.7609
1.0	11.0	0.7604
1.0	13.0	0.7604
1.0	17.0	0.7604
1.0	13.0	0.7604
2.0	11.0	0.7604
1.0	8.0	0.7604
1.0	13.0	0.7586
1.0	12.0	0.7586
12.0	22.0	0.7586
4.0	13.0	0.7586
2.0	12.0	0.7586
1.0	9.0	0.7586
1.0	11.0	0.7586
2.0	12.0	0.7586
3.0	12.0	0.7572
2.0	12.0	0.7572
4.0	12.0	0.7572
2.0	15.0	0.7572
2.0	13.0	0.7572
3.0	12.0	0.7572
1.0	10.0	0.7572
1.0	11.0	0.6488
6.0	13.0	0.6488
2.0	10.0	0.6488
3.0	14.0	0.6488
3.0	12.0	0.6488
1.0	11.0	0.6488
2.0	14.0	0.6488
1.0	14.0	0.6488
3.0	12.0	0.6488
1.0	12.0	0.6488
2.0	12.0	0.6488
3.0	12.0	0.6488
3.0	10.0	0.6488
1.0	9.0	0.6488
2.0	8.0	0.6488
1.0	8.0	0.6488
2.0	14.0	0.6474
1.0	12.0	0.6474
1.0	8.0	0.6474
2.0	8.0	0.6474
4.0	14.0	0.6474
1.0	8.0	0.6474
2.0	9.0	0.6474
1.0	12.0	0.6474
2.0	16.0	0.6441
4.0	12.0	0.6441
1.0	14.0	0.6441
1.0	11.0	0.6441
2.0	11.0	0.6441
3.0	14.0	0.6441
1.0	14.0	0.6441
1.0	10.0	0.6441
1.0	7.0	0.6441
2.0	15.0	0.6439
1.0	7.0	0.6439
3.0	13.0	0.6439
1.0	12.0	0.6439
2.0	13.0	0.6439
5.0	13.0	0.6439
1.0	12.0	0.6439
1.0	8.0	0.6439
1.0	10.0	0.6439
3.0	10.0	0.6439
5.0	15.0	0.6405
1.0	12.0	0.6405
1.0	12.0	0.6405
1.0	11.0	0.6405
5.0	15.0	0.6405
2.0	12.0	0.6405
2.0	11.0	0.6405
4.0	13.0	0.6391
1.0	9.0	0.6391
1.0	11.0	0.6391
5.0	11.0	0.6391
2.0	12.0	0.6391
1.0	8.0	0.6391
2.0	13.0	0.6391
1.0	12.0	0.6391
1.0	9.0	0.6391
1.0	11.0	0.6391
1.0	11.0	0.6341
3.0	11.0	0.6341
1.0	8.0	0.6341
2.0	8.0	0.6341
1.0	13.0	0.6341
1.0	10.0	0.6341
3.0	9.0	0.6341
3.0	15.0	0.6341
2.0	14.0	0.6341
2.0	11.0	0.6341
1.0	14.0	0.6341
3.0	12.0	0.6341
6.0	15.0	0.6337
2.0	11.0	0.6337
3.0	11.0	0.6337
3.0	11.0	0.6337
3.0	10.0	0.6337
1.0	8.0	0.6337
4.0	14.0	0.6337
2.0	13.0	0.6337
3.0	11.0	0.6337
1.0	15.0	0.6337
1.0	13.0	0.6337
1.0	14.0	0.6337
2.0	10.0	0.6337
2.0	9.0	0.6337
2.0	11.0	0.6337
1.0	8.0	0.6337
1.0	16.0	0.6322
1.0	15.0	0.6322
1.0	10.0	0.6322
1.0	14.0	0.6322
3.0	14.0	0.6322
1.0	10.0	0.6322
2.0	12.0	0.6322
1.0	15.0	0.6322
2.0	19.0	0.6322
1.0	13.0	0.6322
1.0	12.0	0.6322
2.0	11.0	0.6322
5.0	11.0	0.6322
1.0	10.0	0.6322
1.0	11.0	0.6322
1.0	11.0	0.631
1.0	12.0	0.631
2.0	12.0	0.631
2.0	9.0	0.631
1.0	13.0	0.631
1.0	12.0	0.631
3.0	12.0	0.631
4.0	16.0	0.631
1.0	13.0	0.631
1.0	9.0	0.631
1.0	11.0	0.631
2.0	11.0	0.631
3.0	12.0	0.519
3.0	12.0	0.519
1.0	14.0	0.519
1.0	12.0	0.519
1.0	15.0	0.519
1.0	7.0	0.519
1.0	12.0	0.519
3.0	12.0	0.519
2.0	13.0	0.519
1.0	9.0	0.519
2.0	13.0	0.519
1.0	9.0	0.519
3.0	9.0	0.519
4.0	9.0	0.519
1.0	7.0	0.519
1.0	11.0	0.519
3.0	8.0	0.519
2.0	11.0	0.5179
1.0	8.0	0.5179
3.0	12.0	0.5179
4.0	13.0	0.5179
3.0	10.0	0.5179
2.0	12.0	0.5179
1.0	9.0	0.5179
2.0	15.0	0.5179
1.0	14.0	0.5179
2.0	14.0	0.5179
3.0	11.0	0.5179
1.0	12.0	0.5179
1.0	12.0	0.5179
2.0	10.0	0.5179
1.0	8.0	0.5179
1.0	11.0	0.5179
4.0	13.0	0.5153
4.0	13.0	0.5153
2.0	12.0	0.5153
2.0	9.0	0.5153
4.0	12.0	0.5153
2.0	10.0	0.5153
2.0	9.0	0.5153
2.0	13.0	0.5153
3.0	9.0	0.5153
1.0	9.0	0.5153
2.0	9.0	0.5153
2.0	17.0	0.5153
1.0	11.0	0.5153
1.0	9.0	0.5153
3.0	9.0	0.5153
1.0	6.0	0.5153
4.0	12.0	0.5153
3.0	10.0	0.5153
1.0	7.0	0.5153
1.0	14.0	0.5153
2.0	12.0	0.5153
1.0	7.0	0.5153
1.0	10.0	0.5153
1.0	10.0	0.5153
1.0	10.0	0.5153
3.0	11.0	0.5153
2.0	10.0	0.5153
3.0	10.0	0.5153
2.0	12.0	0.5151
3.0	14.0	0.5151
1.0	13.0	0.5151
2.0	10.0	0.5151
7.0	14.0	0.5151
5.0	13.0	0.5151
1.0	10.0	0.5151
2.0	10.0	0.5151
1.0	12.0	0.5151
1.0	11.0	0.5151
4.0	11.0	0.5151
1.0	9.0	0.5151
1.0	11.0	0.5151
2.0	11.0	0.5151
2.0	10.0	0.5151
3.0	13.0	0.5151
2.0	13.0	0.5151
1.0	12.0	0.5151
2.0	15.0	0.5151
3.0	9.0	0.5151
1.0	7.0	0.5151
2.0	7.0	0.5151
3.0	9.0	0.5151
1.0	13.0	0.5124
3.0	13.0	0.5124
1.0	12.0	0.5124
1.0	10.0	0.5124
2.0	10.0	0.5124
1.0	9.0	0.5124
2.0	14.0	0.5124
4.0	13.0	0.5124
1.0	9.0	0.5124
4.0	11.0	0.5124
1.0	8.0	0.5124
1.0	14.0	0.5124
1.0	16.0	0.5124
1.0	11.0	0.5124
1.0	8.0	0.5124
1.0	16.0	0.5124
1.0	12.0	0.5124
1.0	11.0	0.5124
1.0	10.0	0.5124
1.0	7.0	0.5124
1.0	12.0	0.5124
1.0	11.0	0.5124
2.0	11.0	0.5124
3.0	10.0	0.5124
1.0	6.0	0.5124
2.0	9.0	0.5124
1.0	9.0	0.5124
2.0	9.0	0.5124
1.0	7.0	0.5124
4.0	12.0	0.5113
1.0	10.0	0.5113
3.0	13.0	0.5113
3.0	16.0	0.5113
2.0	10.0	0.5113
1.0	12.0	0.5113
1.0	10.0	0.5113
4.0	10.0	0.5113
3.0	11.0	0.5113
4.0	12.0	0.5113
3.0	9.0	0.5113
2.0	7.0	0.5113
1.0	7.0	0.5113
1.0	14.0	0.5113
2.0	10.0	0.5113
1.0	10.0	0.5113
1.0	10.0	0.5113
2.0	10.0	0.5113
1.0	11.0	0.5113
1.0	11.0	0.5113
2.0	11.0	0.5113
2.0	10.0	0.5073
2.0	7.0	0.5073
8.0	16.0	0.5073
1.0	13.0	0.5073
7.0	14.0	0.5073
1.0	12.0	0.5073
2.0	12.0	0.5073
1.0	10.0	0.5073
4.0	12.0	0.5073
1.0	11.0	0.5073
3.0	11.0	0.5073
4.0	9.0	0.5073
1.0	6.0	0.5073
1.0	11.0	0.5073
1.0	12.0	0.5073
3.0	12.0	0.5073
1.0	11.0	0.5073
1.0	7.0	0.5073
4.0	13.0	0.5073
1.0	10.0	0.5073
4.0	12.0	0.5073
2.0	11.0	0.5073
1.0	9.0	0.5073
2.0	9.0	0.5073
4.0	13.0	0.5069
2.0	11.0	0.5069
2.0	9.0	0.5069
1.0	13.0	0.5069
5.0	13.0	0.5069
1.0	15.0	0.5069
1.0	10.0	0.5069
2.0	11.0	0.5069
1.0	10.0	0.5069
1.0	10.0	0.5069
3.0	10.0	0.5069
2.0	10.0	0.5069
2.0	13.0	0.5069
3.0	13.0	0.5069
1.0	13.0	0.5069
1.0	10.0	0.5069
1.0	12.0	0.5069
2.0	12.0	0.5069
2.0	9.0	0.5069
2.0	12.0	0.5069
1.0	13.0	0.5069
4.0	13.0	0.5069
1.0	10.0	0.5069
1.0	9.0	0.5069
2.0	11.0	0.5069
1.0	9.0	0.5069
1.0	9.0	0.5069
2.0	15.0	0.5057
2.0	14.0	0.5057
2.0	11.0	0.5057
2.0	12.0	0.5057
5.0	12.0	0.5057
2.0	9.0	0.5057
1.0	7.0	0.5057
1.0	11.0	0.5057
2.0	11.0	0.5057
3.0	11.0	0.5057
1.0	11.0	0.5057
2.0	11.0	0.5057
1.0	11.0	0.5057
2.0	11.0	0.5057
1.0	10.0	0.5057
2.0	8.0	0.5057
1.0	10.0	0.5057
2.0	8.0	0.5057
1.0	12.0	0.5057
1.0	7.0	0.5057
1.0	10.0	0.5057
2.0	10.0	0.5057
2.0	14.0	0.5048
4.0	10.0	0.5048
1.0	10.0	0.5048
3.0	10.0	0.5048
2.0	8.0	0.5048
1.0	13.0	0.5048
1.0	11.0	0.5048
1.0	8.0	0.5048
2.0	8.0	0.5048
1.0	5.0	0.5048
1.0	13.0	0.5048
2.0	12.0	0.5048
3.0	11.0	0.5048
2.0	8.0	0.5048
2.0	12.0	0.5048
1.0	9.0	0.5048
3.0	9.0	0.5048
1.0	8.0	0.5048
2.0	8.0	0.5048
2.0	8.0	0.5048
1.0	10.0	0.5048
2.0	14.0	0.5048
2.0	8.0	0.5048
1.0	12.0	0.3893
2.0	11.0	0.3893
4.0	11.0	0.3893
2.0	9.0	0.3893
2.0	7.0	0.3893
2.0	13.0	0.3893
2.0	11.0	0.3893
3.0	11.0	0.3893
1.0	13.0	0.3893
1.0	8.0	0.3893
3.0	8.0	0.3893
2.0	9.0	0.3893
3.0	9.0	0.3893
5.0	11.0	0.3893
2.0	10.0	0.3893
1.0	12.0	0.3893
3.0	9.0	0.3893
1.0	8.0	0.3893
1.0	12.0	0.3893
3.0	12.0	0.3893
2.0	10.0	0.3893
5.0	10.0	0.3893
4.0	11.0	0.3893
1.0	9.0	0.3893
1.0	10.0	0.3893
3.0	12.0	0.3893
2.0	8.0	0.3893
1.0	8.0	0.3893
1.0	8.0	0.3893
2.0	8.0	0.3893
1.0	9.0	0.3893
2.0	9.0	0.3893
1.0	9.0	0.3893
1.0	7.0	0.3893
3.0	10.0	0.3884
4.0	10.0	0.3884
3.0	12.0	0.3884
1.0	13.0	0.3884
2.0	7.0	0.3884
1.0	13.0	0.3884
5.0	17.0	0.3884
1.0	12.0	0.3884
3.0	12.0	0.3884
5.0	13.0	0.3884
2.0	11.0	0.3884
1.0	11.0	0.3884
2.0	12.0	0.3884
2.0	8.0	0.3884
1.0	10.0	0.3884
2.0	10.0	0.3884
4.0	10.0	0.3884
4.0	13.0	0.3884
3.0	7.0	0.3884
1.0	12.0	0.3884
2.0	12.0	0.3884
2.0	11.0	0.3884
3.0	11.0	0.3884
2.0	13.0	0.3884
3.0	11.0	0.3884
1.0	5.0	0.3884
1.0	11.0	0.3884
2.0	11.0	0.3884
3.0	11.0	0.3884
4.0	11.0	0.3884
1.0	9.0	0.3884
2.0	11.0	0.3884
1.0	9.0	0.3884
1.0	12.0	0.3865
2.0	13.0	0.3865
1.0	13.0	0.3865
1.0	13.0	0.3865
1.0	6.0	0.3865
6.0	14.0	0.3865
1.0	9.0	0.3865
6.0	13.0	0.3865
4.0	12.0	0.3865
3.0	10.0	0.3865
1.0	8.0	0.3865
2.0	8.0	0.3865
1.0	5.0	0.3865
6.0	13.0	0.3865
5.0	13.0	0.3865
3.0	12.0	0.3865
2.0	11.0	0.3865
1.0	8.0	0.3865
3.0	10.0	0.3865
1.0	11.0	0.3865
2.0	11.0	0.3865
2.0	9.0	0.3865
1.0	9.0	0.3865
3.0	9.0	0.3865
1.0	12.0	0.3865
3.0	10.0	0.3865
1.0	8.0	0.3865
1.0	15.0	0.3865
2.0	9.0	0.3865
2.0	9.0	0.3865
1.0	8.0	0.3865
2.0	9.0	0.3865
3.0	12.0	0.3865
1.0	10.0	0.3865
2.0	6.0	0.3865
2.0	10.0	0.3863
2.0	10.0	0.3863
1.0	8.0	0.3863
4.0	8.0	0.3863
1.0	5.0	0.3863
2.0	5.0	0.3863
1.0	8.0	0.3863
2.0	8.0	0.3863
1.0	11.0	0.3863
2.0	10.0	0.3863
3.0	10.0	0.3863
3.0	10.0	0.3863
2.0	11.0	0.3863
1.0	16.0	0.3863
4.0	13.0	0.3863
1.0	9.0	0.3863
2.0	7.0	0.3863
1.0	12.0	0.3863
8.0	12.0	0.3863
1.0	10.0	0.3863
4.0	11.0	0.3863
3.0	10.0	0.3863
1.0	8.0	0.3863
4.0	8.0	0.3863
1.0	7.0	0.3863
2.0	7.0	0.3863
1.0	8.0	0.3863
3.0	8.0	0.3863
1.0	12.0	0.3843
2.0	12.0	0.3843
3.0	12.0	0.3843
4.0	11.0	0.3843
3.0	9.0	0.3843
1.0	10.0	0.3843
3.0	10.0	0.3843
4.0	10.0	0.3843
2.0	8.0	0.3843
3.0	8.0	0.3843
1.0	5.0	0.3843
1.0	13.0	0.3843
2.0	13.0	0.3843
2.0	13.0	0.3843
1.0	11.0	0.3843
2.0	11.0	0.3843
4.0	10.0	0.3843
1.0	6.0	0.3843
2.0	12.0	0.3843
4.0	12.0	0.3843
3.0	10.0	0.3843
1.0	10.0	0.3843
2.0	7.0	0.3843
3.0	13.0	0.3843
6.0	13.0	0.3843
2.0	9.0	0.3843
2.0	7.0	0.3843
1.0	5.0	0.3843
2.0	11.0	0.3843
3.0	11.0	0.3843
3.0	10.0	0.3843
2.0	10.0	0.3843
5.0	10.0	0.3843
1.0	7.0	0.3843
3.0	9.0	0.3843
1.0	11.0	0.3843
2.0	11.0	0.3843
3.0	11.0	0.3843
4.0	11.0	0.3843
2.0	6.0	0.3843
1.0	9.0	0.3843
1.0	9.0	0.3843
2.0	9.0	0.3843
6.0	12.0	0.3843
5.0	11.0	0.3843
1.0	8.0	0.3843
3.0	7.0	0.3843
3.0	8.0	0.3843
2.0	13.0	0.3835
4.0	13.0	0.3835
3.0	11.0	0.3835
1.0	11.0	0.3835
2.0	9.0	0.3835
2.0	7.0	0.3835
3.0	7.0	0.3835
1.0	6.0	0.3835
3.0	13.0	0.3835
1.0	14.0	0.3835
1.0	9.0	0.3835
2.0	9.0	0.3835
4.0	10.0	0.3835
1.0	8.0	0.3835
2.0	8.0	0.3835
2.0	7.0	0.3835
2.0	14.0	0.3835
3.0	10.0	0.3835
4.0	10.0	0.3835
1.0	10.0	0.3835
2.0	10.0	0.3835
1.0	8.0	0.3835
6.0	11.0	0.3835
2.0	6.0	0.3835
1.0	14.0	0.3835
1.0	12.0	0.3835
2.0	10.0	0.3835
1.0	11.0	0.3835
4.0	8.0	0.3835
2.0	9.0	0.3835
1.0	8.0	0.3835
2.0	8.0	0.3835
2.0	12.0	0.3835
3.0	12.0	0.3835
6.0	12.0	0.3835
2.0	10.0	0.3835
4.0	13.0	0.3835
1.0	9.0	0.3835
1.0	6.0	0.3835
2.0	6.0	0.3835
3.0	9.0	0.3835
4.0	10.0	0.3835
1.0	6.0	0.3835
1.0	8.0	0.3835
2.0	8.0	0.3835
1.0	5.0	0.3835
3.0	9.0	0.3805
5.0	16.0	0.3805
1.0	12.0	0.3805
2.0	10.0	0.3805
1.0	12.0	0.3805
3.0	11.0	0.3805
2.0	11.0	0.3805
3.0	11.0	0.3805
4.0	11.0	0.3805
2.0	12.0	0.3805
2.0	10.0	0.3805
1.0	10.0	0.3805
2.0	8.0	0.3805
1.0	7.0	0.3805
1.0	11.0	0.3805
4.0	10.0	0.3805
1.0	10.0	0.3805
2.0	12.0	0.3805
3.0	12.0	0.3805
1.0	5.0	0.3805
1.0	14.0	0.3805
1.0	9.0	0.3805
2.0	9.0	0.3805
1.0	6.0	0.3805
1.0	10.0	0.3805
1.0	11.0	0.3802
3.0	11.0	0.3802
1.0	13.0	0.3802
2.0	8.0	0.3802
2.0	7.0	0.3802
1.0	5.0	0.3802
2.0	12.0	0.3802
4.0	12.0	0.3802
5.0	14.0	0.3802
1.0	12.0	0.3802
2.0	12.0	0.3802
1.0	11.0	0.3802
3.0	10.0	0.3802
2.0	9.0	0.3802
2.0	9.0	0.3802
1.0	9.0	0.3802
1.0	13.0	0.3802
1.0	11.0	0.3802
1.0	11.0	0.3802
2.0	9.0	0.3802
1.0	7.0	0.3802
2.0	7.0	0.3802
1.0	16.0	0.3802
2.0	11.0	0.3802
1.0	11.0	0.3802
1.0	8.0	0.3802
3.0	11.0	0.3802
7.0	12.0	0.3802
1.0	9.0	0.3802
1.0	14.0	0.3802
1.0	12.0	0.3802
1.0	8.0	0.3802
2.0	8.0	0.3802
4.0	8.0	0.3802
1.0	9.0	0.3802
3.0	9.0	0.3802
2.0	8.0	0.3802
3.0	14.0	0.3793
4.0	10.0	0.3793
1.0	11.0	0.3793
2.0	8.0	0.3793
2.0	13.0	0.3793
1.0	12.0	0.3793
1.0	11.0	0.3793
1.0	10.0	0.3793
1.0	8.0	0.3793
2.0	8.0	0.3793
1.0	6.0	0.3793
1.0	13.0	0.3793
1.0	10.0	0.3793
4.0	10.0	0.3793
3.0	10.0	0.3793
1.0	8.0	0.3793
1.0	6.0	0.3793
1.0	10.0	0.3793
2.0	10.0	0.3793
4.0	10.0	0.3793
3.0	9.0	0.3793
1.0	9.0	0.3793
2.0	9.0	0.3793
3.0	14.0	0.3793
2.0	15.0	0.3793
2.0	11.0	0.3793
2.0	6.0	0.3793
3.0	11.0	0.3793
3.0	9.0	0.3793
2.0	8.0	0.3793
2.0	6.0	0.3793
2.0	8.0	0.3793
3.0	8.0	0.3793
1.0	7.0	0.3793
1.0	4.0	0.3793
3.0	10.0	0.3786
5.0	12.0	0.3786
7.0	13.0	0.3786
4.0	9.0	0.3786
3.0	10.0	0.3786
3.0	7.0	0.3786
1.0	15.0	0.3786
4.0	15.0	0.3786
3.0	14.0	0.3786
1.0	12.0	0.3786
3.0	11.0	0.3786
2.0	12.0	0.3786
1.0	9.0	0.3786
1.0	14.0	0.3786
2.0	10.0	0.3786
1.0	7.0	0.3786
3.0	10.0	0.3786
1.0	8.0	0.3786
1.0	8.0	0.3786
5.0	15.0	0.3786
2.0	9.0	0.3786
2.0	11.0	0.3786
3.0	11.0	0.3786
3.0	10.0	0.3786
1.0	9.0	0.3786
4.0	9.0	0.3786
2.0	11.0	0.3786
1.0	10.0	0.3786
2.0	10.0	0.3786
1.0	10.0	0.2595
1.0	12.0	0.2595
6.0	12.0	0.2595
7.0	12.0	0.2595
3.0	9.0	0.2595
1.0	6.0	0.2595
3.0	6.0	0.2595
1.0	4.0	0.2595
5.0	14.0	0.2595
3.0	5.0	0.2595
4.0	9.0	0.2595
1.0	9.0	0.2595
2.0	8.0	0.2595
1.0	11.0	0.2595
2.0	11.0	0.2595
1.0	10.0	0.2595
3.0	10.0	0.2595
2.0	7.0	0.2595
3.0	7.0	0.2595
2.0	8.0	0.2595
3.0	8.0	0.2595
1.0	4.0	0.2595
1.0	11.0	0.2595
3.0	11.0	0.2595
4.0	9.0	0.2595
2.0	6.0	0.2595
3.0	6.0	0.2595
1.0	10.0	0.2595
2.0	10.0	0.2595
5.0	10.0	0.2595
1.0	10.0	0.2595
4.0	10.0	0.2595
4.0	7.0	0.2595
1.0	7.0	0.2595
2.0	7.0	0.2595
1.0	5.0	0.2595
1.0	11.0	0.2595
4.0	11.0	0.2595
3.0	7.0	0.2595
2.0	5.0	0.2595
3.0	9.0	0.2595
2.0	6.0	0.2595
1.0	3.0	0.2595
1.0	9.0	0.2589
2.0	12.0	0.2589
3.0	6.0	0.2589
1.0	10.0	0.2589
2.0	10.0	0.2589
4.0	10.0	0.2589
1.0	10.0	0.2589
2.0	8.0	0.2589
1.0	8.0	0.2589
2.0	8.0	0.2589
1.0	4.0	0.2589
3.0	12.0	0.2589
6.0	14.0	0.2589
3.0	10.0	0.2589
5.0	10.0	0.2589
2.0	10.0	0.2589
4.0	10.0	0.2589
2.0	10.0	0.2589
2.0	5.0	0.2589
2.0	15.0	0.2589
3.0	15.0	0.2589
5.0	12.0	0.2589
1.0	12.0	0.2589
1.0	9.0	0.2589
3.0	9.0	0.2589
4.0	9.0	0.2589
1.0	7.0	0.2589
2.0	7.0	0.2589
3.0	7.0	0.2589
2.0	9.0	0.2589
3.0	9.0	0.2589
1.0	6.0	0.2589
1.0	4.0	0.2589
4.0	11.0	0.2589
1.0	10.0	0.2589
2.0	10.0	0.2589
2.0	9.0	0.2589
3.0	9.0	0.2589
1.0	6.0	0.2589
2.0	9.0	0.2589
3.0	9.0	0.2589
2.0	6.0	0.2589
1.0	6.0	0.2589
5.0	10.0	0.2589
2.0	6.0	0.2589
1.0	10.0	0.2589
2.0	10.0	0.2589
2.0	5.0	0.2589
2.0	11.0	0.2577
1.0	10.0	0.2577
2.0	12.0	0.2577
3.0	7.0	0.2577
4.0	14.0	0.2577
5.0	13.0	0.2577
1.0	10.0	0.2577
1.0	11.0	0.2577
3.0	8.0	0.2577
4.0	12.0	0.2577
3.0	11.0	0.2577
3.0	12.0	0.2577
1.0	9.0	0.2577
4.0	9.0	0.2577
3.0	7.0	0.2577
2.0	12.0	0.2577
3.0	12.0	0.2577
3.0	9.0	0.2577
4.0	9.0	0.2577
3.0	7.0	0.2577
1.0	5.0	0.2577
1.0	10.0	0.2577
4.0	11.0	0.2577
2.0	9.0	0.2577
2.0	4.0	0.2577
3.0	10.0	0.2577
6.0	10.0	0.2577
4.0	8.0	0.2577
2.0	5.0	0.2577
1.0	9.0	0.2577
3.0	10.0	0.2577
2.0	7.0	0.2577
3.0	7.0	0.2577
2.0	5.0	0.2577
2.0	8.0	0.2577
3.0	7.0	0.2577
3.0	8.0	0.2577
5.0	8.0	0.2577
6.0	8.0	0.2577
2.0	11.0	0.2577
3.0	7.0	0.2577
2.0	5.0	0.2577
2.0	4.0	0.2577
3.0	9.0	0.2575
1.0	10.0	0.2575
3.0	10.0	0.2575
3.0	11.0	0.2575
1.0	9.0	0.2575
3.0	9.0	0.2575
3.0	8.0	0.2575
4.0	12.0	0.2575
3.0	7.0	0.2575
2.0	4.0	0.2575
1.0	12.0	0.2575
6.0	12.0	0.2575
5.0	10.0	0.2575
2.0	10.0	0.2575
2.0	7.0	0.2575
3.0	7.0	0.2575
4.0	9.0	0.2575
4.0	10.0	0.2575
4.0	11.0	0.2575
1.0	12.0	0.2575
2.0	12.0	0.2575
3.0	12.0	0.2575
1.0	11.0	0.2575
3.0	11.0	0.2575
2.0	9.0	0.2575
2.0	9.0	0.2575
2.0	5.0	0.2575
2.0	10.0	0.2575
7.0	10.0	0.2575
7.0	13.0	0.2575
1.0	10.0	0.2575
1.0	9.0	0.2575
2.0	10.0	0.2575
2.0	7.0	0.2575
2.0	7.0	0.2575
4.0	7.0	0.2575
2.0	7.0	0.2575
1.0	11.0	0.2562
2.0	11.0	0.2562
5.0	8.0	0.2562
3.0	13.0	0.2562
3.0	15.0	0.2562
3.0	12.0	0.2562
5.0	12.0	0.2562
1.0	12.0	0.2562
1.0	11.0	0.2562
2.0	11.0	0.2562
3.0	10.0	0.2562
4.0	10.0	0.2562
5.0	10.0	0.2562
4.0	7.0	0.2562
2.0	5.0	0.2562
3.0	5.0	0.2562
1.0	14.0	0.2562
1.0	14.0	0.2562
6.0	9.0	0.2562
3.0	15.0	0.2562
2.0	10.0	0.2562
3.0	10.0	0.2562
1.0	11.0	0.2562
2.0	14.0	0.2562
5.0	10.0	0.2562
5.0	9.0	0.2562
1.0	9.0	0.2562
2.0	9.0	0.2562
2.0	6.0	0.2562
1.0	13.0	0.2562
1.0	11.0	0.2562
5.0	10.0	0.2562
1.0	9.0	0.2562
2.0	9.0	0.2562
4.0	9.0	0.2562
1.0	10.0	0.2562
2.0	8.0	0.2562
2.0	12.0	0.2562
2.0	8.0	0.2562
3.0	8.0	0.2562
1.0	7.0	0.2562
2.0	7.0	0.2562
3.0	7.0	0.2562
2.0	8.0	0.2562
2.0	4.0	0.2562
3.0	10.0	0.2562
1.0	10.0	0.2562
3.0	7.0	0.2562
2.0	5.0	0.2562
1.0	10.0	0.2557
3.0	10.0	0.2557
1.0	6.0	0.2557
2.0	5.0	0.2557
1.0	13.0	0.2557
2.0	15.0	0.2557
1.0	9.0	0.2557
2.0	9.0	0.2557
3.0	7.0	0.2557
1.0	11.0	0.2557
2.0	11.0	0.2557
5.0	11.0	0.2557
7.0	11.0	0.2557
4.0	14.0	0.2557
1.0	10.0	0.2557
1.0	9.0	0.2557
5.0	12.0	0.2557
4.0	8.0	0.2557
2.0	10.0	0.2557
2.0	8.0	0.2557
3.0	8.0	0.2557
4.0	13.0	0.2557
6.0	11.0	0.2557
5.0	11.0	0.2557
1.0	10.0	0.2557
3.0	9.0	0.2557
4.0	9.0	0.2557
2.0	7.0	0.2557
1.0	5.0	0.2557
2.0	9.0	0.2557
5.0	9.0	0.2557
1.0	9.0	0.2557
3.0	6.0	0.2557
2.0	6.0	0.2557
4.0	8.0	0.2557
4.0	8.0	0.2557
5.0	8.0	0.2557
5.0	9.0	0.2557
3.0	9.0	0.2557
2.0	8.0	0.2557
3.0	8.0	0.2557
3.0	7.0	0.2557
4.0	7.0	0.2557
1.0	9.0	0.2536
3.0	9.0	0.2536
5.0	9.0	0.2536
3.0	5.0	0.2536
5.0	11.0	0.2536
3.0	11.0	0.2536
5.0	11.0	0.2536
2.0	8.0	0.2536
3.0	8.0	0.2536
4.0	8.0	0.2536
5.0	8.0	0.2536
1.0	9.0	0.2536
3.0	5.0	0.2536
1.0	4.0	0.2536
5.0	10.0	0.2536
1.0	10.0	0.2536
1.0	10.0	0.2536
3.0	10.0	0.2536
2.0	9.0	0.2536
3.0	9.0	0.2536
3.0	7.0	0.2536
2.0	6.0	0.2536
1.0	11.0	0.2536
1.0	12.0	0.2536
4.0	9.0	0.2536
2.0	10.0	0.2536
3.0	10.0	0.2536
4.0	10.0	0.2536
2.0	9.0	0.2536
2.0	5.0	0.2536
1.0	11.0	0.2536
7.0	11.0	0.2536
2.0	4.0	0.2536
2.0	13.0	0.2536
3.0	13.0	0.2536
2.0	12.0	0.2536
1.0	8.0	0.2536
3.0	8.0	0.2536
4.0	8.0	0.2536
3.0	7.0	0.2536
1.0	11.0	0.2535
3.0	11.0	0.2535
2.0	12.0	0.2535
3.0	9.0	0.2535
3.0	7.0	0.2535
4.0	13.0	0.2535
4.0	8.0	0.2535
2.0	8.0	0.2535
2.0	7.0	0.2535
2.0	5.0	0.2535
5.0	11.0	0.2535
5.0	10.0	0.2535
4.0	11.0	0.2535
5.0	11.0	0.2535
2.0	12.0	0.2535
4.0	12.0	0.2535
5.0	13.0	0.2535
2.0	10.0	0.2535
5.0	10.0	0.2535
2.0	10.0	0.2535
3.0	8.0	0.2535
4.0	8.0	0.2535
4.0	10.0	0.2535
6.0	10.0	0.2535
3.0	10.0	0.2535
2.0	5.0	0.2535
2.0	8.0	0.2535
3.0	8.0	0.2535
4.0	8.0	0.2535
1.0	3.0	0.2535
2.0	9.0	0.2535
3.0	7.0	0.2535
1.0	6.0	0.2535
1.0	7.0	0.2535
2.0	4.0	0.2535
1.0	9.0	0.2535
2.0	7.0	0.2535
1.0	3.0	0.2535
1.0	11.0	0.2529
3.0	11.0	0.2529
4.0	13.0	0.2529
8.0	13.0	0.2529
3.0	12.0	0.2529
4.0	12.0	0.2529
6.0	12.0	0.2529
3.0	10.0	0.2529
4.0	10.0	0.2529
2.0	8.0	0.2529
3.0	8.0	0.2529
2.0	6.0	0.2529
5.0	11.0	0.2529
2.0	9.0	0.2529
3.0	9.0	0.2529
2.0	5.0	0.2529
4.0	12.0	0.2529
6.0	11.0	0.2529
2.0	9.0	0.2529
4.0	9.0	0.2529
3.0	9.0	0.2529
4.0	12.0	0.2529
3.0	9.0	0.2529
2.0	11.0	0.2529
4.0	9.0	0.2529
4.0	9.0	0.2529
2.0	5.0	0.2529
1.0	12.0	0.2529
3.0	12.0	0.2529
5.0	12.0	0.2529
3.0	9.0	0.2529
4.0	9.0	0.2529
3.0	9.0	0.2529
1.0	6.0	0.2529
3.0	9.0	0.2529
4.0	9.0	0.2529
5.0	9.0	0.2529
2.0	12.0	0.2529
1.0	9.0	0.2529
2.0	9.0	0.2529
4.0	9.0	0.2529
6.0	9.0	0.2529
1.0	7.0	0.2529
1.0	10.0	0.2529
1.0	6.0	0.2529
3.0	6.0	0.2529
2.0	10.0	0.2529
1.0	8.0	0.2529
1.0	12.0	0.2529
3.0	12.0	0.2529
3.0	8.0	0.2529
3.0	8.0	0.2529
2.0	5.0	0.2529
2.0	6.0	0.2529
3.0	6.0	0.2529
2.0	9.0	0.2524
2.0	11.0	0.2524
6.0	11.0	0.2524
1.0	12.0	0.2524
2.0	8.0	0.2524
1.0	6.0	0.2524
5.0	13.0	0.2524
4.0	13.0	0.2524
4.0	11.0	0.2524
1.0	10.0	0.2524
3.0	10.0	0.2524
1.0	12.0	0.2524
3.0	12.0	0.2524
5.0	12.0	0.2524
6.0	11.0	0.2524
1.0	10.0	0.2524
2.0	10.0	0.2524
3.0	9.0	0.2524
2.0	8.0	0.2524
3.0	6.0	0.2524
3.0	11.0	0.2524
4.0	11.0	0.2524
7.0	13.0	0.2524
1.0	10.0	0.2524
2.0	10.0	0.2524
1.0	10.0	0.2524
4.0	10.0	0.2524
2.0	13.0	0.2524
3.0	6.0	0.2524
1.0	3.0	0.2524
3.0	10.0	0.2524
3.0	12.0	0.2524
4.0	9.0	0.2524
1.0	9.0	0.2524
2.0	7.0	0.2524
3.0	7.0	0.2524
3.0	10.0	0.2524
3.0	6.0	0.2524
2.0	12.0	0.2524
1.0	14.0	0.2524
1.0	6.0	0.2524
2.0	6.0	0.2524
1.0	10.0	0.2524
2.0	9.0	0.2524
3.0	8.0	0.2524
1.0	6.0	0.2524
3.0	6.0	0.2524
2.0	9.0	0.1298
4.0	11.0	0.1298
3.0	13.0	0.1298
1.0	9.0	0.1298
1.0	8.0	0.1298
4.0	8.0	0.1298
2.0	13.0	0.1298
4.0	9.0	0.1298
5.0	9.0	0.1298
2.0	11.0	0.1298
3.0	11.0	0.1298
6.0	13.0	0.1298
4.0	6.0	0.1298
1.0	7.0	0.1298
4.0	7.0	0.1298
2.0	4.0	0.1298
3.0	8.0	0.1298
5.0	8.0	0.1298
1.0	10.0	0.1298
1.0	10.0	0.1298
2.0	10.0	0.1298
4.0	10.0	0.1298
4.0	8.0	0.1298
5.0	8.0	0.1298
3.0	6.0	0.1298
2.0	12.0	0.1298
4.0	10.0	0.1298
3.0	10.0	0.1298
2.0	9.0	0.1298
4.0	9.0	0.1298
6.0	9.0	0.1298
2.0	10.0	0.1298
4.0	8.0	0.1298
2.0	8.0	0.1298
3.0	8.0	0.1298
2.0	3.0	0.1298
4.0	10.0	0.1298
5.0	10.0	0.1298
1.0	13.0	0.1298
2.0	12.0	0.1298
5.0	8.0	0.1298
4.0	6.0	0.1298
7.0	14.0	0.1298
4.0	10.0	0.1298
5.0	10.0	0.1298
2.0	9.0	0.1298
2.0	10.0	0.1298
5.0	10.0	0.1298
2.0	8.0	0.1298
4.0	8.0	0.1298
2.0	7.0	0.1298
4.0	7.0	0.1298
2.0	4.0	0.1298
1.0	10.0	0.1295
2.0	12.0	0.1295
2.0	11.0	0.1295
3.0	8.0	0.1295
7.0	15.0	0.1295
5.0	9.0	0.1295
2.0	10.0	0.1295
5.0	10.0	0.1295
2.0	9.0	0.1295
2.0	3.0	0.1295
1.0	11.0	0.1295
3.0	13.0	0.1295
6.0	9.0	0.1295
3.0	9.0	0.1295
1.0	9.0	0.1295
6.0	9.0	0.1295
1.0	10.0	0.1295
3.0	10.0	0.1295
6.0	9.0	0.1295
3.0	6.0	0.1295
4.0	6.0	0.1295
3.0	8.0	0.1295
3.0	12.0	0.1295
4.0	12.0	0.1295
6.0	11.0	0.1295
2.0	8.0	0.1295
4.0	6.0	0.1295
1.0	8.0	0.1295
2.0	8.0	0.1295
4.0	8.0	0.1295
2.0	3.0	0.1295
5.0	10.0	0.1295
5.0	13.0	0.1295
1.0	11.0	0.1295
1.0	8.0	0.1295
2.0	9.0	0.1295
1.0	8.0	0.1295
2.0	8.0	0.1295
2.0	5.0	0.1295
3.0	5.0	0.1295
2.0	3.0	0.1295
4.0	8.0	0.1295
5.0	8.0	0.1295
6.0	8.0	0.1295
3.0	5.0	0.1295
1.0	9.0	0.1295
3.0	9.0	0.1295
2.0	8.0	0.1295
2.0	7.0	0.1295
4.0	7.0	0.1295
3.0	5.0	0.1295
1.0	9.0	0.1295
3.0	9.0	0.1295
5.0	9.0	0.1295
3.0	4.0	0.1295
1.0	8.0	0.1288
5.0	9.0	0.1288
2.0	11.0	0.1288
2.0	10.0	0.1288
5.0	10.0	0.1288
4.0	8.0	0.1288
1.0	7.0	0.1288
4.0	11.0	0.1288
7.0	13.0	0.1288
2.0	11.0	0.1288
5.0	15.0	0.1288
2.0	10.0	0.1288
4.0	10.0	0.1288
3.0	7.0	0.1288
3.0	11.0	0.1288
4.0	11.0	0.1288
2.0	12.0	0.1288
7.0	12.0	0.1288
2.0	9.0	0.1288
3.0	9.0	0.1288
2.0	8.0	0.1288
1.0	9.0	0.1288
2.0	4.0	0.1288
4.0	11.0	0.1288
3.0	12.0	0.1288
5.0	8.0	0.1288
2.0	11.0	0.1288
5.0	11.0	0.1288
1.0	9.0	0.1288
3.0	9.0	0.1288
5.0	9.0	0.1288
2.0	8.0	0.1288
3.0	8.0	0.1288
4.0	7.0	0.1288
1.0	5.0	0.1288
3.0	5.0	0.1288
6.0	11.0	0.1288
6.0	10.0	0.1288
4.0	9.0	0.1288
3.0	8.0	0.1288
3.0	4.0	0.1288
3.0	9.0	0.1288
6.0	9.0	0.1288
4.0	6.0	0.1288
2.0	9.0	0.1288
3.0	9.0	0.1288
3.0	4.0	0.1288
2.0	11.0	0.1288
2.0	3.0	0.1288
2.0	10.0	0.1288
3.0	10.0	0.1288
6.0	10.0	0.1288
7.0	11.0	0.1288
1.0	6.0	0.1288
1.0	9.0	0.1288
3.0	9.0	0.1288
3.0	9.0	0.1288
2.0	10.0	0.1288
3.0	10.0	0.1288
4.0	7.0	0.1288
1.0	6.0	0.1288
3.0	6.0	0.1288
2.0	11.0	0.1288
3.0	11.0	0.1288
5.0	11.0	0.1288
2.0	14.0	0.1288
1.0	11.0	0.1288
1.0	10.0	0.1288
6.0	10.0	0.1288
2.0	8.0	0.1288
4.0	6.0	0.1288
2.0	6.0	0.1288
2.0	3.0	0.1288
3.0	11.0	0.1288
4.0	11.0	0.1288
1.0	11.0	0.1288
1.0	10.0	0.1288
4.0	10.0	0.1288
6.0	10.0	0.1288
1.0	9.0	0.1288
1.0	9.0	0.1288
2.0	9.0	0.1288
2.0	4.0	0.1288
8.0	12.0	0.1288
2.0	11.0	0.1288
5.0	11.0	0.1288
1.0	11.0	0.1288
2.0	11.0	0.1288
2.0	8.0	0.1288
2.0	10.0	0.1288
3.0	9.0	0.1288
2.0	9.0	0.1288
3.0	9.0	0.1288
4.0	9.0	0.1288
5.0	9.0	0.1288
2.0	10.0	0.1288
3.0	8.0	0.1288
5.0	8.0	0.1288
2.0	6.0	0.1288
1.0	11.0	0.1288
2.0	11.0	0.1288
1.0	9.0	0.1288
4.0	9.0	0.1288
4.0	7.0	0.1288
2.0	6.0	0.1288
4.0	6.0	0.1288
3.0	4.0	0.1288
8.0	14.0	0.1288
2.0	11.0	0.1288
2.0	10.0	0.1288
4.0	10.0	0.1288
3.0	9.0	0.1288
1.0	9.0	0.1288
4.0	9.0	0.1288
3.0	4.0	0.1288
3.0	7.0	0.1288
4.0	7.0	0.1288
3.0	7.0	0.1288
5.0	7.0	0.1288
2.0	6.0	0.1288
4.0	7.0	0.1288
2.0	8.0	0.1288
5.0	8.0	0.1288
2.0	6.0	0.1288
3.0	4.0	0.1288
2.0	3.0	0.1281
1.0	12.0	0.1281
4.0	12.0	0.1281
5.0	12.0	0.1281
6.0	11.0	0.1281
1.0	11.0	0.1281
5.0	8.0	0.1281
2.0	6.0	0.1281
2.0	13.0	0.1281
2.0	8.0	0.1281
4.0	8.0	0.1281
2.0	8.0	0.1281
3.0	8.0	0.1281
6.0	8.0	0.1281
2.0	7.0	0.1281
3.0	7.0	0.1281
3.0	9.0	0.1281
3.0	5.0	0.1281
6.0	11.0	0.1281
1.0	12.0	0.1281
2.0	12.0	0.1281
1.0	11.0	0.1281
4.0	11.0	0.1281
2.0	11.0	0.1281
4.0	11.0	0.1281
7.0	11.0	0.1281
2.0	8.0	0.1281
3.0	8.0	0.1281
1.0	7.0	0.1281
3.0	7.0	0.1281
3.0	5.0	0.1281
2.0	3.0	0.1281
4.0	9.0	0.1281
1.0	8.0	0.1281
3.0	8.0	0.1281
6.0	8.0	0.1281
1.0	8.0	0.1281
2.0	8.0	0.1281
3.0	8.0	0.1281
4.0	12.0	0.1281
3.0	12.0	0.1281
3.0	8.0	0.1281
2.0	9.0	0.1281
3.0	7.0	0.1281
2.0	11.0	0.1281
3.0	11.0	0.1281
4.0	11.0	0.1281
3.0	11.0	0.1281
4.0	11.0	0.1281
2.0	10.0	0.1281
3.0	9.0	0.1281
4.0	6.0	0.1281
4.0	11.0	0.1281
3.0	8.0	0.1281
4.0	8.0	0.1281
6.0	8.0	0.1281
4.0	7.0	0.1281
3.0	7.0	0.1281
4.0	7.0	0.1281
5.0	10.0	0.1281
1.0	9.0	0.1281
2.0	9.0	0.1281
5.0	9.0	0.1281
2.0	9.0	0.1281
3.0	9.0	0.1281
1.0	5.0	0.1281
2.0	5.0	0.1281
1.0	11.0	0.1278
5.0	11.0	0.1278
2.0	9.0	0.1278
1.0	14.0	0.1278
2.0	9.0	0.1278
3.0	9.0	0.1278
1.0	14.0	0.1278
1.0	11.0	0.1278
4.0	11.0	0.1278
4.0	12.0	0.1278
3.0	10.0	0.1278
5.0	10.0	0.1278
3.0	8.0	0.1278
4.0	6.0	0.1278
4.0	10.0	0.1278
2.0	9.0	0.1278
4.0	9.0	0.1278
2.0	8.0	0.1278
5.0	8.0	0.1278
2.0	6.0	0.1278
3.0	6.0	0.1278
2.0	12.0	0.1278
5.0	12.0	0.1278
3.0	9.0	0.1278
2.0	11.0	0.1278
4.0	11.0	0.1278
5.0	7.0	0.1278
1.0	8.0	0.1278
5.0	8.0	0.1278
3.0	15.0	0.1278
1.0	10.0	0.1278
2.0	10.0	0.1278
3.0	10.0	0.1278
4.0	10.0	0.1278
1.0	12.0	0.1278
5.0	10.0	0.1278
2.0	10.0	0.1278
3.0	10.0	0.1278
3.0	9.0	0.1278
1.0	8.0	0.1278
1.0	7.0	0.1278
3.0	7.0	0.1278
4.0	7.0	0.1278
4.0	6.0	0.1278
4.0	8.0	0.1278
3.0	10.0	0.1278
1.0	10.0	0.1278
2.0	7.0	0.1278
3.0	7.0	0.1278
4.0	8.0	0.1278
5.0	8.0	0.1278
3.0	5.0	0.1278
2.0	4.0	0.1278
3.0	10.0	0.1278
4.0	10.0	0.1278
3.0	7.0	0.1278
3.0	7.0	0.1278
2.0	7.0	0.1278
3.0	4.0	0.1278
2.0	8.0	0.1278
3.0	8.0	0.1278
2.0	4.0	0.1278
1.0	7.0	0.1278
4.0	7.0	0.1268
3.0	10.0	0.1268
6.0	8.0	0.1268
2.0	10.0	0.1268
2.0	12.0	0.1268
2.0	11.0	0.1268
5.0	10.0	0.1268
6.0	10.0	0.1268
5.0	9.0	0.1268
1.0	10.0	0.1268
2.0	3.0	0.1268
3.0	13.0	0.1268
2.0	9.0	0.1268
4.0	9.0	0.1268
5.0	9.0	0.1268
1.0	9.0	0.1268
6.0	9.0	0.1268
2.0	11.0	0.1268
2.0	9.0	0.1268
3.0	9.0	0.1268
6.0	9.0	0.1268
1.0	10.0	0.1268
3.0	10.0	0.1268
4.0	10.0	0.1268
2.0	9.0	0.1268
4.0	8.0	0.1268
4.0	5.0	0.1268
2.0	10.0	0.1268
4.0	10.0	0.1268
2.0	11.0	0.1268
2.0	8.0	0.1268
6.0	8.0	0.1268
2.0	9.0	0.1268
5.0	9.0	0.1268
3.0	8.0	0.1268
4.0	10.0	0.1268
5.0	10.0	0.1268
1.0	10.0	0.1268
3.0	7.0	0.1268
4.0	7.0	0.1268
2.0	10.0	0.1268
4.0	10.0	0.1268
2.0	9.0	0.1268
4.0	12.0	0.1268
2.0	7.0	0.1268
4.0	7.0	0.1268
2.0	4.0	0.1268
4.0	8.0	0.1268
3.0	10.0	0.1267
4.0	10.0	0.1267
2.0	9.0	0.1267
3.0	11.0	0.1267
1.0	8.0	0.1267
4.0	6.0	0.1267
3.0	5.0	0.1267
2.0	12.0	0.1267
2.0	14.0	0.1267
1.0	7.0	0.1267
1.0	10.0	0.1267
2.0	10.0	0.1267
4.0	7.0	0.1267
5.0	7.0	0.1267
1.0	6.0	0.1267
3.0	4.0	0.1267
3.0	12.0	0.1267
7.0	10.0	0.1267
3.0	12.0	0.1267
4.0	9.0	0.1267
4.0	8.0	0.1267
4.0	7.0	0.1267
5.0	7.0	0.1267
5.0	7.0	0.1267
3.0	11.0	0.1267
2.0	12.0	0.1267
3.0	12.0	0.1267
1.0	10.0	0.1267
4.0	10.0	0.1267
3.0	9.0	0.1267
4.0	9.0	0.1267
3.0	9.0	0.1267
2.0	10.0	0.1267
3.0	10.0	0.1267
5.0	10.0	0.1267
3.0	5.0	0.1267
1.0	13.0	0.1267
3.0	9.0	0.1267
7.0	16.0	0.1267
2.0	9.0	0.1267
3.0	6.0	0.1267
1.0	4.0	0.1267
3.0	4.0	0.1267
1.0	9.0	0.1267
4.0	9.0	0.1267
6.0	9.0	0.1267
7.0	9.0	0.1267
2.0	10.0	0.1267
3.0	10.0	0.1267
8.0	10.0	0.1267
2.0	7.0	0.1267
3.0	7.0	0.1267
4.0	7.0	0.1267
3.0	12.0	0.1267
3.0	5.0	0.1267
1.0	9.0	0.1267
3.0	9.0	0.1267
3.0	6.0	0.1267
1.0	13.0	0.1267
2.0	13.0	0.1267
4.0	13.0	0.1267
3.0	6.0	0.1267
2.0	4.0	0.1267
2.0	10.0	0.1264
4.0	10.0	0.1264
6.0	12.0	0.1264
2.0	11.0	0.1264
3.0	6.0	0.1264
4.0	6.0	0.1264
1.0	5.0	0.1264
2.0	10.0	0.1264
1.0	11.0	0.1264
1.0	13.0	0.1264
1.0	10.0	0.1264
2.0	10.0	0.1264
3.0	14.0	0.1264
1.0	8.0	0.1264
4.0	8.0	0.1264
3.0	6.0	0.1264
5.0	11.0	0.1264
1.0	13.0	0.1264
2.0	10.0	0.1264
2.0	9.0	0.1264
2.0	4.0	0.1264
2.0	11.0	0.1264
5.0	11.0	0.1264
4.0	11.0	0.1264
4.0	10.0	0.1264
5.0	8.0	0.1264
1.0	7.0	0.1264
2.0	7.0	0.1264
2.0	6.0	0.1264
3.0	6.0	0.1264
4.0	6.0	0.1264
2.0	11.0	0.1264
4.0	11.0	0.1264
5.0	8.0	0.1264
5.0	8.0	0.1264
4.0	7.0	0.1264
2.0	7.0	0.1264
3.0	7.0	0.1264
3.0	5.0	0.1264
2.0	14.0	0.1264
1.0	12.0	0.1264
2.0	8.0	0.1264
1.0	11.0	0.1264
3.0	11.0	0.1264
3.0	7.0	0.1264
2.0	6.0	0.1264
3.0	6.0	0.1264
4.0	6.0	0.1264
2.0	12.0	0.1264
4.0	11.0	0.1264
6.0	9.0	0.1264
1.0	9.0	0.1264
2.0	9.0	0.1264
5.0	9.0	0.1264
4.0	6.0	0.1264
3.0	4.0	0.1264
2.0	9.0	0.1264
1.0	7.0	0.1264
2.0	7.0	0.1264
1.0	4.0	0.1264
4.0	6.0	0.1264
3.0	7.0	0.1264
4.0	7.0	0.1264
5.0	7.0	0.1264
4.0	8.0	0.1262
1.0	12.0	0.1262
1.0	12.0	0.1262
3.0	10.0	0.1262
5.0	10.0	0.1262
2.0	9.0	0.1262
4.0	9.0	0.1262
6.0	9.0	0.1262
2.0	10.0	0.1262
4.0	9.0	0.1262
2.0	8.0	0.1262
4.0	8.0	0.1262
1.0	10.0	0.1262
3.0	10.0	0.1262
3.0	7.0	0.1262
3.0	5.0	0.1262
6.0	13.0	0.1262
1.0	13.0	0.1262
3.0	13.0	0.1262
2.0	8.0	0.1262
5.0	8.0	0.1262
6.0	8.0	0.1262
4.0	8.0	0.1262
4.0	11.0	0.1262
2.0	6.0	0.1262
4.0	5.0	0.1262
1.0	11.0	0.1262
6.0	11.0	0.1262
3.0	10.0	0.1262
5.0	7.0	0.1262
4.0	11.0	0.1262
2.0	5.0	0.1262
3.0	5.0	0.1262
4.0	8.0	0.1262
5.0	8.0	0.1262
1.0	9.0	0.0
2.0	9.0	0.0
6.0	9.0	0.0
4.0	8.0	0.0
2.0	10.0	0.0
5.0	10.0	0.0
3.0	10.0	0.0
4.0	5.0	0.0
3.0	5.0	0.0
1.0	11.0	0.0
2.0	11.0	0.0
3.0	9.0	0.0
5.0	6.0	0.0
3.0	9.0	0.0
4.0	9.0	0.0
4.0	5.0	0.0
3.0	9.0	0.0
8.0	9.0	0.0
1.0	11.0	0.0
3.0	8.0	0.0
6.0	7.0	0.0
6.0	6.0	0.0
3.0	6.0	0.0
4.0	6.0	0.0
3.0	9.0	0.0
7.0	8.0	0.0
3.0	13.0	0.0
7.0	13.0	0.0
6.0	12.0	0.0
3.0	10.0	0.0
4.0	10.0	0.0
6.0	10.0	0.0
5.0	8.0	0.0
3.0	8.0	0.0
4.0	8.0	0.0
6.0	8.0	0.0
4.0	9.0	0.0
1.0	11.0	0.0
5.0	11.0	0.0
5.0	6.0	0.0
3.0	5.0	0.0
2.0	11.0	0.0
2.0	9.0	0.0
5.0	9.0	0.0
3.0	7.0	0.0
4.0	7.0	0.0
4.0	5.0	0.0
1.0	12.0	0.0
2.0	8.0	0.0
3.0	7.0	0.0
4.0	5.0	0.0
3.0	5.0	0.0
4.0	5.0	0.0
4.0	7.0	0.0
1.0	10.0	0.0
5.0	7.0	0.0
6.0	7.0	0.0
3.0	5.0	0.0
1.0	10.0	0.0
3.0	10.0	0.0
5.0	12.0	0.0
3.0	10.0	0.0
1.0	9.0	0.0
5.0	6.0	0.0
4.0	5.0	0.0
1.0	11.0	0.0
4.0	8.0	0.0
5.0	8.0	0.0
4.0	7.0	0.0
5.0	7.0	0.0
4.0	8.0	0.0
5.0	8.0	0.0
4.0	5.0	0.0
3.0	3.0	0.0
3.0	10.0	0.0
5.0	10.0	0.0
4.0	11.0	0.0
6.0	7.0	0.0
3.0	10.0	0.0
4.0	7.0	0.0
3.0	6.0	0.0
5.0	6.0	0.0
2.0	9.0	0.0
5.0	9.0	0.0
1.0	8.0	0.0
2.0	8.0	0.0
3.0	8.0	0.0
4.0	7.0	0.0
3.0	7.0	0.0
4.0	7.0	0.0
5.0	8.0	0.0
1.0	11.0	0.0
5.0	5.0	0.0
4.0	7.0	0.0
5.0	7.0	0.0
3.0	8.0	0.0
3.0	4.0	0.0
1.0	9.0	0.0
7.0	9.0	0.0
1.0	10.0	0.0
3.0	10.0	0.0
5.0	10.0	0.0
2.0	10.0	0.0
3.0	10.0	0.0
4.0	10.0	0.0
4.0	13.0	0.0
3.0	8.0	0.0
4.0	8.0	0.0
3.0	10.0	0.0
3.0	6.0	0.0
4.0	6.0	0.0
5.0	6.0	0.0
4.0	5.0	0.0
2.0	3.0	0.0
2.0	12.0	0.0
7.0	12.0	0.0
4.0	11.0	0.0
2.0	8.0	0.0
5.0	8.0	0.0
5.0	6.0	0.0
7.0	10.0	0.0
2.0	10.0	0.0
3.0	10.0	0.0
5.0	10.0	0.0
5.0	9.0	0.0
1.0	10.0	0.0
5.0	7.0	0.0
1.0	11.0	0.0
5.0	11.0	0.0
2.0	13.0	0.0
1.0	10.0	0.0
2.0	10.0	0.0
2.0	10.0	0.0
4.0	10.0	0.0
2.0	9.0	0.0
2.0	7.0	0.0
3.0	8.0	0.0
3.0	8.0	0.0
4.0	5.0	0.0
3.0	10.0	0.0
4.0	10.0	0.0
6.0	10.0	0.0
3.0	10.0	0.0
3.0	13.0	0.0
5.0	7.0	0.0
3.0	9.0	0.0
4.0	9.0	0.0
6.0	9.0	0.0
2.0	8.0	0.0
4.0	8.0	0.0
2.0	8.0	0.0
3.0	8.0	0.0
1.0	9.0	0.0
1.0	7.0	0.0
4.0	5.0	0.0
4.0	10.0	0.0
6.0	10.0	0.0
2.0	12.0	0.0
2.0	8.0	0.0
5.0	8.0	0.0
3.0	8.0	0.0
5.0	8.0	0.0
5.0	6.0	0.0
3.0	5.0	0.0
7.0	13.0	0.0
3.0	12.0	0.0
6.0	10.0	0.0
1.0	9.0	0.0
2.0	9.0	0.0
4.0	9.0	0.0
2.0	7.0	0.0
4.0	7.0	0.0
5.0	7.0	0.0
1.0	8.0	0.0
2.0	8.0	0.0
5.0	5.0	0.0
2.0	12.0	0.0
3.0	6.0	0.0
4.0	5.0	0.0
4.0	9.0	0.0
4.0	7.0	0.0
4.0	5.0	0.0
1.0	6.0	0.0
4.0	8.0	0.0
2.0	10.0	0.0
5.0	10.0	0.0
4.0	9.0	0.0
5.0	9.0	0.0
6.0	9.0	0.0
1.0	12.0	0.0
3.0	12.0	0.0
6.0	10.0	0.0
4.0	10.0	0.0
1.0	12.0	0.0
2.0	12.0	0.0
2.0	8.0	0.0
4.0	8.0	0.0
6.0	7.0	0.0
2.0	9.0	0.0
4.0	9.0	0.0
3.0	9.0	0.0
5.0	9.0	0.0
2.0	7.0	0.0
2.0	5.0	0.0
1.0	11.0	0.0
6.0	13.0	0.0
5.0	9.0	0.0
3.0	9.0	0.0
5.0	9.0	0.0
1.0	8.0	0.0
2.0	8.0	0.0
5.0	8.0	0.0
4.0	7.0	0.0
4.0	5.0	0.0
4.0	6.0	0.0
1.0	11.0	0.0
2.0	7.0	0.0
5.0	7.0	0.0
2.0	5.0	0.0
4.0	4.0	0.0
4.0	8.0	0.0
1.0	9.0	0.0
3.0	5.0	0.0
5.0	5.0	0.0
4.0	5.0	0.0
3.0	3.0	0.0
1.0	11.0	0.0
3.0	11.0	0.0
3.0	9.0	0.0
6.0	9.0	0.0
3.0	3.0	0.0
3.0	6.0	0.0
4.0	6.0	0.0
5.0	7.0	0.0
5.0	6.0	0.0
6.0	7.0	0.0
1.0	9.0	0.0
4.0	10.0	0.0
5.0	6.0	0.0
5.0	7.0	0.0
4.0	4.0	0.0
6.0	11.0	0.0
2.0	11.0	0.0
2.0	9.0	0.0
7.0	9.0	0.0
1.0	11.0	0.0
2.0	11.0	0.0
4.0	11.0	0.0
4.0	9.0	0.0
5.0	8.0	0.0
6.0	8.0	0.0
5.0	7.0	0.0
4.0	9.0	0.0
4.0	4.0	0.0
5.0	9.0	0.0
1.0	11.0	0.0
3.0	11.0	0.0
3.0	8.0	0.0
4.0	8.0	0.0
5.0	8.0	0.0
3.0	8.0	0.0
9.0	12.0	0.0
3.0	11.0	0.0
4.0	7.0	0.0
4.0	4.0	0.0
2.0	12.0	0.0
4.0	8.0	0.0
4.0	10.0	0.0
5.0	7.0	0.0
1.0	13.0	0.0
4.0	5.0	0.0
4.0	5.0	0.0
5.0	5.0	0.0
3.0	4.0	0.0
5.0	11.0	0.0
5.0	8.0	0.0
5.0	10.0	0.0
3.0	5.0	0.0
4.0	5.0	0.0
3.0	10.0	0.0
4.0	10.0	0.0
1.0	10.0	0.0
3.0	10.0	0.0
1.0	9.0	0.0
2.0	9.0	0.0
4.0	6.0	0.0
3.0	4.0	0.0
4.0	12.0	0.0
1.0	10.0	0.0
4.0	8.0	0.0
5.0	7.0	0.0
5.0	6.0	0.0
1.0	8.0	0.0
5.0	8.0	0.0
3.0	7.0	0.0
2.0	9.0	0.0
5.0	9.0	0.0
2.0	13.0	0.0
3.0	13.0	0.0
4.0	9.0	0.0
3.0	13.0	0.0
2.0	8.0	0.0
3.0	9.0	0.0
4.0	6.0	0.0
2.0	7.0	0.0
4.0	5.0	0.0
5.0	10.0	0.0
1.0	10.0	0.0
4.0	10.0	0.0
5.0	10.0	0.0
6.0	9.0	0.0
1.0	9.0	0.0
7.0	9.0	0.0
3.0	7.0	0.0
3.0	5.0	0.0
5.0	12.0	0.0
1.0	12.0	0.0
2.0	12.0	0.0
5.0	12.0	0.0
1.0	9.0	0.0
3.0	9.0	0.0
5.0	9.0	0.0
6.0	9.0	0.0
1.0	8.0	0.0
2.0	8.0	0.0
4.0	8.0	0.0
3.0	10.0	0.0
4.0	10.0	0.0
2.0	12.0	0.0
3.0	12.0	0.0
3.0	11.0	0.0
2.0	10.0	0.0
1.0	9.0	0.0
2.0	9.0	0.0
6.0	9.0	0.0
4.0	7.0	0.0
5.0	7.0	0.0
3.0	9.0	0.0
7.0	9.0	0.0
4.0	6.0	0.0
4.0	7.0	0.0
2.0	11.0	0.0
4.0	7.0	0.0
3.0	7.0	0.0
4.0	7.0	0.0
6.0	7.0	0.0
3.0	4.0	0.0
3.0	11.0	0.0
4.0	11.0	0.0
2.0	9.0	0.0
3.0	9.0	0.0
5.0	9.0	0.0
3.0	8.0	0.0
5.0	7.0	0.0
5.0	8.0	0.0
4.0	6.0	0.0
5.0	6.0	0.0
5.0	10.0	0.0
7.0	10.0	0.0
5.0	10.0	0.0
7.0	10.0	0.0
1.0	9.0	0.0
3.0	9.0	0.0
4.0	6.0	0.0
2.0	8.0	0.0
4.0	8.0	0.0
1.0	10.0	0.0
5.0	7.0	0.0
1.0	10.0	0.0
2.0	10.0	0.0
5.0	6.0	0.0
2.0	9.0	0.0
7.0	9.0	0.0
6.0	8.0	0.0
2.0	8.0	0.0
3.0	8.0	0.0
5.0	8.0	0.0
3.0	10.0	0.0
5.0	8.0	0.0
2.0	8.0	0.0
5.0	8.0	0.0
3.0	6.0	0.0
4.0	6.0	0.0
5.0	6.0	0.0
2.0	11.0	0.0
3.0	11.0	0.0
4.0	11.0	0.0
8.0	11.0	0.0
7.0	13.0	0.0
5.0	11.0	0.0
1.0	9.0	0.0
3.0	6.0	0.0
4.0	6.0	0.0
6.0	7.0	0.0
3.0	4.0	0.0
4.0	4.0	0.0
6.0	9.0	0.0
5.0	11.0	0.0
1.0	12.0	0.0
6.0	12.0	0.0
3.0	8.0	0.0
5.0	8.0	0.0
5.0	7.0	0.0
3.0	11.0	0.0
1.0	8.0	0.0
2.0	8.0	0.0
5.0	8.0	0.0
3.0	10.0	0.0
5.0	8.0	0.0
6.0	7.0	0.0
3.0	3.0	0.0
2.0	14.0	0.0
5.0	11.0	0.0
6.0	9.0	0.0
8.0	9.0	0.0
1.0	9.0	0.0
2.0	9.0	0.0
4.0	9.0	0.0
6.0	9.0	0.0
4.0	8.0	0.0
5.0	8.0	0.0
5.0	7.0	0.0
2.0	8.0	0.0
3.0	8.0	0.0
5.0	8.0	0.0
5.0	5.0	0.0
5.0	6.0	0.0
3.0	5.0	0.0
1.0	9.0	0.0
2.0	9.0	0.0
4.0	6.0	0.0
5.0	6.0	0.0
3.0	7.0	0.0
4.0	4.0	0.0
4.0	4.0	0.0
3.0	3.0	0.0
3.0	10.0	0.0
1.0	9.0	0.0
4.0	6.0	0.0
3.0	6.0	0.0
4.0	6.0	0.0
4.0	7.0	0.0
4.0	6.0	0.0
5.0	6.0	0.0
1.0	12.0	0.0
2.0	9.0	0.0
4.0	6.0	0.0
5.0	6.0	0.0
4.0	12.0	0.0
3.0	9.0	0.0
4.0	9.0	0.0
6.0	9.0	0.0
1.0	10.0	0.0
2.0	9.0	0.0
3.0	9.0	0.0
4.0	9.0	0.0
3.0	8.0	0.0
4.0	8.0	0.0
2.0	9.0	0.0
3.0	7.0	0.0
4.0	7.0	0.0
6.0	8.0	0.0
7.0	8.0	0.0
1.0	10.0	0.0
3.0	10.0	0.0
4.0	10.0	0.0
5.0	10.0	0.0
5.0	8.0	0.0
5.0	9.0	0.0
8.0	9.0	0.0
4.0	7.0	0.0
4.0	8.0	0.0
5.0	8.0	0.0
2.0	2.0	0.0
5.0	9.0	0.0
6.0	9.0	0.0
7.0	9.0	0.0
5.0	7.0	0.0
5.0	8.0	0.0
2.0	7.0	0.0
3.0	7.0	0.0
4.0	7.0	0.0
3.0	3.0	0.0
1.0	10.0	0.0
2.0	10.0	0.0
4.0	10.0	0.0
3.0	9.0	0.0
5.0	6.0	0.0
5.0	9.0	0.0
1.0	8.0	0.0
3.0	8.0	0.0
1.0	10.0	0.0
4.0	10.0	0.0
4.0	5.0	0.0
1.0	10.0	0.0
3.0	10.0	0.0
3.0	7.0	0.0
5.0	7.0	0.0
6.0	8.0	0.0
4.0	6.0	0.0
3.0	4.0	0.0
2.0	10.0	0.0
3.0	10.0	0.0
5.0	12.0	0.0
3.0	9.0	0.0
5.0	7.0	0.0
3.0	3.0	0.0
4.0	14.0	0.0
2.0	12.0	0.0
3.0	12.0	0.0
4.0	12.0	0.0
3.0	9.0	0.0
5.0	9.0	0.0
4.0	7.0	0.0
3.0	5.0	0.0
4.0	5.0	0.0
3.0	10.0	0.0
5.0	7.0	0.0
3.0	10.0	0.0
5.0	9.0	0.0
7.0	9.0	0.0
5.0	7.0	0.0
6.0	7.0	0.0
6.0	7.0	0.0
3.0	6.0	0.0
4.0	6.0	0.0
5.0	6.0	0.0
3.0	3.0	0.0
4.0	15.0	0.0
1.0	11.0	0.0
3.0	11.0	0.0
5.0	11.0	0.0
6.0	10.0	0.0
8.0	10.0	0.0
2.0	8.0	0.0
3.0	8.0	0.0
4.0	6.0	0.0
4.0	4.0	0.0
6.0	13.0	0.0
2.0	11.0	0.0
6.0	7.0	0.0
3.0	7.0	0.0
1.0	11.0	0.0
1.0	10.0	0.0
2.0	10.0	0.0
3.0	10.0	0.0
1.0	12.0	0.0
4.0	8.0	0.0
5.0	8.0	0.0
1.0	12.0	0.0
4.0	12.0	0.0
5.0	8.0	0.0
3.0	8.0	0.0
4.0	8.0	0.0
4.0	6.0	0.0
3.0	5.0	0.0
3.0	8.0	0.0
5.0	8.0	0.0
4.0	6.0	0.0
4.0	6.0	0.0
3.0	3.0	0.0
5.0	7.0	0.0
5.0	9.0	0.0
3.0	10.0	0.0
4.0	10.0	0.0
4.0	10.0	0.0
4.0	7.0	0.0
4.0	4.0	0.0
3.0	3.0	0.0
2.0	10.0	0.0
3.0	10.0	0.0
4.0	10.0	0.0
6.0	10.0	0.0
2.0	14.0	0.0
1.0	12.0	0.0
3.0	12.0	0.0
4.0	12.0	0.0
3.0	8.0	0.0
1.0	6.0	0.0
3.0	6.0	0.0
4.0	6.0	0.0
5.0	6.0	0.0
4.0	6.0	0.0
4.0	8.0	0.0
4.0	8.0	0.0
2.0	9.0	0.0
5.0	9.0	0.0
1.0	8.0	0.0
3.0	8.0	0.0
1.0	13.0	0.0
1.0	11.0	0.0
3.0	10.0	0.0
2.0	10.0	0.0
4.0	10.0	0.0
5.0	10.0	0.0
6.0	10.0	0.0
8.0	10.0	0.0
5.0	7.0	0.0
3.0	9.0	0.0
6.0	9.0	0.0
2.0	12.0	0.0
4.0	8.0	0.0
4.0	10.0	0.0
5.0	10.0	0.0
3.0	8.0	0.0
6.0	8.0	0.0
3.0	7.0	0.0
4.0	7.0	0.0
5.0	7.0	0.0
4.0	7.0	0.0
6.0	8.0	0.0
3.0	6.0	0.0
4.0	4.0	0.0
3.0	4.0	0.0
4.0	8.0	0.0
3.0	7.0	0.0
4.0	7.0	0.0
5.0	7.0	0.0
3.0	6.0	0.0
5.0	6.0	0.0
4.0	4.0	0.0
4.0	8.0	0.0
5.0	8.0	0.0
2.0	8.0	0.0
4.0	8.0	0.0
4.0	6.0	-0.1262
5.0	6.0	-0.1262
3.0	8.0	-0.1262
4.0	8.0	-0.1262
5.0	5.0	-0.1262
6.0	6.0	-0.1262
3.0	11.0	-0.1262
5.0	11.0	-0.1262
4.0	10.0	-0.1262
5.0	10.0	-0.1262
5.0	7.0	-0.1262
7.0	7.0	-0.1262
2.0	9.0	-0.1262
6.0	9.0	-0.1262
6.0	6.0	-0.1262
5.0	8.0	-0.1262
4.0	3.0	-0.1262
7.0	8.0	-0.1262
2.0	10.0	-0.1262
5.0	10.0	-0.1262
6.0	7.0	-0.1262
6.0	7.0	-0.1262
2.0	11.0	-0.1262
3.0	11.0	-0.1262
5.0	6.0	-0.1262
6.0	13.0	-0.1262
5.0	7.0	-0.1262
7.0	7.0	-0.1262
1.0	9.0	-0.1262
5.0	9.0	-0.1262
2.0	12.0	-0.1262
1.0	10.0	-0.1262
6.0	10.0	-0.1262
4.0	7.0	-0.1262
6.0	11.0	-0.1262
1.0	9.0	-0.1262
2.0	9.0	-0.1262
3.0	9.0	-0.1262
5.0	9.0	-0.1262
3.0	11.0	-0.1262
2.0	9.0	-0.1262
4.0	8.0	-0.1262
5.0	8.0	-0.1262
3.0	11.0	-0.1262
5.0	11.0	-0.1262
4.0	11.0	-0.1262
3.0	9.0	-0.1262
4.0	5.0	-0.1262
4.0	3.0	-0.1262
5.0	5.0	-0.1262
3.0	7.0	-0.1262
4.0	7.0	-0.1262
4.0	3.0	-0.1262
6.0	8.0	-0.1264
5.0	10.0	-0.1264
5.0	9.0	-0.1264
1.0	10.0	-0.1264
4.0	10.0	-0.1264
6.0	6.0	-0.1264
5.0	5.0	-0.1264
4.0	8.0	-0.1264
7.0	8.0	-0.1264
2.0	12.0	-0.1264
7.0	12.0	-0.1264
4.0	11.0	-0.1264
7.0	11.0	-0.1264
4.0	8.0	-0.1264
5.0	12.0	-0.1264
4.0	4.0	-0.1264
1.0	9.0	-0.1264
3.0	9.0	-0.1264
6.0	9.0	-0.1264
7.0	9.0	-0.1264
2.0	13.0	-0.1264
4.0	11.0	-0.1264
5.0	11.0	-0.1264
1.0	11.0	-0.1264
3.0	11.0	-0.1264
5.0	11.0	-0.1264
5.0	6.0	-0.1264
3.0	7.0	-0.1264
5.0	7.0	-0.1264
5.0	6.0	-0.1264
6.0	6.0	-0.1264
3.0	2.0	-0.1264
6.0	6.0	-0.1264
2.0	9.0	-0.1264
5.0	9.0	-0.1264
3.0	8.0	-0.1264
6.0	8.0	-0.1264
3.0	6.0	-0.1264
5.0	6.0	-0.1264
6.0	6.0	-0.1264
5.0	4.0	-0.1264
2.0	14.0	-0.1264
3.0	14.0	-0.1264
6.0	6.0	-0.1264
4.0	7.0	-0.1264
5.0	7.0	-0.1264
5.0	5.0	-0.1264
5.0	5.0	-0.1264
4.0	12.0	-0.1264
4.0	10.0	-0.1264
4.0	9.0	-0.1264
5.0	9.0	-0.1264
6.0	9.0	-0.1264
5.0	6.0	-0.1264
4.0	5.0	-0.1264
5.0	5.0	-0.1264
7.0	10.0	-0.1264
2.0	9.0	-0.1264
1.0	9.0	-0.1264
5.0	9.0	-0.1264
6.0	9.0	-0.1264
3.0	11.0	-0.1264
6.0	11.0	-0.1264
3.0	7.0	-0.1264
6.0	7.0	-0.1264
4.0	3.0	-0.1264
3.0	2.0	-0.1264
4.0	7.0	-0.1264
2.0	9.0	-0.1264
1.0	7.0	-0.1264
6.0	7.0	-0.1264
5.0	5.0	-0.1264
5.0	4.0	-0.1264
4.0	3.0	-0.1264
2.0	8.0	-0.1267
5.0	7.0	-0.1267
1.0	9.0	-0.1267
4.0	9.0	-0.1267
8.0	9.0	-0.1267
7.0	9.0	-0.1267
4.0	6.0	-0.1267
5.0	6.0	-0.1267
5.0	4.0	-0.1267
4.0	3.0	-0.1267
2.0	1.0	-0.1267
6.0	10.0	-0.1267
7.0	10.0	-0.1267
9.0	10.0	-0.1267
6.0	8.0	-0.1267
7.0	10.0	-0.1267
6.0	8.0	-0.1267
2.0	10.0	-0.1267
6.0	8.0	-0.1267
4.0	10.0	-0.1267
5.0	10.0	-0.1267
4.0	5.0	-0.1267
5.0	5.0	-0.1267
6.0	9.0	-0.1267
2.0	9.0	-0.1267
3.0	9.0	-0.1267
4.0	9.0	-0.1267
6.0	7.0	-0.1267
4.0	7.0	-0.1267
5.0	7.0	-0.1267
4.0	8.0	-0.1267
6.0	8.0	-0.1267
4.0	3.0	-0.1267
4.0	12.0	-0.1267
2.0	11.0	-0.1267
3.0	11.0	-0.1267
2.0	9.0	-0.1267
5.0	7.0	-0.1267
2.0	8.0	-0.1267
3.0	8.0	-0.1267
6.0	7.0	-0.1267
4.0	4.0	-0.1267
2.0	10.0	-0.1267
3.0	10.0	-0.1267
5.0	8.0	-0.1267
6.0	5.0	-0.1267
5.0	5.0	-0.1267
4.0	10.0	-0.1267
3.0	8.0	-0.1267
6.0	8.0	-0.1267
6.0	6.0	-0.1267
5.0	4.0	-0.1267
4.0	3.0	-0.1267
5.0	7.0	-0.1267
6.0	7.0	-0.1267
5.0	4.0	-0.1267
4.0	5.0	-0.1267
5.0	5.0	-0.1267
4.0	6.0	-0.1267
5.0	6.0	-0.1267
3.0	2.0	-0.1267
1.0	12.0	-0.1268
2.0	12.0	-0.1268
5.0	8.0	-0.1268
6.0	8.0	-0.1268
4.0	6.0	-0.1268
3.0	11.0	-0.1268
3.0	11.0	-0.1268
7.0	8.0	-0.1268
3.0	10.0	-0.1268
6.0	10.0	-0.1268
3.0	9.0	-0.1268
4.0	9.0	-0.1268
4.0	8.0	-0.1268
6.0	5.0	-0.1268
2.0	6.0	-0.1268
5.0	6.0	-0.1268
2.0	11.0	-0.1268
6.0	9.0	-0.1268
6.0	8.0	-0.1268
5.0	6.0	-0.1268
6.0	7.0	-0.1268
5.0	6.0	-0.1268
1.0	11.0	-0.1268
2.0	11.0	-0.1268
3.0	11.0	-0.1268
4.0	11.0	-0.1268
6.0	11.0	-0.1268
4.0	9.0	-0.1268
7.0	9.0	-0.1268
3.0	6.0	-0.1268
4.0	7.0	-0.1268
6.0	7.0	-0.1268
5.0	6.0	-0.1268
6.0	6.0	-0.1268
5.0	6.0	-0.1268
6.0	8.0	-0.1268
3.0	9.0	-0.1268
7.0	9.0	-0.1268
5.0	8.0	-0.1268
3.0	8.0	-0.1268
6.0	8.0	-0.1268
6.0	7.0	-0.1268
7.0	7.0	-0.1268
1.0	10.0	-0.1268
6.0	10.0	-0.1268
5.0	9.0	-0.1268
3.0	10.0	-0.1268
5.0	5.0	-0.1268
5.0	5.0	-0.1268
6.0	5.0	-0.1268
1.0	9.0	-0.1268
5.0	6.0	-0.1268
6.0	6.0	-0.1268
6.0	9.0	-0.1278
6.0	7.0	-0.1278
7.0	7.0	-0.1278
7.0	7.0	-0.1278
1.0	7.0	-0.1278
5.0	7.0	-0.1278
4.0	3.0	-0.1278
3.0	2.0	-0.1278
2.0	9.0	-0.1278
1.0	12.0	-0.1278
5.0	12.0	-0.1278
7.0	10.0	-0.1278
2.0	8.0	-0.1278
4.0	8.0	-0.1278
6.0	8.0	-0.1278
5.0	5.0	-0.1278
3.0	6.0	-0.1278
4.0	6.0	-0.1278
4.0	4.0	-0.1278
1.0	10.0	-0.1278
4.0	7.0	-0.1278
6.0	5.0	-0.1278
3.0	7.0	-0.1278
4.0	7.0	-0.1278
6.0	5.0	-0.1278
2.0	10.0	-0.1278
3.0	10.0	-0.1278
4.0	8.0	-0.1278
6.0	7.0	-0.1278
7.0	7.0	-0.1278
3.0	2.0	-0.1278
4.0	8.0	-0.1278
5.0	9.0	-0.1278
6.0	8.0	-0.1278
5.0	5.0	-0.1278
5.0	5.0	-0.1278
5.0	6.0	-0.1278
3.0	2.0	-0.1278
5.0	5.0	-0.1278
2.0	1.0	-0.1278
4.0	8.0	-0.1281
8.0	8.0	-0.1281
2.0	12.0	-0.1281
3.0	7.0	-0.1281
5.0	7.0	-0.1281
6.0	7.0	-0.1281
7.0	7.0	-0.1281
5.0	8.0	-0.1281
7.0	8.0	-0.1281
6.0	5.0	-0.1281
5.0	6.0	-0.1281
6.0	6.0	-0.1281
5.0	4.0	-0.1281
2.0	10.0	-0.1281
7.0	10.0	-0.1281
1.0	12.0	-0.1281
4.0	12.0	-0.1281
7.0	12.0	-0.1281
1.0	12.0	-0.1281
3.0	12.0	-0.1281
4.0	12.0	-0.1281
3.0	9.0	-0.1281
4.0	9.0	-0.1281
4.0	9.0	-0.1281
3.0	9.0	-0.1281
6.0	9.0	-0.1281
3.0	8.0	-0.1281
4.0	8.0	-0.1281
2.0	8.0	-0.1281
5.0	8.0	-0.1281
6.0	6.0	-0.1281
4.0	11.0	-0.1281
4.0	11.0	-0.1281
5.0	11.0	-0.1281
3.0	11.0	-0.1281
5.0	6.0	-0.1281
5.0	6.0	-0.1281
5.0	5.0	-0.1281
4.0	3.0	-0.1281
1.0	12.0	-0.1281
5.0	12.0	-0.1281
5.0	10.0	-0.1281
1.0	9.0	-0.1281
3.0	8.0	-0.1281
4.0	8.0	-0.1281
4.0	7.0	-0.1281
5.0	7.0	-0.1281
6.0	7.0	-0.1281
2.0	8.0	-0.1281
6.0	8.0	-0.1281
5.0	5.0	-0.1281
4.0	3.0	-0.1281
4.0	11.0	-0.1281
5.0	11.0	-0.1281
5.0	6.0	-0.1281
6.0	6.0	-0.1281
1.0	10.0	-0.1281
3.0	10.0	-0.1281
4.0	10.0	-0.1281
4.0	6.0	-0.1281
5.0	6.0	-0.1281
2.0	10.0	-0.1281
6.0	10.0	-0.1281
4.0	8.0	-0.1281
5.0	5.0	-0.1281
4.0	7.0	-0.1281
6.0	7.0	-0.1281
1.0	9.0	-0.1281
5.0	5.0	-0.1281
3.0	9.0	-0.1281
5.0	9.0	-0.1281
5.0	9.0	-0.1281
6.0	9.0	-0.1281
1.0	9.0	-0.1281
2.0	9.0	-0.1281
5.0	5.0	-0.1281
4.0	8.0	-0.1281
8.0	8.0	-0.1281
4.0	7.0	-0.1281
4.0	4.0	-0.1281
4.0	4.0	-0.1281
3.0	2.0	-0.1281
6.0	6.0	-0.1288
6.0	8.0	-0.1288
4.0	5.0	-0.1288
5.0	9.0	-0.1288
2.0	11.0	-0.1288
1.0	9.0	-0.1288
5.0	9.0	-0.1288
6.0	13.0	-0.1288
7.0	8.0	-0.1288
4.0	5.0	-0.1288
6.0	5.0	-0.1288
2.0	9.0	-0.1288
5.0	9.0	-0.1288
5.0	10.0	-0.1288
4.0	7.0	-0.1288
6.0	6.0	-0.1288
3.0	7.0	-0.1288
1.0	9.0	-0.1288
2.0	9.0	-0.1288
6.0	9.0	-0.1288
5.0	10.0	-0.1288
6.0	10.0	-0.1288
1.0	9.0	-0.1288
5.0	6.0	-0.1288
5.0	8.0	-0.1288
4.0	9.0	-0.1288
5.0	9.0	-0.1288
4.0	8.0	-0.1288
6.0	7.0	-0.1288
5.0	6.0	-0.1288
4.0	7.0	-0.1288
3.0	10.0	-0.1288
4.0	10.0	-0.1288
6.0	6.0	-0.1288
1.0	9.0	-0.1288
4.0	7.0	-0.1288
4.0	3.0	-0.1288
4.0	4.0	-0.1288
5.0	8.0	-0.1288
5.0	8.0	-0.1288
6.0	8.0	-0.1288
4.0	9.0	-0.1288
5.0	9.0	-0.1288
4.0	9.0	-0.1288
5.0	9.0	-0.1288
6.0	5.0	-0.1288
3.0	2.0	-0.1288
3.0	11.0	-0.1288
6.0	11.0	-0.1288
3.0	10.0	-0.1288
8.0	10.0	-0.1288
1.0	12.0	-0.1288
6.0	12.0	-0.1288
4.0	7.0	-0.1288
4.0	4.0	-0.1288
1.0	9.0	-0.1288
4.0	9.0	-0.1288
7.0	8.0	-0.1288
2.0	9.0	-0.1288
2.0	10.0	-0.1288
5.0	4.0	-0.1288
4.0	4.0	-0.1288
1.0	12.0	-0.1288
1.0	9.0	-0.1288
4.0	9.0	-0.1288
8.0	9.0	-0.1288
3.0	9.0	-0.1288
7.0	8.0	-0.1288
5.0	6.0	-0.1288
6.0	6.0	-0.1288
4.0	7.0	-0.1288
6.0	7.0	-0.1288
4.0	7.0	-0.1288
5.0	4.0	-0.1288
3.0	10.0	-0.1288
5.0	10.0	-0.1288
1.0	9.0	-0.1288
6.0	9.0	-0.1288
7.0	9.0	-0.1288
1.0	12.0	-0.1288
4.0	12.0	-0.1288
5.0	7.0	-0.1288
5.0	7.0	-0.1288
6.0	7.0	-0.1288
4.0	7.0	-0.1288
3.0	8.0	-0.1288
4.0	6.0	-0.1288
5.0	9.0	-0.1288
3.0	11.0	-0.1288
4.0	11.0	-0.1288
5.0	5.0	-0.1288
5.0	12.0	-0.1288
2.0	11.0	-0.1288
4.0	11.0	-0.1288
5.0	11.0	-0.1288
7.0	9.0	-0.1288
3.0	8.0	-0.1288
5.0	8.0	-0.1288
4.0	7.0	-0.1288
5.0	7.0	-0.1288
4.0	4.0	-0.1288
3.0	11.0	-0.1288
3.0	11.0	-0.1288
4.0	5.0	-0.1288
5.0	5.0	-0.1288
5.0	4.0	-0.1288
5.0	4.0	-0.1288
3.0	2.0	-0.1288
4.0	5.0	-0.1288
5.0	5.0	-0.1288
4.0	8.0	-0.1295
6.0	8.0	-0.1295
1.0	10.0	-0.1295
1.0	9.0	-0.1295
5.0	6.0	-0.1295
5.0	9.0	-0.1295
3.0	13.0	-0.1295
4.0	7.0	-0.1295
2.0	9.0	-0.1295
4.0	9.0	-0.1295
5.0	7.0	-0.1295
6.0	7.0	-0.1295
3.0	7.0	-0.1295
6.0	8.0	-0.1295
1.0	8.0	-0.1295
3.0	8.0	-0.1295
4.0	8.0	-0.1295
5.0	8.0	-0.1295
4.0	7.0	-0.1295
5.0	7.0	-0.1295
5.0	4.0	-0.1295
5.0	6.0	-0.1295
6.0	12.0	-0.1295
3.0	9.0	-0.1295
7.0	9.0	-0.1295
5.0	6.0	-0.1295
6.0	6.0	-0.1295
5.0	4.0	-0.1295
4.0	6.0	-0.1295
5.0	6.0	-0.1295
1.0	11.0	-0.1295
3.0	9.0	-0.1295
6.0	9.0	-0.1295
4.0	7.0	-0.1295
6.0	6.0	-0.1295
4.0	7.0	-0.1295
5.0	7.0	-0.1295
6.0	7.0	-0.1295
4.0	3.0	-0.1295
1.0	11.0	-0.1295
2.0	11.0	-0.1295
5.0	11.0	-0.1295
5.0	13.0	-0.1295
5.0	7.0	-0.1295
5.0	5.0	-0.1295
6.0	7.0	-0.1295
5.0	7.0	-0.1298
2.0	8.0	-0.1298
1.0	11.0	-0.1298
5.0	7.0	-0.1298
6.0	7.0	-0.1298
4.0	5.0	-0.1298
5.0	5.0	-0.1298
4.0	3.0	-0.1298
2.0	1.0	-0.1298
3.0	9.0	-0.1298
4.0	9.0	-0.1298
5.0	9.0	-0.1298
3.0	10.0	-0.1298
4.0	10.0	-0.1298
5.0	10.0	-0.1298
5.0	9.0	-0.1298
5.0	11.0	-0.1298
2.0	11.0	-0.1298
5.0	5.0	-0.1298
5.0	11.0	-0.1298
6.0	7.0	-0.1298
3.0	8.0	-0.1298
5.0	8.0	-0.1298
7.0	8.0	-0.1298
5.0	8.0	-0.1298
6.0	8.0	-0.1298
7.0	8.0	-0.1298
2.0	8.0	-0.1298
7.0	8.0	-0.1298
4.0	5.0	-0.1298
5.0	5.0	-0.1298
4.0	4.0	-0.1298
3.0	12.0	-0.1298
4.0	12.0	-0.1298
6.0	8.0	-0.1298
5.0	7.0	-0.1298
4.0	8.0	-0.1298
6.0	8.0	-0.1298
5.0	6.0	-0.1298
6.0	6.0	-0.1298
5.0	4.0	-0.1298
5.0	5.0	-0.1298
6.0	8.0	-0.1298
7.0	8.0	-0.1298
8.0	8.0	-0.1298
1.0	10.0	-0.1298
4.0	10.0	-0.1298
7.0	11.0	-0.1298
6.0	6.0	-0.1298
6.0	8.0	-0.1298
3.0	7.0	-0.1298
2.0	10.0	-0.1298
4.0	10.0	-0.1298
6.0	10.0	-0.1298
4.0	4.0	-0.1298
5.0	5.0	-0.1298
3.0	5.0	-0.1298
3.0	2.0	-0.1298
4.0	3.0	-0.1298
7.0	7.0	-0.2524
3.0	8.0	-0.2524
6.0	4.0	-0.2524
6.0	4.0	-0.2524
2.0	10.0	-0.2524
2.0	9.0	-0.2524
3.0	9.0	-0.2524
7.0	9.0	-0.2524
7.0	9.0	-0.2524
6.0	7.0	-0.2524
3.0	9.0	-0.2524
3.0	7.0	-0.2524
5.0	7.0	-0.2524
7.0	7.0	-0.2524
4.0	9.0	-0.2524
6.0	9.0	-0.2524
5.0	6.0	-0.2524
7.0	6.0	-0.2524
1.0	10.0	-0.2524
6.0	5.0	-0.2524
5.0	10.0	-0.2524
2.0	12.0	-0.2524
4.0	12.0	-0.2524
5.0	12.0	-0.2524
6.0	6.0	-0.2524
2.0	8.0	-0.2524
7.0	8.0	-0.2524
7.0	5.0	-0.2524
6.0	5.0	-0.2524
5.0	3.0	-0.2524
4.0	2.0	-0.2524
2.0	9.0	-0.2524
3.0	9.0	-0.2524
6.0	6.0	-0.2524
1.0	10.0	-0.2524
2.0	10.0	-0.2524
3.0	10.0	-0.2524
4.0	10.0	-0.2524
4.0	10.0	-0.2524
7.0	10.0	-0.2524
7.0	8.0	-0.2524
8.0	10.0	-0.2524
2.0	10.0	-0.2524
3.0	10.0	-0.2524
5.0	10.0	-0.2524
6.0	8.0	-0.2524
5.0	6.0	-0.2524
6.0	6.0	-0.2524
4.0	5.0	-0.2524
6.0	5.0	-0.2524
6.0	5.0	-0.2524
5.0	7.0	-0.2529
3.0	9.0	-0.2529
7.0	9.0	-0.2529
7.0	8.0	-0.2529
5.0	9.0	-0.2529
7.0	8.0	-0.2529
7.0	5.0	-0.2529
5.0	3.0	-0.2529
1.0	11.0	-0.2529
3.0	11.0	-0.2529
5.0	11.0	-0.2529
4.0	8.0	-0.2529
5.0	8.0	-0.2529
7.0	8.0	-0.2529
2.0	10.0	-0.2529
6.0	7.0	-0.2529
1.0	11.0	-0.2529
5.0	3.0	-0.2529
3.0	12.0	-0.2529
6.0	10.0	-0.2529
7.0	10.0	-0.2529
4.0	7.0	-0.2529
6.0	5.0	-0.2529
4.0	6.0	-0.2529
4.0	12.0	-0.2529
8.0	8.0	-0.2529
2.0	9.0	-0.2529
7.0	8.0	-0.2529
6.0	5.0	-0.2529
2.0	10.0	-0.2529
6.0	6.0	-0.2529
6.0	4.0	-0.2529
1.0	11.0	-0.2529
3.0	9.0	-0.2529
8.0	8.0	-0.2529
6.0	4.0	-0.2529
5.0	3.0	-0.2529
6.0	10.0	-0.2529
3.0	8.0	-0.2529
5.0	8.0	-0.2529
6.0	8.0	-0.2529
7.0	8.0	-0.2529
4.0	8.0	-0.2529
8.0	8.0	-0.2529
7.0	10.0	-0.2529
7.0	6.0	-0.2529
3.0	10.0	-0.2529
6.0	6.0	-0.2529
5.0	3.0	-0.2529
4.0	8.0	-0.2529
4.0	6.0	-0.2529
5.0	4.0	-0.2529
6.0	4.0	-0.2529
5.0	7.0	-0.2535
6.0	6.0	-0.2535
7.0	6.0	-0.2535
8.0	6.0	-0.2535
6.0	8.0	-0.2535
7.0	8.0	-0.2535
4.0	8.0	-0.2535
5.0	8.0	-0.2535
8.0	8.0	-0.2535
6.0	5.0	-0.2535
3.0	9.0	-0.2535
5.0	9.0	-0.2535
8.0	9.0	-0.2535
7.0	7.0	-0.2535
3.0	9.0	-0.2535
1.0	11.0	-0.2535
3.0	11.0	-0.2535
6.0	4.0	-0.2535
5.0	7.0	-0.2535
5.0	3.0	-0.2535
1.0	9.0	-0.2535
6.0	9.0	-0.2535
2.0	9.0	-0.2535
6.0	9.0	-0.2535
7.0	9.0	-0.2535
7.0	6.0	-0.2535
5.0	5.0	-0.2535
6.0	4.0	-0.2535
6.0	7.0	-0.2535
7.0	8.0	-0.2535
8.0	8.0	-0.2535
4.0	9.0	-0.2535
6.0	9.0	-0.2535
8.0	9.0	-0.2535
5.0	7.0	-0.2535
7.0	7.0	-0.2535
6.0	8.0	-0.2535
8.0	8.0	-0.2535
6.0	6.0	-0.2535
5.0	4.0	-0.2535
6.0	4.0	-0.2535
2.0	11.0	-0.2535
4.0	10.0	-0.2535
8.0	10.0	-0.2535
5.0	7.0	-0.2535
4.0	6.0	-0.2535
5.0	6.0	-0.2535
6.0	9.0	-0.2535
7.0	9.0	-0.2535
8.0	9.0	-0.2535
4.0	3.0	-0.2535
5.0	3.0	-0.2535
5.0	9.0	-0.2535
4.0	7.0	-0.2535
5.0	5.0	-0.2535
2.0	10.0	-0.2535
3.0	10.0	-0.2535
5.0	10.0	-0.2535
4.0	6.0	-0.2535
3.0	10.0	-0.2535
7.0	10.0	-0.2535
6.0	5.0	-0.2535
5.0	3.0	-0.2535
5.0	3.0	-0.2535
4.0	11.0	-0.2536
4.0	10.0	-0.2536
4.0	7.0	-0.2536
7.0	7.0	-0.2536
8.0	7.0	-0.2536
1.0	10.0	-0.2536
2.0	10.0	-0.2536
5.0	10.0	-0.2536
6.0	10.0	-0.2536
8.0	7.0	-0.2536
1.0	9.0	-0.2536
4.0	9.0	-0.2536
6.0	8.0	-0.2536
6.0	6.0	-0.2536
1.0	10.0	-0.2536
5.0	10.0	-0.2536
7.0	6.0	-0.2536
7.0	7.0	-0.2536
6.0	5.0	-0.2536
5.0	3.0	-0.2536
8.0	10.0	-0.2536
5.0	8.0	-0.2536
6.0	8.0	-0.2536
6.0	6.0	-0.2536
7.0	6.0	-0.2536
7.0	5.0	-0.2536
6.0	5.0	-0.2536
6.0	8.0	-0.2536
6.0	4.0	-0.2536
5.0	6.0	-0.2536
3.0	8.0	-0.2536
4.0	8.0	-0.2536
6.0	8.0	-0.2536
8.0	8.0	-0.2536
2.0	9.0	-0.2536
6.0	4.0	-0.2536
3.0	1.0	-0.2536
5.0	8.0	-0.2536
6.0	8.0	-0.2536
7.0	8.0	-0.2536
5.0	3.0	-0.2536
6.0	6.0	-0.2557
4.0	6.0	-0.2557
6.0	6.0	-0.2557
2.0	11.0	-0.2557
4.0	11.0	-0.2557
4.0	6.0	-0.2557
5.0	9.0	-0.2557
5.0	8.0	-0.2557
6.0	8.0	-0.2557
8.0	8.0	-0.2557
9.0	11.0	-0.2557
3.0	9.0	-0.2557
6.0	4.0	-0.2557
5.0	5.0	-0.2557
1.0	9.0	-0.2557
3.0	9.0	-0.2557
4.0	9.0	-0.2557
6.0	9.0	-0.2557
2.0	10.0	-0.2557
6.0	6.0	-0.2557
6.0	5.0	-0.2557
5.0	3.0	-0.2557
6.0	9.0	-0.2557
7.0	9.0	-0.2557
6.0	6.0	-0.2557
7.0	6.0	-0.2557
1.0	8.0	-0.2557
6.0	8.0	-0.2557
8.0	8.0	-0.2557
4.0	5.0	-0.2557
6.0	12.0	-0.2557
4.0	9.0	-0.2557
6.0	9.0	-0.2557
5.0	7.0	-0.2557
9.0	7.0	-0.2557
2.0	9.0	-0.2557
3.0	9.0	-0.2557
6.0	5.0	-0.2557
6.0	6.0	-0.2557
5.0	3.0	-0.2557
5.0	7.0	-0.2557
5.0	7.0	-0.2557
6.0	4.0	-0.2557
6.0	5.0	-0.2557
2.0	8.0	-0.2557
6.0	8.0	-0.2557
5.0	4.0	-0.2557
6.0	4.0	-0.2557
6.0	5.0	-0.2557
5.0	3.0	-0.2557
7.0	7.0	-0.2562
1.0	11.0	-0.2562
5.0	7.0	-0.2562
6.0	7.0	-0.2562
4.0	11.0	-0.2562
6.0	7.0	-0.2562
6.0	9.0	-0.2562
5.0	11.0	-0.2562
6.0	11.0	-0.2562
2.0	11.0	-0.2562
6.0	11.0	-0.2562
2.0	8.0	-0.2562
7.0	8.0	-0.2562
7.0	8.0	-0.2562
3.0	8.0	-0.2562
6.0	8.0	-0.2562
5.0	7.0	-0.2562
6.0	6.0	-0.2562
6.0	7.0	-0.2562
5.0	3.0	-0.2562
3.0	10.0	-0.2562
2.0	10.0	-0.2562
7.0	10.0	-0.2562
4.0	10.0	-0.2562
7.0	7.0	-0.2562
4.0	4.0	-0.2562
5.0	6.0	-0.2562
4.0	10.0	-0.2562
6.0	10.0	-0.2562
3.0	8.0	-0.2562
5.0	8.0	-0.2562
6.0	8.0	-0.2562
5.0	7.0	-0.2562
7.0	7.0	-0.2562
6.0	5.0	-0.2562
7.0	6.0	-0.2562
3.0	10.0	-0.2562
6.0	6.0	-0.2562
7.0	6.0	-0.2562
7.0	5.0	-0.2562
5.0	9.0	-0.2562
7.0	9.0	-0.2562
7.0	5.0	-0.2562
6.0	5.0	-0.2562
4.0	2.0	-0.2562
1.0	9.0	-0.2562
5.0	9.0	-0.2562
7.0	9.0	-0.2562
8.0	9.0	-0.2562
6.0	4.0	-0.2562
6.0	6.0	-0.2562
7.0	6.0	-0.2562
6.0	5.0	-0.2562
3.0	1.0	-0.2562
6.0	8.0	-0.2562
6.0	8.0	-0.2562
5.0	7.0	-0.2562
6.0	6.0	-0.2562
5.0	3.0	-0.2562
2.0	8.0	-0.2562
6.0	8.0	-0.2562
7.0	5.0	-0.2562
3.0	8.0	-0.2562
4.0	8.0	-0.2562
6.0	8.0	-0.2562
6.0	4.0	-0.2562
3.0	7.0	-0.2562
4.0	6.0	-0.2562
6.0	6.0	-0.2562
7.0	6.0	-0.2562
5.0	3.0	-0.2562
4.0	2.0	-0.2562
5.0	3.0	-0.2562
5.0	5.0	-0.2575
6.0	6.0	-0.2575
4.0	8.0	-0.2575
5.0	8.0	-0.2575
8.0	8.0	-0.2575
4.0	7.0	-0.2575
7.0	7.0	-0.2575
5.0	3.0	-0.2575
5.0	4.0	-0.2575
8.0	8.0	-0.2575
3.0	10.0	-0.2575
8.0	12.0	-0.2575
3.0	7.0	-0.2575
6.0	7.0	-0.2575
8.0	8.0	-0.2575
6.0	9.0	-0.2575
1.0	12.0	-0.2575
6.0	6.0	-0.2575
6.0	6.0	-0.2575
5.0	5.0	-0.2575
6.0	5.0	-0.2575
6.0	6.0	-0.2575
5.0	3.0	-0.2575
6.0	11.0	-0.2575
1.0	9.0	-0.2575
2.0	9.0	-0.2575
8.0	9.0	-0.2575
4.0	2.0	-0.2575
6.0	7.0	-0.2575
9.0	8.0	-0.2575
7.0	6.0	-0.2575
5.0	5.0	-0.2575
5.0	6.0	-0.2575
7.0	6.0	-0.2575
3.0	8.0	-0.2575
4.0	8.0	-0.2575
5.0	8.0	-0.2575
7.0	8.0	-0.2575
7.0	6.0	-0.2575
5.0	3.0	-0.2575
5.0	3.0	-0.2575
7.0	8.0	-0.2577
8.0	8.0	-0.2577
1.0	11.0	-0.2577
5.0	6.0	-0.2577
6.0	6.0	-0.2577
7.0	8.0	-0.2577
8.0	8.0	-0.2577
5.0	3.0	-0.2577
1.0	10.0	-0.2577
1.0	9.0	-0.2577
7.0	9.0	-0.2577
5.0	6.0	-0.2577
6.0	6.0	-0.2577
7.0	6.0	-0.2577
4.0	7.0	-0.2577
6.0	7.0	-0.2577
8.0	8.0	-0.2577
1.0	11.0	-0.2577
7.0	8.0	-0.2577
4.0	8.0	-0.2577
6.0	8.0	-0.2577
6.0	5.0	-0.2577
3.0	9.0	-0.2577
6.0	9.0	-0.2577
3.0	11.0	-0.2577
6.0	11.0	-0.2577
5.0	8.0	-0.2577
7.0	8.0	-0.2577
6.0	8.0	-0.2577
8.0	8.0	-0.2577
6.0	8.0	-0.2577
5.0	7.0	-0.2577
5.0	6.0	-0.2577
3.0	1.0	-0.2577
4.0	9.0	-0.2577
8.0	8.0	-0.2577
4.0	8.0	-0.2577
6.0	5.0	-0.2577
7.0	7.0	-0.2577
7.0	6.0	-0.2577
6.0	6.0	-0.2577
5.0	7.0	-0.2577
5.0	3.0	-0.2577
3.0	8.0	-0.2577
7.0	8.0	-0.2577
1.0	10.0	-0.2577
5.0	10.0	-0.2577
7.0	6.0	-0.2577
6.0	4.0	-0.2577
5.0	3.0	-0.2577
1.0	11.0	-0.2577
9.0	11.0	-0.2577
1.0	10.0	-0.2577
3.0	8.0	-0.2577
4.0	8.0	-0.2577
5.0	8.0	-0.2577
5.0	7.0	-0.2577
7.0	7.0	-0.2577
7.0	7.0	-0.2577
6.0	5.0	-0.2577
6.0	6.0	-0.2577
6.0	6.0	-0.2577
1.0	10.0	-0.2577
5.0	4.0	-0.2577
5.0	7.0	-0.2577
6.0	7.0	-0.2577
6.0	9.0	-0.2589
7.0	9.0	-0.2589
3.0	8.0	-0.2589
5.0	8.0	-0.2589
7.0	8.0	-0.2589
2.0	10.0	-0.2589
6.0	6.0	-0.2589
7.0	7.0	-0.2589
5.0	6.0	-0.2589
7.0	6.0	-0.2589
6.0	4.0	-0.2589
5.0	4.0	-0.2589
7.0	8.0	-0.2589
2.0	10.0	-0.2589
7.0	6.0	-0.2589
7.0	6.0	-0.2589
5.0	6.0	-0.2589
6.0	7.0	-0.2589
8.0	7.0	-0.2589
7.0	6.0	-0.2589
6.0	5.0	-0.2589
3.0	1.0	-0.2589
5.0	11.0	-0.2589
5.0	9.0	-0.2589
7.0	9.0	-0.2589
7.0	8.0	-0.2589
6.0	5.0	-0.2589
6.0	5.0	-0.2589
4.0	2.0	-0.2589
6.0	10.0	-0.2589
8.0	10.0	-0.2589
5.0	6.0	-0.2589
6.0	6.0	-0.2589
7.0	6.0	-0.2589
5.0	5.0	-0.2589
3.0	10.0	-0.2589
4.0	10.0	-0.2589
7.0	6.0	-0.2589
7.0	5.0	-0.2589
6.0	4.0	-0.2589
6.0	6.0	-0.2589
7.0	6.0	-0.2589
6.0	6.0	-0.2595
3.0	8.0	-0.2595
3.0	7.0	-0.2595
7.0	7.0	-0.2595
5.0	5.0	-0.2595
6.0	5.0	-0.2595
7.0	10.0	-0.2595
7.0	6.0	-0.2595
2.0	9.0	-0.2595
8.0	9.0	-0.2595
6.0	8.0	-0.2595
1.0	10.0	-0.2595
4.0	10.0	-0.2595
7.0	10.0	-0.2595
5.0	10.0	-0.2595
8.0	10.0	-0.2595
5.0	3.0	-0.2595
7.0	5.0	-0.2595
4.0	7.0	-0.2595
6.0	7.0	-0.2595
6.0	7.0	-0.2595
6.0	5.0	-0.2595
3.0	9.0	-0.2595
5.0	7.0	-0.2595
6.0	7.0	-0.2595
8.0	7.0	-0.2595
4.0	7.0	-0.2595
6.0	5.0	-0.2595
2.0	9.0	-0.2595
3.0	9.0	-0.2595
5.0	9.0	-0.2595
9.0	9.0	-0.2595
3.0	9.0	-0.2595
6.0	5.0	-0.2595
5.0	3.0	-0.2595
6.0	6.0	-0.2595
1.0	11.0	-0.2595
2.0	11.0	-0.2595
5.0	6.0	-0.2595
5.0	3.0	-0.2595
1.0	11.0	-0.2595
3.0	11.0	-0.2595
5.0	3.0	-0.2595
6.0	5.0	-0.2595
6.0	4.0	-0.2595
7.0	4.0	-0.3786
1.0	12.0	-0.3786
5.0	7.0	-0.3786
6.0	7.0	-0.3786
7.0	4.0	-0.3786
6.0	9.0	-0.3786
7.0	9.0	-0.3786
9.0	9.0	-0.3786
8.0	8.0	-0.3786
6.0	8.0	-0.3786
9.0	8.0	-0.3786
5.0	8.0	-0.3786
4.0	7.0	-0.3786
7.0	6.0	-0.3786
8.0	6.0	-0.3786
6.0	6.0	-0.3786
5.0	3.0	-0.3786
6.0	3.0	-0.3786
6.0	6.0	-0.3786
8.0	8.0	-0.3786
7.0	5.0	-0.3786
5.0	9.0	-0.3786
4.0	8.0	-0.3786
5.0	8.0	-0.3786
7.0	8.0	-0.3786
7.0	9.0	-0.3786
7.0	11.0	-0.3786
6.0	7.0	-0.3786
8.0	7.0	-0.3786
7.0	4.0	-0.3786
3.0	10.0	-0.3786
4.0	10.0	-0.3786
5.0	9.0	-0.3786
6.0	7.0	-0.3786
7.0	7.0	-0.3786
8.0	7.0	-0.3786
5.0	2.0	-0.3786
7.0	7.0	-0.3786
8.0	7.0	-0.3786
9.0	7.0	-0.3786
6.0	6.0	-0.3786
7.0	6.0	-0.3786
4.0	1.0	-0.3786
1.0	9.0	-0.3786
2.0	9.0	-0.3786
6.0	9.0	-0.3786
7.0	9.0	-0.3786
1.0	9.0	-0.3786
5.0	7.0	-0.3786
7.0	4.0	-0.3786
6.0	3.0	-0.3786
6.0	3.0	-0.3786
6.0	5.0	-0.3786
7.0	6.0	-0.3793
6.0	7.0	-0.3793
8.0	7.0	-0.3793
4.0	7.0	-0.3793
5.0	7.0	-0.3793
6.0	3.0	-0.3793
4.0	1.0	-0.3793
1.0	12.0	-0.3793
2.0	12.0	-0.3793
6.0	6.0	-0.3793
8.0	6.0	-0.3793
4.0	10.0	-0.3793
8.0	10.0	-0.3793
6.0	7.0	-0.3793
8.0	7.0	-0.3793
3.0	9.0	-0.3793
6.0	9.0	-0.3793
5.0	6.0	-0.3793
7.0	6.0	-0.3793
8.0	6.0	-0.3793
2.0	10.0	-0.3793
6.0	4.0	-0.3793
5.0	11.0	-0.3793
6.0	11.0	-0.3793
9.0	9.0	-0.3793
2.0	9.0	-0.3793
6.0	9.0	-0.3793
6.0	5.0	-0.3793
5.0	2.0	-0.3793
6.0	7.0	-0.3793
7.0	7.0	-0.3793
7.0	4.0	-0.3793
1.0	11.0	-0.3793
5.0	11.0	-0.3793
6.0	7.0	-0.3793
9.0	7.0	-0.3793
6.0	3.0	-0.3793
1.0	12.0	-0.3793
5.0	12.0	-0.3793
4.0	8.0	-0.3793
1.0	9.0	-0.3793
4.0	9.0	-0.3793
6.0	9.0	-0.3793
7.0	9.0	-0.3793
8.0	9.0	-0.3793
6.0	3.0	-0.3793
3.0	10.0	-0.3793
5.0	10.0	-0.3793
6.0	8.0	-0.3793
8.0	8.0	-0.3793
7.0	4.0	-0.3793
7.0	7.0	-0.3793
9.0	7.0	-0.3793
6.0	8.0	-0.3793
8.0	8.0	-0.3793
9.0	8.0	-0.3793
1.0	9.0	-0.3793
3.0	9.0	-0.3793
4.0	9.0	-0.3793
5.0	9.0	-0.3793
7.0	9.0	-0.3793
7.0	7.0	-0.3793
2.0	9.0	-0.3793
5.0	9.0	-0.3793
2.0	9.0	-0.3793
5.0	9.0	-0.3793
10.0	9.0	-0.3793
7.0	5.0	-0.3793
6.0	3.0	-0.3793
6.0	3.0	-0.3793
5.0	6.0	-0.3802
7.0	6.0	-0.3802
5.0	2.0	-0.3802
4.0	8.0	-0.3802
8.0	6.0	-0.3802
5.0	8.0	-0.3802
6.0	8.0	-0.3802
8.0	8.0	-0.3802
4.0	10.0	-0.3802
6.0	10.0	-0.3802
7.0	6.0	-0.3802
4.0	8.0	-0.3802
7.0	8.0	-0.3802
8.0	8.0	-0.3802
9.0	8.0	-0.3802
8.0	8.0	-0.3802
6.0	5.0	-0.3802
7.0	4.0	-0.3802
7.0	6.0	-0.3802
5.0	7.0	-0.3802
9.0	8.0	-0.3802
6.0	6.0	-0.3802
8.0	6.0	-0.3802
5.0	7.0	-0.3802
7.0	7.0	-0.3802
8.0	5.0	-0.3802
7.0	6.0	-0.3802
8.0	10.0	-0.3802
10.0	10.0	-0.3802
5.0	9.0	-0.3802
10.0	9.0	-0.3802
7.0	5.0	-0.3802
6.0	6.0	-0.3802
5.0	5.0	-0.3802
5.0	2.0	-0.3802
6.0	6.0	-0.3802
6.0	3.0	-0.3802
6.0	8.0	-0.3802
8.0	8.0	-0.3802
7.0	6.0	-0.3802
7.0	4.0	-0.3802
7.0	9.0	-0.3802
7.0	5.0	-0.3802
8.0	5.0	-0.3802
6.0	9.0	-0.3802
8.0	9.0	-0.3802
6.0	3.0	-0.3805
6.0	10.0	-0.3805
6.0	9.0	-0.3805
6.0	3.0	-0.3805
6.0	9.0	-0.3805
1.0	9.0	-0.3805
7.0	9.0	-0.3805
5.0	8.0	-0.3805
8.0	8.0	-0.3805
7.0	13.0	-0.3805
5.0	7.0	-0.3805
6.0	6.0	-0.3805
6.0	4.0	-0.3805
6.0	9.0	-0.3805
7.0	7.0	-0.3805
6.0	4.0	-0.3805
7.0	9.0	-0.3805
7.0	5.0	-0.3805
7.0	6.0	-0.3805
5.0	7.0	-0.3805
6.0	6.0	-0.3805
7.0	7.0	-0.3805
3.0	7.0	-0.3805
8.0	7.0	-0.3835
8.0	5.0	-0.3835
6.0	3.0	-0.3835
6.0	8.0	-0.3835
3.0	10.0	-0.3835
4.0	10.0	-0.3835
6.0	10.0	-0.3835
7.0	7.0	-0.3835
3.0	10.0	-0.3835
4.0	10.0	-0.3835
2.0	8.0	-0.3835
6.0	8.0	-0.3835
7.0	6.0	-0.3835
7.0	4.0	-0.3835
5.0	2.0	-0.3835
5.0	9.0	-0.3835
8.0	9.0	-0.3835
9.0	9.0	-0.3835
7.0	5.0	-0.3835
6.0	4.0	-0.3835
8.0	8.0	-0.3835
9.0	8.0	-0.3835
7.0	7.0	-0.3835
7.0	5.0	-0.3835
1.0	11.0	-0.3835
4.0	11.0	-0.3835
5.0	11.0	-0.3835
7.0	8.0	-0.3835
8.0	8.0	-0.3835
5.0	8.0	-0.3835
8.0	6.0	-0.3835
7.0	4.0	-0.3835
7.0	5.0	-0.3835
6.0	4.0	-0.3835
7.0	4.0	-0.3835
6.0	6.0	-0.3835
7.0	6.0	-0.3835
7.0	4.0	-0.3835
7.0	7.0	-0.3835
5.0	6.0	-0.3835
6.0	3.0	-0.3835
6.0	3.0	-0.3835
7.0	4.0	-0.3835
6.0	4.0	-0.3835
6.0	3.0	-0.3835
6.0	6.0	-0.3843
4.0	10.0	-0.3843
5.0	10.0	-0.3843
6.0	10.0	-0.3843
7.0	10.0	-0.3843
7.0	6.0	-0.3843
1.0	10.0	-0.3843
5.0	10.0	-0.3843
6.0	10.0	-0.3843
4.0	6.0	-0.3843
8.0	6.0	-0.3843
2.0	10.0	-0.3843
10.0	10.0	-0.3843
6.0	7.0	-0.3843
7.0	7.0	-0.3843
4.0	7.0	-0.3843
7.0	7.0	-0.3843
8.0	7.0	-0.3843
7.0	6.0	-0.3843
7.0	5.0	-0.3843
8.0	6.0	-0.3843
3.0	9.0	-0.3843
7.0	4.0	-0.3843
6.0	5.0	-0.3843
5.0	7.0	-0.3843
7.0	7.0	-0.3843
5.0	9.0	-0.3843
7.0	9.0	-0.3843
2.0	10.0	-0.3843
4.0	10.0	-0.3843
7.0	10.0	-0.3843
4.0	6.0	-0.3843
5.0	6.0	-0.3843
8.0	6.0	-0.3843
8.0	5.0	-0.3843
8.0	8.0	-0.3843
7.0	4.0	-0.3843
7.0	8.0	-0.3843
6.0	6.0	-0.3843
7.0	5.0	-0.3843
8.0	7.0	-0.3843
4.0	6.0	-0.3843
6.0	6.0	-0.3843
7.0	6.0	-0.3843
5.0	5.0	-0.3843
7.0	5.0	-0.3843
3.0	7.0	-0.3843
4.0	7.0	-0.3843
7.0	7.0	-0.3843
5.0	7.0	-0.3843
7.0	7.0	-0.3843
7.0	5.0	-0.3843
8.0	5.0	-0.3843
7.0	5.0	-0.3863
6.0	7.0	-0.3863
7.0	7.0	-0.3863
8.0	6.0	-0.3863
7.0	7.0	-0.3863
1.0	9.0	-0.3863
8.0	9.0	-0.3863
6.0	7.0	-0.3863
5.0	2.0	-0.3863
7.0	7.0	-0.3863
3.0	8.0	-0.3863
4.0	8.0	-0.3863
7.0	5.0	-0.3863
7.0	5.0	-0.3863
3.0	10.0	-0.3863
4.0	10.0	-0.3863
5.0	10.0	-0.3863
9.0	10.0	-0.3863
7.0	7.0	-0.3863
9.0	7.0	-0.3863
7.0	8.0	-0.3863
6.0	7.0	-0.3863
7.0	7.0	-0.3863
6.0	5.0	-0.3863
7.0	5.0	-0.3863
6.0	4.0	-0.3863
7.0	6.0	-0.3863
7.0	7.0	-0.3863
7.0	6.0	-0.3863
8.0	5.0	-0.3863
6.0	4.0	-0.3863
6.0	4.0	-0.3863
7.0	4.0	-0.3863
8.0	5.0	-0.3863
5.0	8.0	-0.3863
6.0	5.0	-0.3863
7.0	4.0	-0.3863
6.0	7.0	-0.3863
5.0	5.0	-0.3863
6.0	5.0	-0.3863
5.0	2.0	-0.3863
7.0	6.0	-0.3865
8.0	6.0	-0.3865
6.0	7.0	-0.3865
6.0	7.0	-0.3865
2.0	10.0	-0.3865
3.0	10.0	-0.3865
7.0	5.0	-0.3865
6.0	7.0	-0.3865
2.0	12.0	-0.3865
3.0	10.0	-0.3865
5.0	10.0	-0.3865
7.0	5.0	-0.3865
6.0	5.0	-0.3865
5.0	6.0	-0.3865
7.0	6.0	-0.3865
6.0	3.0	-0.3865
5.0	2.0	-0.3865
8.0	10.0	-0.3865
6.0	7.0	-0.3865
8.0	7.0	-0.3865
5.0	7.0	-0.3865
7.0	7.0	-0.3865
8.0	7.0	-0.3865
7.0	8.0	-0.3865
8.0	8.0	-0.3865
5.0	2.0	-0.3865
4.0	10.0	-0.3865
5.0	10.0	-0.3865
11.0	10.0	-0.3865
5.0	7.0	-0.3865
7.0	7.0	-0.3865
7.0	5.0	-0.3865
5.0	5.0	-0.3865
6.0	5.0	-0.3865
2.0	8.0	-0.3865
6.0	8.0	-0.3865
7.0	8.0	-0.3865
7.0	7.0	-0.3865
5.0	7.0	-0.3865
8.0	7.0	-0.3865
9.0	10.0	-0.3865
7.0	5.0	-0.3865
6.0	6.0	-0.3865
7.0	6.0	-0.3865
8.0	6.0	-0.3865
7.0	4.0	-0.3865
6.0	9.0	-0.3865
6.0	5.0	-0.3865
7.0	5.0	-0.3865
2.0	10.0	-0.3865
7.0	9.0	-0.3865
8.0	9.0	-0.3865
8.0	7.0	-0.3865
6.0	6.0	-0.3865
6.0	6.0	-0.3865
7.0	5.0	-0.3865
5.0	5.0	-0.3865
7.0	5.0	-0.3865
5.0	9.0	-0.3865
7.0	9.0	-0.3865
9.0	9.0	-0.3865
2.0	9.0	-0.3865
7.0	9.0	-0.3865
6.0	3.0	-0.3865
6.0	3.0	-0.3865
6.0	3.0	-0.3865
7.0	6.0	-0.3865
6.0	4.0	-0.3865
6.0	4.0	-0.3884
7.0	6.0	-0.3884
8.0	6.0	-0.3884
3.0	8.0	-0.3884
4.0	8.0	-0.3884
5.0	8.0	-0.3884
8.0	8.0	-0.3884
5.0	7.0	-0.3884
7.0	7.0	-0.3884
8.0	7.0	-0.3884
6.0	7.0	-0.3884
8.0	7.0	-0.3884
6.0	4.0	-0.3884
7.0	4.0	-0.3884
7.0	7.0	-0.3884
8.0	7.0	-0.3884
5.0	9.0	-0.3884
7.0	5.0	-0.3884
6.0	6.0	-0.3884
8.0	6.0	-0.3884
6.0	5.0	-0.3884
1.0	9.0	-0.3884
5.0	9.0	-0.3884
7.0	5.0	-0.3884
7.0	4.0	-0.3884
7.0	10.0	-0.3884
9.0	10.0	-0.3884
4.0	9.0	-0.3884
7.0	9.0	-0.3884
7.0	5.0	-0.3884
5.0	5.0	-0.3884
7.0	5.0	-0.3884
6.0	4.0	-0.3884
6.0	9.0	-0.3884
9.0	9.0	-0.3884
1.0	11.0	-0.3884
4.0	1.0	-0.3884
7.0	5.0	-0.3884
6.0	4.0	-0.3884
7.0	4.0	-0.3884
6.0	5.0	-0.3884
8.0	6.0	-0.3893
2.0	9.0	-0.3893
4.0	9.0	-0.3893
6.0	9.0	-0.3893
7.0	5.0	-0.3893
6.0	3.0	-0.3893
6.0	9.0	-0.3893
7.0	7.0	-0.3893
6.0	8.0	-0.3893
7.0	8.0	-0.3893
2.0	9.0	-0.3893
6.0	9.0	-0.3893
1.0	9.0	-0.3893
9.0	9.0	-0.3893
6.0	3.0	-0.3893
3.0	9.0	-0.3893
4.0	9.0	-0.3893
7.0	9.0	-0.3893
7.0	5.0	-0.3893
8.0	6.0	-0.3893
7.0	4.0	-0.3893
5.0	8.0	-0.3893
7.0	8.0	-0.3893
7.0	6.0	-0.3893
1.0	10.0	-0.3893
5.0	10.0	-0.3893
7.0	6.0	-0.3893
7.0	5.0	-0.3893
7.0	6.0	-0.3893
6.0	5.0	-0.3893
6.0	3.0	-0.3893
6.0	8.0	-0.3893
7.0	8.0	-0.3893
3.0	9.0	-0.3893
4.0	9.0	-0.3893
5.0	9.0	-0.3893
9.0	9.0	-0.3893
6.0	8.0	-0.3893
8.0	8.0	-0.3893
7.0	4.0	-0.3893
7.0	5.0	-0.3893
8.0	5.0	-0.3893
3.0	10.0	-0.3893
11.0	10.0	-0.3893
6.0	5.0	-0.3893
7.0	5.0	-0.3893
2.0	10.0	-0.3893
9.0	10.0	-0.3893
6.0	3.0	-0.3893
2.0	11.0	-0.5048
3.0	11.0	-0.5048
6.0	11.0	-0.5048
8.0	8.0	-0.5048
8.0	7.0	-0.5048
8.0	5.0	-0.5048
6.0	7.0	-0.5048
8.0	7.0	-0.5048
9.0	7.0	-0.5048
7.0	6.0	-0.5048
8.0	6.0	-0.5048
9.0	6.0	-0.5048
7.0	4.0	-0.5048
7.0	3.0	-0.5048
8.0	5.0	-0.5048
8.0	4.0	-0.5048
4.0	8.0	-0.5048
8.0	8.0	-0.5048
6.0	7.0	-0.5048
8.0	7.0	-0.5048
7.0	3.0	-0.5048
4.0	8.0	-0.5048
6.0	8.0	-0.5048
1.0	10.0	-0.5048
3.0	10.0	-0.5048
8.0	4.0	-0.5048
5.0	9.0	-0.5048
6.0	9.0	-0.5048
8.0	9.0	-0.5048
7.0	7.0	-0.5048
8.0	7.0	-0.5048
9.0	7.0	-0.5048
7.0	4.0	-0.5048
7.0	8.0	-0.5048
6.0	6.0	-0.5048
8.0	6.0	-0.5048
2.0	8.0	-0.5048
9.0	8.0	-0.5048
4.0	6.0	-0.5048
5.0	6.0	-0.5048
8.0	5.0	-0.5048
6.0	2.0	-0.5048
10.0	8.0	-0.5048
7.0	8.0	-0.5048
7.0	6.0	-0.5048
8.0	6.0	-0.5048
7.0	4.0	-0.5048
7.0	4.0	-0.5048
7.0	3.0	-0.5048
8.0	5.0	-0.5057
9.0	7.0	-0.5057
2.0	7.0	-0.5057
6.0	7.0	-0.5057
7.0	7.0	-0.5057
9.0	7.0	-0.5057
8.0	6.0	-0.5057
9.0	6.0	-0.5057
7.0	4.0	-0.5057
3.0	12.0	-0.5057
6.0	12.0	-0.5057
6.0	9.0	-0.5057
8.0	8.0	-0.5057
8.0	6.0	-0.5057
12.0	10.0	-0.5057
8.0	8.0	-0.5057
7.0	5.0	-0.5057
8.0	5.0	-0.5057
7.0	4.0	-0.5057
7.0	3.0	-0.5057
8.0	6.0	-0.5057
3.0	10.0	-0.5057
6.0	10.0	-0.5057
9.0	10.0	-0.5057
7.0	6.0	-0.5057
8.0	5.0	-0.5057
7.0	3.0	-0.5057
7.0	3.0	-0.5057
9.0	11.0	-0.5057
6.0	7.0	-0.5057
7.0	7.0	-0.5057
9.0	6.0	-0.5057
7.0	3.0	-0.5057
7.0	3.0	-0.5057
3.0	8.0	-0.5057
9.0	8.0	-0.5057
7.0	4.0	-0.5057
9.0	9.0	-0.5057
7.0	3.0	-0.5057
4.0	7.0	-0.5057
5.0	7.0	-0.5057
8.0	8.0	-0.5057
8.0	6.0	-0.5057
9.0	6.0	-0.5057
4.0	8.0	-0.5057
6.0	8.0	-0.5057
8.0	4.0	-0.5057
7.0	4.0	-0.5057
5.0	6.0	-0.5057
6.0	6.0	-0.5057
7.0	6.0	-0.5057
7.0	4.0	-0.5057
8.0	4.0	-0.5057
6.0	5.0	-0.5069
7.0	5.0	-0.5069
8.0	5.0	-0.5069
9.0	6.0	-0.5069
5.0	9.0	-0.5069
8.0	9.0	-0.5069
6.0	2.0	-0.5069
10.0	7.0	-0.5069
8.0	4.0	-0.5069
6.0	2.0	-0.5069
8.0	5.0	-0.5069
7.0	7.0	-0.5069
7.0	4.0	-0.5069
5.0	9.0	-0.5069
6.0	9.0	-0.5069
5.0	6.0	-0.5069
7.0	6.0	-0.5069
8.0	6.0	-0.5069
7.0	4.0	-0.5069
8.0	4.0	-0.5069
8.0	11.0	-0.5069
7.0	5.0	-0.5069
7.0	4.0	-0.5069
8.0	4.0	-0.5069
4.0	7.0	-0.5069
9.0	7.0	-0.5069
9.0	7.0	-0.5069
8.0	5.0	-0.5069
4.0	8.0	-0.5069
6.0	8.0	-0.5069
9.0	8.0	-0.5069
5.0	8.0	-0.5069
3.0	9.0	-0.5073
7.0	9.0	-0.5073
9.0	9.0	-0.5073
2.0	8.0	-0.5073
3.0	8.0	-0.5073
5.0	8.0	-0.5073
8.0	8.0	-0.5073
7.0	8.0	-0.5073
9.0	5.0	-0.5073
8.0	6.0	-0.5073
9.0	6.0	-0.5073
7.0	5.0	-0.5073
7.0	4.0	-0.5073
7.0	8.0	-0.5073
8.0	8.0	-0.5073
8.0	4.0	-0.5073
8.0	4.0	-0.5073
8.0	6.0	-0.5073
7.0	4.0	-0.5073
8.0	4.0	-0.5073
7.0	3.0	-0.5073
8.0	5.0	-0.5073
9.0	6.0	-0.5073
7.0	3.0	-0.5073
8.0	6.0	-0.5073
7.0	5.0	-0.5073
8.0	5.0	-0.5073
5.0	7.0	-0.5073
7.0	7.0	-0.5073
9.0	6.0	-0.5073
4.0	7.0	-0.5073
5.0	7.0	-0.5073
6.0	7.0	-0.5073
8.0	7.0	-0.5073
2.0	6.0	-0.5073
9.0	6.0	-0.5073
7.0	3.0	-0.5073
7.0	4.0	-0.5113
7.0	6.0	-0.5113
3.0	9.0	-0.5113
5.0	9.0	-0.5113
6.0	9.0	-0.5113
6.0	4.0	-0.5113
7.0	4.0	-0.5113
2.0	9.0	-0.5113
5.0	9.0	-0.5113
8.0	9.0	-0.5113
9.0	9.0	-0.5113
9.0	6.0	-0.5113
8.0	7.0	-0.5113
8.0	5.0	-0.5113
8.0	5.0	-0.5113
9.0	5.0	-0.5113
7.0	7.0	-0.5113
9.0	7.0	-0.5113
7.0	3.0	-0.5113
4.0	7.0	-0.5113
7.0	3.0	-0.5113
8.0	10.0	-0.5113
9.0	10.0	-0.5113
6.0	7.0	-0.5113
7.0	7.0	-0.5113
9.0	7.0	-0.5113
7.0	5.0	-0.5113
8.0	5.0	-0.5113
7.0	5.0	-0.5113
6.0	2.0	-0.5113
7.0	5.0	-0.5113
8.0	5.0	-0.5113
7.0	5.0	-0.5113
8.0	5.0	-0.5113
8.0	5.0	-0.5124
8.0	9.0	-0.5124
10.0	9.0	-0.5124
7.0	9.0	-0.5124
10.0	9.0	-0.5124
8.0	4.0	-0.5124
8.0	9.0	-0.5124
7.0	9.0	-0.5124
8.0	9.0	-0.5124
8.0	6.0	-0.5124
8.0	6.0	-0.5124
9.0	6.0	-0.5124
8.0	5.0	-0.5124
7.0	3.0	-0.5124
6.0	8.0	-0.5124
7.0	8.0	-0.5124
9.0	8.0	-0.5124
8.0	8.0	-0.5124
7.0	8.0	-0.5124
7.0	3.0	-0.5124
7.0	4.0	-0.5124
8.0	6.0	-0.5124
9.0	8.0	-0.5124
4.0	7.0	-0.5124
8.0	7.0	-0.5124
9.0	7.0	-0.5124
7.0	6.0	-0.5124
8.0	6.0	-0.5124
9.0	6.0	-0.5124
8.0	5.0	-0.5124
6.0	2.0	-0.5124
6.0	8.0	-0.5124
6.0	7.0	-0.5124
9.0	7.0	-0.5124
5.0	7.0	-0.5124
8.0	7.0	-0.5124
9.0	7.0	-0.5124
2.0	7.0	-0.5124
6.0	7.0	-0.5124
7.0	5.0	-0.5124
8.0	5.0	-0.5124
7.0	3.0	-0.5124
6.0	2.0	-0.5124
8.0	6.0	-0.5124
8.0	5.0	-0.5124
6.0	2.0	-0.5124
8.0	4.0	-0.5124
7.0	6.0	-0.5124
8.0	6.0	-0.5124
9.0	6.0	-0.5124
8.0	6.0	-0.5124
9.0	6.0	-0.5124
9.0	6.0	-0.5124
6.0	2.0	-0.5124
8.0	4.0	-0.5124
7.0	3.0	-0.5151
6.0	2.0	-0.5151
6.0	6.0	-0.5151
9.0	6.0	-0.5151
4.0	8.0	-0.5151
9.0	6.0	-0.5151
8.0	5.0	-0.5151
9.0	6.0	-0.5151
7.0	4.0	-0.5151
8.0	4.0	-0.5151
7.0	3.0	-0.5151
2.0	9.0	-0.5151
8.0	6.0	-0.5151
7.0	3.0	-0.5151
8.0	6.0	-0.5151
6.0	2.0	-0.5151
8.0	6.0	-0.5151
6.0	7.0	-0.5151
8.0	6.0	-0.5151
8.0	5.0	-0.5153
9.0	5.0	-0.5153
6.0	9.0	-0.5153
10.0	9.0	-0.5153
9.0	8.0	-0.5153
10.0	8.0	-0.5153
3.0	11.0	-0.5153
5.0	11.0	-0.5153
6.0	11.0	-0.5153
4.0	9.0	-0.5153
8.0	9.0	-0.5153
9.0	6.0	-0.5153
3.0	9.0	-0.5153
5.0	9.0	-0.5153
7.0	9.0	-0.5153
8.0	5.0	-0.5153
7.0	3.0	-0.5153
4.0	7.0	-0.5153
7.0	6.0	-0.5153
8.0	5.0	-0.5153
7.0	3.0	-0.5153
7.0	4.0	-0.5153
9.0	6.0	-0.5153
9.0	6.0	-0.5153
5.0	9.0	-0.5153
6.0	9.0	-0.5153
7.0	9.0	-0.5153
7.0	3.0	-0.5153
6.0	4.0	-0.5153
7.0	4.0	-0.5153
8.0	8.0	-0.5153
8.0	4.0	-0.5153
6.0	2.0	-0.5153
4.0	9.0	-0.5153
6.0	9.0	-0.5153
9.0	6.0	-0.5153
8.0	5.0	-0.5153
9.0	5.0	-0.5153
8.0	5.0	-0.5153
4.0	8.0	-0.5153
6.0	8.0	-0.5153
4.0	8.0	-0.5153
5.0	8.0	-0.5153
9.0	8.0	-0.5153
6.0	2.0	-0.5153
7.0	3.0	-0.5179
10.0	7.0	-0.5179
9.0	6.0	-0.5179
10.0	10.0	-0.5179
7.0	8.0	-0.5179
8.0	8.0	-0.5179
9.0	8.0	-0.5179
8.0	4.0	-0.5179
6.0	2.0	-0.5179
6.0	6.0	-0.5179
8.0	6.0	-0.5179
4.0	8.0	-0.5179
7.0	8.0	-0.5179
8.0	4.0	-0.5179
8.0	4.0	-0.5179
8.0	4.0	-0.5179
8.0	5.0	-0.5179
7.0	5.0	-0.5179
4.0	9.0	-0.5179
6.0	7.0	-0.5179
9.0	7.0	-0.5179
10.0	7.0	-0.5179
8.0	6.0	-0.5179
9.0	6.0	-0.5179
7.0	3.0	-0.5179
7.0	3.0	-0.5179
7.0	5.0	-0.5179
8.0	5.0	-0.5179
3.0	8.0	-0.5179
7.0	6.0	-0.5179
9.0	6.0	-0.5179
7.0	3.0	-0.5179
8.0	4.0	-0.5179
10.0	8.0	-0.5179
2.0	10.0	-0.5179
3.0	10.0	-0.5179
4.0	10.0	-0.5179
8.0	4.0	-0.5179
6.0	2.0	-0.5179
7.0	4.0	-0.519
9.0	6.0	-0.519
9.0	5.0	-0.519
5.0	8.0	-0.519
8.0	8.0	-0.519
8.0	4.0	-0.519
7.0	3.0	-0.519
4.0	8.0	-0.519
8.0	8.0	-0.519
9.0	8.0	-0.519
8.0	6.0	-0.519
9.0	6.0	-0.519
8.0	4.0	-0.519
7.0	6.0	-0.519
8.0	6.0	-0.519
3.0	8.0	-0.519
3.0	8.0	-0.519
4.0	8.0	-0.519
7.0	8.0	-0.519
6.0	8.0	-0.519
8.0	8.0	-0.519
8.0	5.0	-0.519
6.0	2.0	-0.519
5.0	1.0	-0.519
4.0	7.0	-0.519
6.0	7.0	-0.519
8.0	7.0	-0.519
9.0	5.0	-0.519
9.0	9.0	-0.519
8.0	5.0	-0.519
7.0	4.0	-0.519
7.0	3.0	-0.519
6.0	8.0	-0.519
4.0	7.0	-0.519
5.0	7.0	-0.519
7.0	7.0	-0.519
9.0	7.0	-0.519
7.0	3.0	-0.519
7.0	5.0	-0.519
5.0	7.0	-0.519
8.0	7.0	-0.519
7.0	5.0	-0.519
6.0	9.0	-0.519
7.0	9.0	-0.519
10.0	9.0	-0.519
5.0	1.0	-0.519
7.0	3.0	-0.519
7.0	10.0	-0.631
8.0	4.0	-0.631
8.0	5.0	-0.631
9.0	5.0	-0.631
10.0	7.0	-0.631
7.0	6.0	-0.631
9.0	4.0	-0.631
8.0	4.0	-0.631
9.0	6.0	-0.631
7.0	7.0	-0.631
8.0	7.0	-0.631
9.0	7.0	-0.631
10.0	7.0	-0.631
8.0	9.0	-0.631
9.0	9.0	-0.631
10.0	8.0	-0.631
10.0	6.0	-0.631
8.0	3.0	-0.631
10.0	7.0	-0.631
9.0	5.0	-0.631
6.0	7.0	-0.631
8.0	7.0	-0.631
9.0	7.0	-0.631
9.0	4.0	-0.6322
9.0	5.0	-0.6322
8.0	6.0	-0.6322
8.0	3.0	-0.6322
1.0	11.0	-0.6322
4.0	11.0	-0.6322
5.0	11.0	-0.6322
4.0	10.0	-0.6322
6.0	10.0	-0.6322
8.0	10.0	-0.6322
11.0	10.0	-0.6322
9.0	5.0	-0.6322
9.0	7.0	-0.6322
7.0	8.0	-0.6322
9.0	8.0	-0.6322
7.0	2.0	-0.6322
9.0	5.0	-0.6322
1.0	9.0	-0.6322
8.0	9.0	-0.6322
7.0	7.0	-0.6322
8.0	7.0	-0.6322
7.0	2.0	-0.6322
9.0	5.0	-0.6322
7.0	9.0	-0.6322
7.0	10.0	-0.6322
8.0	6.0	-0.6322
9.0	6.0	-0.6322
10.0	6.0	-0.6322
5.0	7.0	-0.6322
7.0	8.0	-0.6322
8.0	8.0	-0.6322
7.0	6.0	-0.6322
9.0	6.0	-0.6322
8.0	7.0	-0.6322
9.0	7.0	-0.6322
8.0	3.0	-0.6322
8.0	7.0	-0.6322
9.0	7.0	-0.6322
8.0	5.0	-0.6322
6.0	1.0	-0.6322
8.0	4.0	-0.6337
9.0	5.0	-0.6337
10.0	8.0	-0.6337
8.0	4.0	-0.6337
9.0	4.0	-0.6337
9.0	6.0	-0.6337
10.0	6.0	-0.6337
9.0	5.0	-0.6337
10.0	6.0	-0.6337
8.0	3.0	-0.6337
8.0	4.0	-0.6337
9.0	4.0	-0.6337
7.0	7.0	-0.6337
9.0	7.0	-0.6337
9.0	5.0	-0.6337
1.0	10.0	-0.6337
3.0	10.0	-0.6337
6.0	10.0	-0.6337
8.0	4.0	-0.6337
8.0	3.0	-0.6337
10.0	6.0	-0.6337
7.0	6.0	-0.6337
10.0	6.0	-0.6337
10.0	7.0	-0.6337
6.0	1.0	-0.6337
10.0	7.0	-0.6337
11.0	7.0	-0.6337
7.0	2.0	-0.6337
8.0	8.0	-0.6341
7.0	7.0	-0.6341
9.0	7.0	-0.6341
7.0	2.0	-0.6341
5.0	7.0	-0.6341
9.0	7.0	-0.6341
10.0	7.0	-0.6341
8.0	7.0	-0.6341
7.0	6.0	-0.6341
9.0	6.0	-0.6341
1.0	11.0	-0.6341
6.0	11.0	-0.6341
8.0	4.0	-0.6341
8.0	3.0	-0.6341
7.0	4.0	-0.6341
7.0	2.0	-0.6341
9.0	7.0	-0.6341
10.0	7.0	-0.6341
11.0	7.0	-0.6341
9.0	5.0	-0.6341
9.0	4.0	-0.6341
7.0	3.0	-0.6341
5.0	7.0	-0.6341
9.0	7.0	-0.6341
8.0	5.0	-0.6341
7.0	2.0	-0.6341
8.0	3.0	-0.6341
8.0	3.0	-0.6341
8.0	4.0	-0.6341
9.0	4.0	-0.6341
8.0	4.0	-0.6341
8.0	3.0	-0.6341
8.0	6.0	-0.6341
7.0	6.0	-0.6341
9.0	6.0	-0.6341
8.0	5.0	-0.6341
8.0	3.0	-0.6391
9.0	5.0	-0.6391
8.0	3.0	-0.6391
7.0	8.0	-0.6391
9.0	8.0	-0.6391
8.0	3.0	-0.6391
7.0	6.0	-0.6391
9.0	6.0	-0.6391
7.0	8.0	-0.6391
6.0	8.0	-0.6391
8.0	8.0	-0.6391
9.0	6.0	-0.6391
9.0	15.0	-0.6391
7.0	7.0	-0.6391
7.0	2.0	-0.6391
8.0	3.0	-0.6391
9.0	5.0	-0.6391
8.0	3.0	-0.6391
7.0	9.0	-0.6391
9.0	6.0	-0.6391
10.0	6.0	-0.6391
8.0	6.0	-0.6391
10.0	6.0	-0.6391
8.0	3.0	-0.6391
8.0	3.0	-0.6391
8.0	4.0	-0.6391
8.0	5.0	-0.6391
9.0	5.0	-0.6391
6.0	1.0	-0.6391
7.0	2.0	-0.6391
9.0	8.0	-0.6405
9.0	4.0	-0.6405
9.0	8.0	-0.6405
7.0	2.0	-0.6405
8.0	6.0	-0.6405
9.0	6.0	-0.6405
9.0	8.0	-0.6405
5.0	8.0	-0.6405
8.0	5.0	-0.6405
9.0	5.0	-0.6405
8.0	3.0	-0.6405
8.0	7.0	-0.6405
6.0	7.0	-0.6405
8.0	7.0	-0.6405
9.0	7.0	-0.6405
10.0	7.0	-0.6405
8.0	4.0	-0.6405
6.0	1.0	-0.6405
10.0	7.0	-0.6405
6.0	8.0	-0.6405
6.0	6.0	-0.6405
7.0	6.0	-0.6405
10.0	6.0	-0.6405
8.0	5.0	-0.6405
9.0	5.0	-0.6405
7.0	2.0	-0.6405
7.0	7.0	-0.6405
10.0	7.0	-0.6405
7.0	2.0	-0.6405
9.0	6.0	-0.6405
8.0	3.0	-0.6405
9.0	5.0	-0.6405
8.0	5.0	-0.6405
7.0	2.0	-0.6439
9.0	5.0	-0.6439
9.0	4.0	-0.6439
9.0	7.0	-0.6439
11.0	7.0	-0.6439
8.0	5.0	-0.6439
2.0	9.0	-0.6439
3.0	9.0	-0.6439
10.0	9.0	-0.6439
9.0	4.0	-0.6439
8.0	6.0	-0.6439
9.0	6.0	-0.6439
2.0	9.0	-0.6439
3.0	9.0	-0.6439
4.0	9.0	-0.6439
6.0	9.0	-0.6439
10.0	9.0	-0.6439
11.0	9.0	-0.6439
8.0	3.0	-0.6439
7.0	2.0	-0.6439
8.0	3.0	-0.6439
7.0	8.0	-0.6439
8.0	8.0	-0.6439
9.0	6.0	-0.6439
7.0	2.0	-0.6439
8.0	4.0	-0.6439
8.0	6.0	-0.6439
9.0	6.0	-0.6439
9.0	5.0	-0.6439
8.0	5.0	-0.6441
9.0	5.0	-0.6441
9.0	5.0	-0.6441
7.0	8.0	-0.6441
8.0	8.0	-0.6441
9.0	8.0	-0.6441
8.0	3.0	-0.6441
9.0	5.0	-0.6441
8.0	7.0	-0.6441
9.0	6.0	-0.6441
1.0	10.0	-0.6441
10.0	10.0	-0.6441
2.0	8.0	-0.6441
7.0	8.0	-0.6441
9.0	8.0	-0.6441
8.0	3.0	-0.6441
8.0	3.0	-0.6441
8.0	4.0	-0.6441
10.0	5.0	-0.6441
4.0	8.0	-0.6441
9.0	5.0	-0.6441
7.0	8.0	-0.6441
9.0	5.0	-0.6441
8.0	5.0	-0.6441
9.0	4.0	-0.6441
9.0	6.0	-0.6441
10.0	6.0	-0.6441
8.0	4.0	-0.6441
8.0	3.0	-0.6441
8.0	5.0	-0.6441
9.0	5.0	-0.6441
7.0	7.0	-0.6441
9.0	7.0	-0.6441
3.0	8.0	-0.6441
7.0	2.0	-0.6441
8.0	3.0	-0.6441
10.0	7.0	-0.6441
6.0	7.0	-0.6441
8.0	7.0	-0.6441
6.0	5.0	-0.6474
10.0	5.0	-0.6474
1.0	9.0	-0.6474
4.0	9.0	-0.6474
6.0	9.0	-0.6474
8.0	9.0	-0.6474
10.0	7.0	-0.6474
8.0	3.0	-0.6474
8.0	7.0	-0.6474
9.0	7.0	-0.6474
10.0	7.0	-0.6474
7.0	4.0	-0.6474
8.0	3.0	-0.6474
11.0	8.0	-0.6474
8.0	6.0	-0.6474
7.0	2.0	-0.6474
9.0	4.0	-0.6474
9.0	7.0	-0.6474
11.0	7.0	-0.6474
8.0	3.0	-0.6474
8.0	5.0	-0.6474
7.0	2.0	-0.6474
7.0	7.0	-0.6474
8.0	7.0	-0.6474
7.0	9.0	-0.6474
8.0	9.0	-0.6474
8.0	3.0	-0.6474
8.0	3.0	-0.6474
7.0	3.0	-0.6474
8.0	5.0	-0.6488
7.0	7.0	-0.6488
9.0	7.0	-0.6488
9.0	6.0	-0.6488
9.0	5.0	-0.6488
9.0	7.0	-0.6488
10.0	7.0	-0.6488
9.0	7.0	-0.6488
10.0	7.0	-0.6488
9.0	6.0	-0.6488
10.0	6.0	-0.6488
2.0	8.0	-0.6488
8.0	4.0	-0.6488
8.0	3.0	-0.6488
7.0	2.0	-0.6488
8.0	3.0	-0.6488
9.0	4.0	-0.6488
8.0	6.0	-0.6488
8.0	7.0	-0.6488
4.0	8.0	-0.6488
5.0	8.0	-0.6488
6.0	8.0	-0.6488
8.0	8.0	-0.6488
8.0	4.0	-0.6488
8.0	3.0	-0.6488
10.0	6.0	-0.6488
8.0	4.0	-0.6488
4.0	8.0	-0.6488
5.0	8.0	-0.6488
4.0	9.0	-0.7572
8.0	9.0	-0.7572
11.0	9.0	-0.7572
10.0	4.0	-0.7572
9.0	5.0	-0.7572
10.0	5.0	-0.7572
9.0	3.0	-0.7572
8.0	2.0	-0.7572
8.0	2.0	-0.7572
9.0	3.0	-0.7572
9.0	3.0	-0.7572
10.0	5.0	-0.7572
8.0	2.0	-0.7572
10.0	6.0	-0.7572
11.0	6.0	-0.7572
9.0	5.0	-0.7572
10.0	5.0	-0.7572
10.0	8.0	-0.7572
11.0	8.0	-0.7572
9.0	4.0	-0.7572
10.0	4.0	-0.7572
7.0	7.0	-0.7572
9.0	7.0	-0.7572
11.0	7.0	-0.7572
8.0	6.0	-0.7572
9.0	6.0	-0.7572
10.0	4.0	-0.7572
9.0	4.0	-0.7572
8.0	6.0	-0.7572
10.0	4.0	-0.7572
9.0	6.0	-0.7572
10.0	6.0	-0.7572
9.0	4.0	-0.7572
10.0	4.0	-0.7572
8.0	2.0	-0.7572
8.0	2.0	-0.7572
10.0	5.0	-0.7586
10.0	5.0	-0.7586
10.0	4.0	-0.7586
8.0	10.0	-0.7586
10.0	10.0	-0.7586
3.0	9.0	-0.7586
5.0	9.0	-0.7586
9.0	9.0	-0.7586
9.0	3.0	-0.7586
9.0	7.0	-0.7586
10.0	6.0	-0.7586
9.0	3.0	-0.7586
4.0	7.0	-0.7586
6.0	7.0	-0.7586
8.0	7.0	-0.7586
10.0	7.0	-0.7586
7.0	8.0	-0.7586
9.0	8.0	-0.7586
10.0	8.0	-0.7586
9.0	6.0	-0.7586
10.0	6.0	-0.7586
8.0	2.0	-0.7586
10.0	4.0	-0.7586
8.0	8.0	-0.7586
11.0	8.0	-0.7586
9.0	3.0	-0.7586
7.0	1.0	-0.7586
6.0	9.0	-0.7586
12.0	9.0	-0.7586
10.0	4.0	-0.7586
11.0	6.0	-0.7586
8.0	2.0	-0.7586
10.0	7.0	-0.7586
5.0	5.0	-0.7586
10.0	5.0	-0.7586
10.0	5.0	-0.7586
9.0	6.0	-0.7586
10.0	6.0	-0.7586
11.0	6.0	-0.7586
9.0	4.0	-0.7586
10.0	4.0	-0.7586
10.0	6.0	-0.7586
8.0	2.0	-0.7586
9.0	4.0	-0.7586
9.0	3.0	-0.7604
10.0	4.0	-0.7604
7.0	1.0	-0.7604
9.0	3.0	-0.7604
9.0	5.0	-0.7604
10.0	5.0	-0.7604
7.0	7.0	-0.7604
9.0	7.0	-0.7604
11.0	5.0	-0.7604
11.0	5.0	-0.7604
9.0	3.0	-0.7604
9.0	3.0	-0.7604
9.0	4.0	-0.7604
9.0	7.0	-0.7604
11.0	7.0	-0.7604
11.0	6.0	-0.7604
8.0	2.0	-0.7604
2.0	9.0	-0.7604
5.0	9.0	-0.7604
9.0	3.0	-0.7604
11.0	5.0	-0.7604
8.0	6.0	-0.7604
11.0	6.0	-0.7604
9.0	6.0	-0.7604
11.0	7.0	-0.7609
9.0	3.0	-0.7609
9.0	6.0	-0.7609
10.0	5.0	-0.7609
2.0	10.0	-0.7609
3.0	10.0	-0.7609
8.0	10.0	-0.7609
8.0	3.0	-0.7609
8.0	2.0	-0.7609
7.0	1.0	-0.7609
11.0	6.0	-0.7609
9.0	3.0	-0.7609
9.0	3.0	-0.7609
9.0	4.0	-0.7609
9.0	5.0	-0.7609
10.0	5.0	-0.7609
10.0	4.0	-0.7609
10.0	4.0	-0.767
8.0	7.0	-0.767
10.0	4.0	-0.767
1.0	14.0	-0.767
2.0	14.0	-0.767
8.0	5.0	-0.767
10.0	6.0	-0.767
10.0	5.0	-0.767
11.0	5.0	-0.767
10.0	4.0	-0.767
9.0	3.0	-0.767
9.0	3.0	-0.767
10.0	4.0	-0.767
11.0	7.0	-0.7686
8.0	7.0	-0.7686
9.0	3.0	-0.7686
10.0	7.0	-0.7686
11.0	7.0	-0.7686
9.0	7.0	-0.7686
11.0	7.0	-0.7686
9.0	4.0	-0.7686
9.0	3.0	-0.7686
9.0	3.0	-0.7686
10.0	6.0	-0.7686
9.0	6.0	-0.7686
10.0	6.0	-0.7686
6.0	6.0	-0.7686
8.0	2.0	-0.7686
9.0	4.0	-0.7686
8.0	6.0	-0.7686
8.0	7.0	-0.7686
9.0	7.0	-0.7686
10.0	4.0	-0.7686
9.0	3.0	-0.7686
8.0	2.0	-0.7686
9.0	3.0	-0.7686
8.0	6.0	-0.7686
9.0	6.0	-0.7686
11.0	6.0	-0.7686
10.0	5.0	-0.7686
9.0	4.0	-0.7686
10.0	4.0	-0.7686
9.0	3.0	-0.7686
8.0	2.0	-0.7726
10.0	4.0	-0.7726
10.0	6.0	-0.7726
10.0	4.0	-0.7726
1.0	8.0	-0.7726
4.0	8.0	-0.7726
7.0	8.0	-0.7726
9.0	8.0	-0.7726
10.0	5.0	-0.7726
5.0	8.0	-0.7726
7.0	8.0	-0.7726
9.0	8.0	-0.7726
9.0	4.0	-0.7726
10.0	4.0	-0.7726
9.0	3.0	-0.7726
7.0	1.0	-0.7726
10.0	5.0	-0.7726
8.0	2.0	-0.7726
8.0	2.0	-0.7726
9.0	3.0	-0.773
5.0	7.0	-0.773
11.0	7.0	-0.773
10.0	5.0	-0.773
7.0	9.0	-0.773
10.0	7.0	-0.773
6.0	7.0	-0.773
9.0	7.0	-0.773
10.0	7.0	-0.773
9.0	4.0	-0.773
10.0	4.0	-0.773
9.0	5.0	-0.773
10.0	5.0	-0.773
8.0	7.0	-0.773
9.0	7.0	-0.773
9.0	4.0	-0.773
10.0	4.0	-0.773
9.0	4.0	-0.773
8.0	2.0	-0.773
8.0	7.0	-0.773
8.0	2.0	-0.773
10.0	4.0	-0.773
8.0	2.0	-0.773
10.0	7.0	-0.773
6.0	6.0	-0.773
9.0	3.0	-0.773
8.0	2.0	-0.773
8.0	6.0	-0.773
8.0	3.0	-0.773
9.0	3.0	-0.773
7.0	1.0	-0.773
9.0	5.0	-0.7768
9.0	4.0	-0.7768
9.0	4.0	-0.7768
9.0	8.0	-0.7768
6.0	6.0	-0.7768
9.0	3.0	-0.7768
9.0	4.0	-0.7768
9.0	3.0	-0.7768
9.0	3.0	-0.7768
8.0	7.0	-0.7768
9.0	4.0	-0.7768
10.0	6.0	-0.7768
11.0	8.0	-0.7768
8.0	2.0	-0.7785
11.0	6.0	-0.7785
10.0	4.0	-0.7785
8.0	6.0	-0.7785
8.0	2.0	-0.7785
9.0	3.0	-0.7785
8.0	3.0	-0.7785
7.0	7.0	-0.7785
10.0	7.0	-0.7785
9.0	3.0	-0.7785
10.0	5.0	-0.7785
9.0	7.0	-0.7785
7.0	5.0	-0.7785
9.0	5.0	-0.7785
5.0	8.0	-0.8834
9.0	8.0	-0.8834
10.0	4.0	-0.8834
10.0	3.0	-0.8834
11.0	4.0	-0.8834
10.0	5.0	-0.8834
9.0	2.0	-0.8834
11.0	5.0	-0.8834
10.0	3.0	-0.885
7.0	9.0	-0.885
11.0	9.0	-0.885
7.0	8.0	-0.885
10.0	6.0	-0.885
11.0	6.0	-0.885
10.0	3.0	-0.885
10.0	5.0	-0.885
11.0	5.0	-0.885
12.0	5.0	-0.885
11.0	5.0	-0.885
9.0	2.0	-0.885
10.0	7.0	-0.885
10.0	3.0	-0.885
8.0	8.0	-0.885
10.0	5.0	-0.885
10.0	3.0	-0.885
11.0	4.0	-0.885
10.0	3.0	-0.885
7.0	5.0	-0.885
11.0	5.0	-0.885
10.0	3.0	-0.885
9.0	2.0	-0.8871
10.0	3.0	-0.8871
10.0	4.0	-0.8871
9.0	2.0	-0.8871
10.0	3.0	-0.8871
12.0	5.0	-0.8871
11.0	8.0	-0.8871
9.0	2.0	-0.8871
11.0	4.0	-0.8871
10.0	6.0	-0.8878
10.0	5.0	-0.8878
11.0	5.0	-0.8878
10.0	5.0	-0.8878
11.0	5.0	-0.8878
4.0	9.0	-0.8878
5.0	9.0	-0.8878
11.0	9.0	-0.8878
10.0	3.0	-0.8878
9.0	2.0	-0.8878
9.0	2.0	-0.8878
10.0	3.0	-0.8878
10.0	5.0	-0.8878
10.0	3.0	-0.8878
9.0	2.0	-0.8878
10.0	3.0	-0.8878
10.0	4.0	-0.8878
11.0	6.0	-0.8948
10.0	4.0	-0.8948
10.0	6.0	-0.8948
10.0	4.0	-0.8948
9.0	2.0	-0.8948
10.0	4.0	-0.8948
11.0	5.0	-0.8948
8.0	1.0	-0.8948
10.0	7.0	-0.8948
11.0	7.0	-0.8948
9.0	2.0	-0.8948
9.0	2.0	-0.8948
9.0	2.0	-0.8967
11.0	6.0	-0.8967
10.0	4.0	-0.8967
10.0	3.0	-0.8967
9.0	3.0	-0.8967
11.0	5.0	-0.8967
11.0	5.0	-0.8967
9.0	2.0	-0.8967
10.0	3.0	-0.8967
11.0	5.0	-0.8967
10.0	6.0	-0.8967
11.0	6.0	-0.8967
10.0	4.0	-0.8967
9.0	2.0	-0.8967
8.0	1.0	-0.8967
10.0	3.0	-0.8967
10.0	3.0	-0.8967
10.0	3.0	-0.8967
10.0	3.0	-0.9014
11.0	7.0	-0.9014
10.0	3.0	-0.9014
8.0	7.0	-0.9014
10.0	6.0	-0.9014
10.0	4.0	-0.9014
8.0	1.0	-0.9014
9.0	2.0	-0.9014
10.0	3.0	-0.9018
10.0	3.0	-0.9018
4.0	8.0	-0.9018
8.0	8.0	-0.9018
8.0	1.0	-0.9018
11.0	4.0	-0.9018
10.0	3.0	-0.9018
10.0	3.0	-0.9018
9.0	2.0	-0.9018
8.0	1.0	-0.9018
9.0	2.0	-0.9018
10.0	5.0	-0.9018
11.0	6.0	-0.9018
9.0	5.0	-0.9018
10.0	3.0	-0.9018
10.0	5.0	-0.9018
11.0	5.0	-0.9018
9.0	2.0	-0.9063
11.0	7.0	-0.9063
11.0	5.0	-0.9063
11.0	4.0	-0.9063
10.0	3.0	-0.9063
10.0	3.0	-0.9063
8.0	1.0	-0.9063
11.0	5.0	-0.9063
6.0	7.0	-0.9063
10.0	7.0	-0.9063
8.0	1.0	-0.9063
10.0	3.0	-0.9083
10.0	5.0	-0.9083
10.0	5.0	-0.9083
11.0	5.0	-0.9083
11.0	5.0	-0.9083
11.0	5.0	-0.9083
9.0	2.0	-0.9083
9.0	2.0	-0.9083
8.0	6.0	-0.9083
9.0	2.0	-0.9083
10.0	5.0	-0.9083
10.0	4.0	-0.9083
8.0	6.0	-0.9083
10.0	7.0	-1.0096
9.0	1.0	-1.0096
11.0	4.0	-1.0096
10.0	3.0	-1.0096
11.0	4.0	-1.0096
12.0	6.0	-1.0096
11.0	4.0	-1.0096
11.0	4.0	-1.0096
11.0	4.0	-1.0096
11.0	3.0	-1.0115
11.0	3.0	-1.0115
9.0	8.0	-1.0115
13.0	8.0	-1.0115
10.0	7.0	-1.0115
12.0	7.0	-1.0115
13.0	7.0	-1.0115
10.0	2.0	-1.0115
11.0	4.0	-1.0115
11.0	6.0	-1.0115
12.0	4.0	-1.0115
10.0	7.0	-1.0115
11.0	5.0	-1.0115
11.0	4.0	-1.0115
11.0	3.0	-1.0139
11.0	5.0	-1.0139
12.0	5.0	-1.0139
11.0	3.0	-1.0139
12.0	5.0	-1.0139
10.0	2.0	-1.0139
4.0	7.0	-1.0139
9.0	7.0	-1.0139
10.0	7.0	-1.0139
12.0	7.0	-1.0139
9.0	1.0	-1.0139
12.0	4.0	-1.0139
11.0	4.0	-1.0146
9.0	8.0	-1.0146
10.0	8.0	-1.0146
12.0	8.0	-1.0146
10.0	2.0	-1.0146
10.0	5.0	-1.0226
12.0	5.0	-1.0226
10.0	5.0	-1.0226
12.0	5.0	-1.0226
11.0	5.0	-1.0226
11.0	3.0	-1.0226
3.0	12.0	-1.0226
5.0	12.0	-1.0226
8.0	12.0	-1.0226
12.0	6.0	-1.0226
13.0	6.0	-1.0226
11.0	3.0	-1.0226
11.0	3.0	-1.0226
9.0	1.0	-1.0226
12.0	5.0	-1.0248
12.0	5.0	-1.0248
12.0	5.0	-1.0248
10.0	2.0	-1.0248
10.0	2.0	-1.0248
11.0	4.0	-1.0248
12.0	4.0	-1.0248
12.0	5.0	-1.0248
10.0	2.0	-1.0248
12.0	4.0	-1.0248
10.0	3.0	-1.0248
11.0	3.0	-1.0248
9.0	1.0	-1.0248
10.0	2.0	-1.0248
12.0	4.0	-1.0302
12.0	6.0	-1.0302
12.0	6.0	-1.0302
13.0	6.0	-1.0302
12.0	5.0	-1.0302
10.0	2.0	-1.0302
11.0	3.0	-1.0302
10.0	2.0	-1.0302
10.0	2.0	-1.0306
12.0	5.0	-1.0306
11.0	4.0	-1.0306
12.0	4.0	-1.0306
11.0	3.0	-1.0306
9.0	7.0	-1.0306
12.0	7.0	-1.0306
11.0	5.0	-1.0306
9.0	1.0	-1.0306
11.0	5.0	-1.0306
10.0	2.0	-1.0306
9.0	1.0	-1.0306
11.0	3.0	-1.0306
10.0	5.0	-1.0306
12.0	5.0	-1.0306
13.0	5.0	-1.0306
10.0	5.0	-1.0306
11.0	5.0	-1.0306
11.0	4.0	-1.0306
12.0	5.0	-1.0306
10.0	4.0	-1.0306
11.0	4.0	-1.0306
11.0	4.0	-1.0306
12.0	4.0	-1.0306
12.0	4.0	-1.0306
11.0	3.0	-1.0358
10.0	2.0	-1.0358
10.0	2.0	-1.0358
12.0	6.0	-1.0358
13.0	6.0	-1.0358
10.0	2.0	-1.0358
11.0	4.0	-1.0358
10.0	5.0	-1.0358
10.0	2.0	-1.0358
9.0	6.0	-1.0358
12.0	6.0	-1.0358
10.0	4.0	-1.038
11.0	4.0	-1.038
10.0	3.0	-1.038
10.0	2.0	-1.038
11.0	3.0	-1.038
11.0	5.0	-1.038
12.0	5.0	-1.038
11.0	4.0	-1.038
11.0	3.0	-1.038
10.0	5.0	-1.038
12.0	5.0	-1.038
9.0	1.0	-1.038
9.0	1.0	-1.038
11.0	5.0	-1.038
12.0	6.0	-1.1358
12.0	3.0	-1.1358
11.0	2.0	-1.1358
11.0	2.0	-1.1358
11.0	2.0	-1.1358
12.0	3.0	-1.1358
11.0	2.0	-1.1358
13.0	5.0	-1.1358
12.0	4.0	-1.1358
11.0	2.0	-1.1358
10.0	1.0	-1.1358
12.0	3.0	-1.1358
12.0	3.0	-1.1358
12.0	3.0	-1.1358
12.0	4.0	-1.1379
12.0	3.0	-1.1379
11.0	4.0	-1.1379
12.0	4.0	-1.1379
12.0	5.0	-1.1379
13.0	5.0	-1.1379
11.0	6.0	-1.1379
12.0	3.0	-1.1379
12.0	4.0	-1.1379
12.0	3.0	-1.1379
12.0	3.0	-1.1379
11.0	2.0	-1.1406
10.0	1.0	-1.1406
13.0	6.0	-1.1406
12.0	3.0	-1.1406
12.0	3.0	-1.1414
11.0	2.0	-1.1414
13.0	7.0	-1.1414
11.0	2.0	-1.1414
11.0	2.0	-1.1414
11.0	2.0	-1.1504
11.0	4.0	-1.1504
12.0	4.0	-1.1504
6.0	11.0	-1.1504
12.0	11.0	-1.1504
11.0	2.0	-1.1504
12.0	4.0	-1.1529
10.0	1.0	-1.1529
11.0	2.0	-1.1529
13.0	5.0	-1.1589
11.0	2.0	-1.1589
11.0	4.0	-1.1589
10.0	1.0	-1.1589
11.0	2.0	-1.1589
11.0	6.0	-1.1595
12.0	4.0	-1.1595
12.0	4.0	-1.1595
10.0	1.0	-1.1595
10.0	1.0	-1.1595
12.0	4.0	-1.1653
12.0	3.0	-1.1653
11.0	2.0	-1.1678
12.0	3.0	-1.1678
12.0	3.0	-1.1678
13.0	4.0	-1.1678
11.0	2.0	-1.1678
12.0	4.0	-1.1678
12.0	2.0	-1.262
14.0	4.0	-1.262
12.0	2.0	-1.262
13.0	3.0	-1.2643
14.0	5.0	-1.2643
11.0	1.0	-1.2643
11.0	1.0	-1.2643
13.0	3.0	-1.2673
13.0	3.0	-1.2673
12.0	3.0	-1.2682
12.0	2.0	-1.2682
12.0	2.0	-1.2682
12.0	2.0	-1.2682
13.0	3.0	-1.2783
7.0	10.0	-1.2783
14.0	10.0	-1.2783
12.0	2.0	-1.2783
13.0	3.0	-1.281
11.0	1.0	-1.281
13.0	3.0	-1.281
12.0	2.0	-1.281
12.0	2.0	-1.281
12.0	2.0	-1.281
11.0	1.0	-1.281
11.0	1.0	-1.281
13.0	5.0	-1.2883
14.0	5.0	-1.2883
12.0	3.0	-1.2883
12.0	2.0	-1.2883
12.0	2.0	-1.2883
12.0	2.0	-1.2947
12.0	2.0	-1.2947
13.0	4.0	-1.2947
12.0	2.0	-1.2975
12.0	2.0	-1.2975
13.0	3.0	-1.2975
11.0	1.0	-1.2975
12.0	2.0	-1.2975
13.0	3.0	-1.2975
13.0	4.0	-1.3882
14.0	4.0	-1.3882
13.0	2.0	-1.3882
14.0	5.0	-1.3908
15.0	5.0	-1.3908
14.0	4.0	-1.3908
13.0	3.0	-1.3908
14.0	3.0	-1.3908
14.0	3.0	-1.3908
13.0	4.0	-1.3908
12.0	1.0	-1.3908
14.0	4.0	-1.3941
13.0	2.0	-1.3951
14.0	5.0	-1.3951
15.0	5.0	-1.3951
12.0	1.0	-1.3951
13.0	2.0	-1.4061
4.0	9.0	-1.4061
13.0	9.0	-1.4061
15.0	9.0	-1.4061
14.0	3.0	-1.4061
13.0	2.0	-1.4091
13.0	2.0	-1.4091
13.0	2.0	-1.4091
14.0	3.0	-1.4165
13.0	2.0	-1.4165
13.0	2.0	-1.4171
13.0	2.0	-1.4171
13.0	2.0	-1.4171
13.0	2.0	-1.4171
12.0	1.0	-1.4242
13.0	2.0	-1.4242
12.0	1.0	-1.4273
15.0	3.0	-1.5172
13.0	1.0	-1.5172
13.0	1.0	-1.5172
16.0	4.0	-1.5219
13.0	1.0	-1.5339
10.0	8.0	-1.5339
16.0	8.0	-1.5339
15.0	3.0	-1.5459
13.0	1.0	-1.5459
14.0	2.0	-1.5537
14.0	2.0	-1.5537
16.0	3.0	-1.6437
15.0	2.0	-1.6475
11.0	7.0	-1.6617
14.0	1.0	-1.674
15.0	1.0	-1.7668
15.0	1.0	-1.7701
17.0	6.0	-1.7896
19.0	6.0	-1.7896
18.0	5.0	-1.9174
20.0	2.0	-2.3009
