# GROWTH PER CELL CYCLE IN LINEAGE
# original file "wt_decCap_noRe_3gen_perturbed.txt" 
# mother	daughter	growthCycleMean	growthCycleStd
0.0	0.0	1.6141099999999997	0.005692968372377373
0.0	1.0	1.6090200000000003	0.007578155741632923
0.0	2.0	1.6097899999999998	0.006801543942370752
0.0	3.0	1.6061900000000002	0.0044697626086602806
0.0	4.0	1.6086500000000001	0.008218035720968329
0.0	5.0	1.61783	0.010123026556651218
0.0	6.0	1.6188299999999998	0.010485762834540094
0.0	7.0	1.625022222222222	0.010680680897978549
0.0	8.0	1.6431333333333333	0.029469962108334427
0.0	9.0	1.671525	0.03558102256353331
1.0	1.0	1.6091056179775283	0.007805321022321331
1.0	2.0	1.6084966292134832	0.007071749967270588
1.0	3.0	1.6084235955056183	0.0065402255742289
1.0	4.0	1.6106617977528088	0.008774323408492143
1.0	5.0	1.6125056818181824	0.013046974000290763
1.0	6.0	1.6138928571428572	0.011317890579081813
1.0	7.0	1.6141910256410257	0.009297774987254728
1.0	8.0	1.6168223684210525	0.012163821753426137
1.0	9.0	1.62089	0.012875413599660362
1.0	10.0	1.5953349999999997	0.20991483892687274
1.0	11.0	1.5874999999999997	0.24820539689462648
1.0	12.0	1.5230344827586206	0.422662486317276
1.0	13.0	1.3873538461538464	0.6164049367304265
1.0	14.0	1.62372	0.010349734296106326
1.0	15.0	0.8112	0.9367598660631585
1.0	16.0	1.63795	0.03401183617507296
1.0	17.0	NaN	NaN
1.0	18.0	NaN	NaN
1.0	19.0	NaN	NaN
1.0	20.0	NaN	NaN
2.0	1.0	1.6107674157303373	0.007751873311436914
2.0	2.0	1.6098011494252873	0.007645967081863974
2.0	3.0	1.6107885057471265	0.009101845267643776
2.0	4.0	1.6120141176470584	0.009304737054461096
2.0	5.0	1.610929411764706	0.008112744581820626
2.0	6.0	1.614566265060241	0.009881891261519529
2.0	7.0	1.6163707317073168	0.013068041195701907
2.0	8.0	1.5961266666666667	0.18712619844410922
2.0	9.0	1.5187661290322576	0.4025042824101881
2.0	10.0	1.5645653061224487	0.32664777255160515
2.0	11.0	1.4521416666666667	0.5214294009875985
2.0	12.0	1.566017391304348	0.342317969746064
2.0	13.0	1.4585222222222223	0.5479053722536807
2.0	14.0	1.64106	0.015008430963961575
2.0	15.0	NaN	NaN
3.0	1.0	1.6091952941176473	0.00659485560480131
3.0	2.0	1.5916976470588238	0.1749282601093201
3.0	3.0	1.60964578313253	0.0075289409290663556
3.0	4.0	1.612562195121951	0.008806025437780664
3.0	5.0	1.6161234567901235	0.012718178639303445
3.0	6.0	1.5941558441558443	0.18447042730725913
3.0	7.0	1.5946875	0.19093695880032102
3.0	8.0	1.6196984615384613	0.01480618000519222
3.0	9.0	1.563888679245283	0.31312904237241906
3.0	10.0	1.6315756097560974	0.023283865448930564
3.0	11.0	1.634159090909091	0.01890199432891645
3.0	12.0	1.64155	0.029131076454271553
3.0	13.0	1.6432250000000002	0.018233857831752753
3.0	14.0	1.6273	0.003649657518178913
3.0	15.0	NaN	NaN
4.0	1.0	1.6096333333333335	0.00761005913249035
4.0	2.0	1.6120675000000002	0.009399404438445468
4.0	3.0	1.6136287499999997	0.015203249101025999
4.0	4.0	1.6115415584415589	0.008468926960075415
4.0	5.0	1.61636	0.013560853835830418
4.0	6.0	1.5727585714285717	0.2721383149460908
4.0	7.0	1.6195719298245614	0.012515629577023804
4.0	8.0	1.6226411764705886	0.01746971295093985
4.0	9.0	1.5832973684210527	0.26474689951668634
4.0	10.0	1.5203	0.41355130691158004
4.0	11.0	1.5370375000000003	0.41082558647192363
4.0	12.0	1.63259	0.017829404551657574
4.0	13.0	1.6575	0.02431272447564389
4.0	14.0	NaN	NaN
5.0	1.0	1.6097319999999997	0.0079019867498367
5.0	2.0	1.6110213333333336	0.007397229089206193
5.0	3.0	1.6127432432432434	0.009196620598522755
5.0	4.0	1.614376056338028	0.010850404400478516
5.0	5.0	1.5926794117647058	0.19634277942538308
5.0	6.0	1.6189936507936507	0.015415219469584043
5.0	7.0	1.5619673076923075	0.3157453650917509
5.0	8.0	1.4915583333333333	0.4563117533159602
5.0	9.0	1.6381095238095238	0.02794472946302941
5.0	10.0	1.4880000000000002	0.4937206943201794
5.0	11.0	1.6285500000000002	0.017356362906246644
5.0	12.0	1.0886666666666667	0.9429680500066443
5.0	13.0	NaN	NaN
5.0	14.0	NaN	NaN
5.0	15.0	NaN	NaN
5.0	16.0	NaN	NaN
6.0	1.0	1.609731884057971	0.007512430732843507
6.0	2.0	1.6121144927536233	0.009680244821927116
6.0	3.0	1.5906911764705882	0.1962490937218691
6.0	4.0	1.5885492063492062	0.20360520453533623
6.0	5.0	1.6179534482758622	0.012898051199421242
6.0	6.0	1.622051923076923	0.012825839274371314
6.0	7.0	1.6251829268292686	0.018197690821077077
6.0	8.0	1.5636769230769227	0.3192519447805351
6.0	9.0	1.6312388888888887	0.01929672751557778
6.0	10.0	1.62642	0.010976520395826701
6.0	11.0	1.6289333333333333	0.01848541767628383
6.0	12.0	1.6313499999999999	0.00944475162899121
6.0	13.0	NaN	NaN
6.0	14.0	NaN	NaN
6.0	15.0	NaN	NaN
7.0	1.0	1.6105016949152542	0.010332798324542262
7.0	2.0	1.6133948275862071	0.009897411010289204
7.0	3.0	1.6146236363636361	0.012717470684301214
7.0	4.0	1.5879211538461537	0.22499793579579352
7.0	5.0	1.6179222222222218	0.012048536102872502
7.0	6.0	1.58111	0.25669128699765564
7.0	7.0	1.6316999999999997	0.020116815105776547
7.0	8.0	1.5542349999999998	0.3666186707781778
7.0	9.0	1.4891636363636365	0.4943274507302367
7.0	10.0	1.62896	0.018807525089708114
7.0	11.0	1.6342999999999999	0.044058937799270684
7.0	12.0	1.63005	0.013505739520662982
7.0	13.0	NaN	NaN
8.0	1.0	1.6118604166666666	0.008410776764374496
8.0	2.0	1.579366666666667	0.23299943231903572
8.0	3.0	1.619067391304348	0.018623593809380928
8.0	4.0	1.6189	0.011243887228178685
8.0	5.0	1.6210297297297296	0.01168828627455864
8.0	6.0	1.6322206896551725	0.025599349591491353
8.0	7.0	1.6276047619047618	0.011193412178173217
8.0	8.0	1.52805	0.4403032831513367
8.0	9.0	1.6327500000000001	0.006216376221990826
8.0	10.0	NaN	NaN
8.0	11.0	NaN	NaN
8.0	12.0	NaN	NaN
8.0	13.0	NaN	NaN
9.0	1.0	1.6161324324324324	0.01334599511410015
9.0	2.0	1.5708333333333333	0.2694954004378235
9.0	3.0	1.5708484848484852	0.28235076049261426
9.0	4.0	1.5670137931034487	0.30193751094761545
9.0	5.0	1.565508333333333	0.334184724908723
9.0	6.0	1.6273384615384616	0.01490148418008192
9.0	7.0	1.30275	0.6866999785609109
9.0	8.0	1.6432333333333335	0.011797739896550787
9.0	9.0	NaN	NaN
10.0	1.0	1.6156041666666667	0.011210378699210407
10.0	2.0	1.6236125	0.02181093288876616
10.0	3.0	1.545452380952381	0.3543849878579053
10.0	4.0	1.6197933333333334	0.01834208535685339
10.0	5.0	1.6334272727272725	0.02739062215098778
10.0	6.0	1.6227166666666666	0.01420864760160746
10.0	7.0	1.62148	0.01977971182803231
10.0	8.0	1.6139666666666665	0.0035004761580866356
10.0	9.0	1.6657666666666664	0.011873219164713992
11.0	1.0	1.6141454545454543	0.011342518559505495
11.0	2.0	1.6145818181818183	0.009785378703128289
11.0	3.0	1.4704181818181816	0.48777553816931374
11.0	4.0	1.6160375	0.007546605197040615
11.0	5.0	1.6179857142857141	0.004272559175103542
11.0	6.0	1.6281714285714288	0.024843021440350506
11.0	7.0	1.6324999999999998	0.017237555897903097
11.0	8.0	NaN	NaN
11.0	9.0	NaN	NaN
12.0	1.0	1.6174000000000002	0.010663690060869434
12.0	2.0	1.6187625	0.012392617329915161
12.0	3.0	1.6189333333333336	0.005942277902174098
12.0	4.0	1.61828	0.019099136106117517
12.0	5.0	1.634575	0.0057040190509265575
12.0	6.0	NaN	NaN
13.0	1.0	1.6177	0.012510635475466521
13.0	2.0	1.6390166666666668	0.029372600611227206
13.0	3.0	1.6436666666666666	0.034795449894107315
13.0	4.0	NaN	NaN
14.0	1.0	NaN	NaN
14.0	2.0	NaN	NaN
14.0	3.0	NaN	NaN
14.0	4.0	NaN	NaN
