# HEALTH SPAN IN LINEAGE
# original file "wt_unlimCap_noRe_3gen.txt" 
# four measures for health with tau and eta: 
# product, weighted sum 0.1-0.9, 0.5-0.5, 0.9-0.1 
# mother	daughter	health	healthStd
0.0	0.0	0.3784170137654763	0.04603662253832104	0.6568321380801255	0.037005185273385324	0.6162819025218397	0.03635223061600125	0.5757316669635537	0.03581568989518006
0.0	1.0	0.4743432777649498	0.044140375408783246	0.7383049274340074	0.031014903923288147	0.6906372892238657	0.03207818581490805	0.642969651013724	0.033372147957208206
0.0	2.0	0.45882310244346797	0.05475201834772568	0.7247344574458808	0.03679264504171421	0.6787516523087692	0.04007148726392357	0.6327688471716574	0.04346431298590408
0.0	3.0	0.4144783256211643	0.05269949083665212	0.6904416221807663	0.04329351183027353	0.645141386778284	0.040814190317171074	0.5998411513758015	0.03857956740664085
0.0	4.0	0.417425771348589	0.06039947304077105	0.6913546301931186	0.04820914874621639	0.6469030210954634	0.047589156851153655	0.6024514119978083	0.04709083777662589
0.0	5.0	0.4119875855948699	0.057056952404257864	0.6860690203932082	0.04473083825977456	0.6427777673398832	0.044257908077854194	0.5994865142865582	0.04394566492144386
0.0	6.0	0.3493666996193616	0.06081037727502412	0.631246081371059	0.05767071188565459	0.5911943318192195	0.05187217047167466	0.5511425822673802	0.04625743725966197
0.0	7.0	0.32683423423995406	0.08520116304035426	0.6057278162521075	0.09075840522996116	0.5687858625837892	0.07937185225858955	0.531843908915471	0.06838518829010842
0.0	8.0	0.2592768413743961	0.13196027986508713	0.504941233326535	0.20709984505353973	0.4911774731039812	0.15682104202915995	0.47741371288142753	0.10827079172124084
0.0	9.0	0.29834149950255007	0.05382153565299832	0.5800273871374771	0.05456587829103698	0.5458800814305312	0.05025306558350971	0.5117327757235854	0.04603405725663989
0.0	10.0	0.24220701528798722	0.09702813382530617	0.5057840243142011	0.12663352162338629	0.48407885172973564	0.10376678743432227	0.4623736791452703	0.08176268534177876
0.0	11.0	0.16706445166690478	0.09625525682537349	0.3960640596232498	0.15581423017218765	0.3925651960754321	0.12791385132222505	0.38906633252761474	0.10005708520740274
0.0	12.0	0.122700915196244	0.16910791314935783	0.25196270945722854	0.29538319964789556	0.2855711230437184	0.23806917335310943	0.31917953663020826	0.18091921910254613
0.0	13.0	0.26808888664241415	0.05984461258182537	0.5434443536948744	0.06829220695660386	0.5172217684743721	0.05861832230840019	0.49099918325386976	0.04894443766019659
0.0	14.0	0.19212263111702282	0.04457453709058734	0.44743961806520505	0.06687632038805899	0.43719809032602497	0.051538889465676016	0.426956562586845	0.03620145854329305
0.0	15.0	0.0564771312579461	0.07987072498891283	0.17904180537678954	0.2189831543096563	0.22854236021728105	0.15210672996621813	0.2780429150577726	0.08523030562278004
0.0	16.0	NaN	NaN	NaN	NaN	NaN	NaN	NaN	NaN
1.0	1.0	0.493036898473264	0.04850364931382353	0.7510187985216709	0.03402931609592405	0.7037946419622272	0.035000933656112176	0.6565704854027836	0.03631728535344676
1.0	2.0	0.4836207874059348	0.04509912700965469	0.7435056872605869	0.031113475772585067	0.6971110878853853	0.0323647538445148	0.6507164885101842	0.03393313282231264
1.0	3.0	0.47619129197899424	0.05488357866404281	0.7376445885700327	0.04011746983036812	0.6913377242881507	0.04044234225614578	0.6450308600062686	0.04121553833972579
1.0	4.0	0.46331186226123744	0.06095772411130869	0.7265792629059493	0.04489695025737728	0.6815370666212418	0.04509091589021051	0.6364948703365345	0.04568071976842334
1.0	5.0	0.4431876767603964	0.06758370076605913	0.709816599659704	0.06453444075948607	0.6655340556802296	0.05874779834843361	0.621251511700755	0.053638173791185316
1.0	6.0	0.42372337064306304	0.07335442259089406	0.692439632483522	0.081607503195197	0.6495082796496551	0.07102459904454819	0.6065769268157877	0.061377301153811216
1.0	7.0	0.41387216498107093	0.07478380371470696	0.6851048065299912	0.06561955333290083	0.6426233729551566	0.06179838594628017	0.6001419393803218	0.05840077169439621
1.0	8.0	0.39549507848187765	0.07837413212436531	0.6673228869244399	0.08668201910125574	0.626681731337033	0.07529420235468365	0.586040575749626	0.0646718944106519
1.0	9.0	0.3548824119025369	0.1001891635061905	0.6253234722703305	0.11748857284402676	0.589336821038524	0.10085609353311405	0.5533501698067171	0.08477229252656764
1.0	10.0	0.3151180713625285	0.1302591664391085	0.5705145883697232	0.1814994091604753	0.5447908246211728	0.14702636780676084	0.5190670608726223	0.1139149720063025
1.0	11.0	0.306438575796986	0.12740305464715113	0.560670537837405	0.1806303042281105	0.5372649002555684	0.1449918316787537	0.5138592626737315	0.11064074225909333
1.0	12.0	0.27635652885713813	0.12658815020243522	0.5280548056977485	0.17931930632912652	0.507613980203695	0.14627090374171536	0.48717315470964145	0.11405397624926254
1.0	13.0	0.2572228937437623	0.16023975692467343	0.48133940994862684	0.24100403214919322	0.47473695555946616	0.19134833192061365	0.46813450117030575	0.14376064213097822
1.0	14.0	0.24720950094983993	0.1420178162051339	0.478708249022713	0.21989217511276948	0.4686096261520953	0.1768238771163723	0.4585110032814776	0.13458439584277382
1.0	15.0	0.25175859010655355	0.12464978547275388	0.4965680225465546	0.18998795592517323	0.48104626388010024	0.1529922793010527	0.4655245052136459	0.11667851857320712
1.0	16.0	0.2154938150213423	0.14270401581515765	0.43439292316728945	0.22734492051314764	0.4360761179871648	0.17494367898686833	0.43775931280704	0.12463023516432441
1.0	17.0	0.1985201305002576	0.14115382627667042	0.41037770575069826	0.22385036361365634	0.4133688784691348	0.178729426396327	0.4163600511875715	0.13474585705644676
1.0	18.0	0.17465469412609524	0.15359028091255916	0.3567462757837768	0.26266093893391734	0.37410367329117844	0.2049909434844334	0.39146107079858	0.14813239387985683
1.0	19.0	0.23517483055401667	0.13237765223945894	0.4749373822909516	0.19329569132614616	0.46565784528283466	0.151641107470749	0.45637830827471787	0.11223775377080783
1.0	20.0	0.18367361796560747	0.13710453289675456	0.3840435654206832	0.24585216870713894	0.39164639853198724	0.19327848215042884	0.3992492316432913	0.1412920592871927
1.0	21.0	0.16621515536738257	0.13414835364106378	0.36357487927067633	0.23228926058306734	0.3750579535369387	0.18197814427928277	0.3865410278032011	0.13258359887958857
1.0	22.0	0.13699879322776734	0.12269804765679584	0.31452861854155945	0.24313151280932524	0.3313732514379558	0.19279123907119727	0.34821788433435225	0.14266723523384364
1.0	23.0	0.17188825965396048	0.20040071973753348	0.3235558922128611	0.34811152761234854	0.35111279439763876	0.27400875405732716	0.37866969658241656	0.2002513266253035
1.0	24.0	0.273313668829973	0.07143642599920486	0.5505140572501139	0.07913084872383847	0.5218010554813386	0.06929726768693947	0.49308805371256326	0.0594636866500404
1.0	25.0	0.14117013269580173	0.12099578141125295	0.3515760058139013	0.2033206469752445	0.35788002906950644	0.1680750974523656	0.36418405232511153	0.13282954792948662
1.0	26.0	0.04090587515909076	0.05784964343072684	0.1413143918331699	0.16462903678955326	0.20657195916584947	0.11603840276121873	0.2718295264985291	0.06744776873288423
1.0	27.0	NaN	NaN	NaN	NaN	NaN	NaN	NaN	NaN
2.0	1.0	0.4801012559413772	0.05521054181816134	0.7411611882178339	0.04067784187501656	0.6941964252414867	0.040879205761032086	0.6472316622651396	0.041374992288466785
2.0	2.0	0.480355372276536	0.0644392843533687	0.7396195812983958	0.04574844342522092	0.6938816246223888	0.04689404187077344	0.6481436679463812	0.04840369082446001
2.0	3.0	0.4654603798511675	0.0704836069931646	0.7270066872748261	0.05988702780783315	0.6822058612509224	0.05727585909531167	0.6374050352270186	0.055278001407246105
2.0	4.0	0.4531481767468763	0.06627240042690938	0.7188202192088144	0.054234744788573756	0.6735799773858799	0.05199381788312838	0.6283397355629454	0.05024090864300027
2.0	5.0	0.43901556112162415	0.07638766692515864	0.705143757690592	0.07476021000232067	0.6615306039179725	0.06738619350090938	0.6179174501453532	0.0606050971921075
2.0	6.0	0.4185396930085377	0.08054571871043661	0.6877744984357315	0.08003443695151545	0.6453067455550695	0.07183790179836949	0.602838992674408	0.06442458888190204
2.0	7.0	0.4050761902603845	0.09072680778865579	0.6723294245994424	0.10499768233692923	0.6328156767635386	0.08801761336645168	0.5933019289276347	0.07262482728377963
2.0	8.0	0.3876835533542369	0.11093474315348756	0.6502010167502785	0.13796058283793036	0.6143724720477752	0.11531079834450997	0.5785439273452723	0.09373502812880828
2.0	9.0	0.36100337553588735	0.11201728208383456	0.6245412025101406	0.14835235226796495	0.5909802626421562	0.12194572949591366	0.5574193227741718	0.096586014453579
2.0	10.0	0.34077659660541415	0.10361481191074715	0.6100230967353567	0.1238817674077625	0.5763113932076712	0.1055730497198753	0.542599689679986	0.08804573323431085
2.0	11.0	0.30219214529300664	0.1173238822784698	0.56239250774047	0.16271093203705234	0.5364407003021558	0.13168074302981236	0.5104888928638418	0.10196298541492653
2.0	12.0	0.27170288292086453	0.13456677957113092	0.516853490899054	0.19614524878154052	0.5008015213330462	0.15600906882663057	0.4847495517670384	0.11748666360790896
2.0	13.0	0.2516405965273494	0.15270722331193762	0.4801781053952627	0.22581156793085336	0.4708331456925254	0.18321137734550216	0.4614881859897882	0.14181720313223412
2.0	14.0	0.24078155004059948	0.15118595004480923	0.4638233233616192	0.23386785351064499	0.46030716949996575	0.18358938521899942	0.45679101563831237	0.13521215595471164
2.0	15.0	0.20873168200879372	0.15388480039545882	0.41433435285360115	0.2485336172626774	0.4214002237585653	0.19285290606856254	0.4284660946635294	0.13955804193172883
2.0	16.0	0.20679254174120493	0.1471920656858527	0.4225302693665013	0.2224089317073576	0.4239057619330751	0.17723054412683373	0.42528125449964893	0.13401937563127594
2.0	17.0	0.21559484469202714	0.15804801557028705	0.4201273254643273	0.2595848820219762	0.4262607973902512	0.20192689690117155	0.43239426931617514	0.14567583840505155
2.0	18.0	0.2245342734039888	0.16212712452473224	0.436461547431014	0.25147605309451404	0.43966924038613875	0.19572608134391958	0.44287693334126355	0.14254393477238456
2.0	19.0	0.25184087407635775	0.14410102626038188	0.49081229066132187	0.2013908671718913	0.48073359069303245	0.1600834496462929	0.4706548907247429	0.12122145501535123
2.0	20.0	0.19492436808836544	0.1510193721717516	0.39221862279867686	0.2651722095083303	0.404255507155777	0.20227819126280652	0.4162923915128773	0.14104332487643523
2.0	21.0	0.2168404815608479	0.10111084078837464	0.46669965856963735	0.1476551514964058	0.4533562127061064	0.11973189952704927	0.44001276684257556	0.09238027352750786
2.0	22.0	0.17817127514826553	0.12708720046621372	0.3949273826308585	0.20777700913443742	0.3978511988685784	0.1619773185361777	0.40077501510629815	0.1173688878452201
2.0	23.0	0.14874550136118111	0.11391639403292032	0.3502387770549984	0.20051356470672635	0.3602847943659009	0.15993433788709122	0.3703308116768034	0.11982815161513638
2.0	24.0	0.13281417773486384	0.156786223285457	0.28237500052338577	0.3035221081136209	0.31187500261692874	0.23727511303786603	0.34137500471047183	0.17189268261926177
2.0	25.0	0.21532323981351734	0.22538719379794708	0.4320898106421445	0.31694590302596437	0.4271157198773892	0.2647968569149333	0.422141629112634	0.2126478108039023
2.0	26.0	0.15338457293409766	0.21691854330220606	0.3060093236902944	0.403218969006774	0.3300466184514717	0.3190385701861558	0.35408391321264904	0.23485817136553755
2.0	27.0	NaN	NaN	NaN	NaN	NaN	NaN	NaN	NaN
2.0	28.0	NaN	NaN	NaN	NaN	NaN	NaN	NaN	NaN
2.0	29.0	NaN	NaN	NaN	NaN	NaN	NaN	NaN	NaN
2.0	30.0	NaN	NaN	NaN	NaN	NaN	NaN	NaN	NaN
2.0	31.0	NaN	NaN	NaN	NaN	NaN	NaN	NaN	NaN
2.0	32.0	NaN	NaN	NaN	NaN	NaN	NaN	NaN	NaN
2.0	33.0	NaN	NaN	NaN	NaN	NaN	NaN	NaN	NaN
3.0	1.0	0.47691510960467803	0.07161737907868183	0.7364094727452268	0.0573404221311445	0.6907320833229543	0.055958016910398554	0.6450546939006824	0.05503414301359061
3.0	2.0	0.4640710169544385	0.07004834495245252	0.7250214629903737	0.07662792284336464	0.6804231713722614	0.06692553292098939	0.6358248797541493	0.05827479317458456
3.0	3.0	0.45430303907115205	0.07392614904378944	0.7181834271319095	0.06415241024037376	0.6736732964748778	0.06059583172048667	0.6291631658178461	0.05771127087816489
3.0	4.0	0.4319002925824004	0.07993606200744527	0.6985786091323699	0.09073101242854649	0.6550205082960987	0.07862046848789736	0.6114624074598275	0.06738733401598393
3.0	5.0	0.42722812960117057	0.08342180212021348	0.6939923438967879	0.08922492667757993	0.6513524668503136	0.07829001121178755	0.6087125898038394	0.06816653708810251
3.0	6.0	0.4116141932337982	0.09419954223206978	0.6753761547832602	0.12229213931567753	0.6364103469983224	0.09989593112134351	0.597444539213385	0.07875212021326232
3.0	7.0	0.39795647891358715	0.08847517612844444	0.6684346192493339	0.09465366425873807	0.627647996749324	0.08346928018946191	0.5868613742493141	0.07317693612941491
3.0	8.0	0.37688119944221976	0.08908812325243125	0.6481480844424469	0.10086136824314039	0.6098689302059067	0.08748727209286268	0.5715897759693668	0.07480989309341284
3.0	9.0	0.355016909974693	0.10111688600012707	0.6247225534887197	0.11689448387264	0.5894381008168066	0.10057232286367457	0.5541536481448932	0.08492576977522058
3.0	10.0	0.3217491757066505	0.11992464407697276	0.5819505669509812	0.16174998385815673	0.5537428622572248	0.1337490517068472	0.5255351575634686	0.10665792025829776
3.0	11.0	0.28694553991877203	0.1328093039646162	0.5343694204939137	0.19632669431646577	0.5152713682649991	0.15751747927702034	0.4961733160360845	0.11992812270517654
3.0	12.0	0.2640972516896313	0.11524521269549459	0.5186231832877823	0.16417534950090584	0.4991759129049036	0.13226192667687658	0.47972864252202463	0.10169146301920719
3.0	13.0	0.22480205366637182	0.1449395548793638	0.44589363872211235	0.2273105764688032	0.4437306060075508	0.17948325708242793	0.4415675732929895	0.13344114400715093
3.0	14.0	0.2043192068917534	0.12812189112904174	0.4288557259571517	0.20268069918245574	0.4264443344514633	0.16073236452291292	0.4240329429457748	0.12002213850642274
3.0	15.0	0.1726297949535539	0.1428914985902935	0.36134744776989847	0.24840477709049247	0.377218448461136	0.191618549395572	0.3930894491523739	0.13609198260170277
3.0	16.0	0.2050641443452449	0.15071888898216165	0.4107249304896145	0.2476290510085364	0.4165455814216327	0.1941382579190388	0.4223662323536511	0.14300386570223267
3.0	17.0	0.19146293847006646	0.14569737700982557	0.39208334322741983	0.24345404510148935	0.4006895745917758	0.19202350709700566	0.40929580595613185	0.14166352274821925
3.0	18.0	0.15954993344745538	0.14020359082593115	0.35062047811080743	0.2258596789857659	0.36892872108624997	0.17404798827630802	0.38723696406169256	0.1255177374287025
3.0	19.0	0.13787720260780728	0.1859267372559646	0.2731223819187166	0.2858733992240874	0.313760057741731	0.22750423144918552	0.3543977335647454	0.17140286804373653
3.0	20.0	0.17881369258417368	0.18751890640299623	0.36307341047992653	0.26751875372920736	0.37647816351074387	0.22021124829917224	0.3898829165415612	0.17351615261151312
3.0	21.0	0.18598511346248056	0.22265304792284363	0.33704185540590714	0.36818603836456737	0.3579365497568083	0.2944172981439239	0.37883124410770946	0.22097823482996024
3.0	22.0	0.3779373748264143	0.06499902598861229	0.6554813013827488	0.05637779582760969	0.6156418010313909	0.05311913816592991	0.5758023006800331	0.04986048050425013
3.0	23.0	0.36198399423708294	0.022299265904224187	0.64189772132813	0.020880965252673783	0.6034280005800438	0.0186949133922724	0.5649582798319577	0.016508861531870863
3.0	24.0	0.2950670193453415	0.1785447125405027	0.5600428013628975	0.19083103526574427	0.5313064437892774	0.16980143585288707	0.5025700862156572	0.14877183644002967
3.0	25.0	0.35070839694888484	0.07607395250197656	0.6287023504766911	0.07467396439674513	0.5922297011014044	0.0651437891588205	0.5557570517261177	0.05561361392089596
3.0	26.0	0.25887961994728914	0.16893713054692433	0.5157149530371228	0.1994542865349101	0.49524143185228076	0.17231352129024513	0.4747679106674387	0.1451727560455802
3.0	27.0	0.18758977211911812	0.26529199989333513	0.3429937590048727	0.4430493115978376	0.3816354616910304	0.32962847482506136	0.4202771643771881	0.21620763805228516
3.0	28.0	NaN	NaN	NaN	NaN	NaN	NaN	NaN	NaN
3.0	29.0	NaN	NaN	NaN	NaN	NaN	NaN	NaN	NaN
3.0	30.0	NaN	NaN	NaN	NaN	NaN	NaN	NaN	NaN
3.0	31.0	NaN	NaN	NaN	NaN	NaN	NaN	NaN	NaN
3.0	32.0	NaN	NaN	NaN	NaN	NaN	NaN	NaN	NaN
3.0	33.0	NaN	NaN	NaN	NaN	NaN	NaN	NaN	NaN
3.0	34.0	NaN	NaN	NaN	NaN	NaN	NaN	NaN	NaN
3.0	35.0	NaN	NaN	NaN	NaN	NaN	NaN	NaN	NaN
4.0	1.0	0.4750839137936961	0.06923194378295942	0.7338284373500229	0.06632412888119359	0.6889483242347741	0.06100465896488726	0.6440682111195255	0.056446048798515495
4.0	2.0	0.45869069732372314	0.0660234496929318	0.7233594115602926	0.05526808457107343	0.6776579014609247	0.05295421843286565	0.6319563913615568	0.05113389145919637
4.0	3.0	0.44308313978356995	0.07667279983516724	0.708598757361451	0.07584614329689084	0.6645388988486282	0.0684528865413535	0.6204790403358049	0.061672207166779174
4.0	4.0	0.4249269875605524	0.08067143973578876	0.6929103331354372	0.0812581369915312	0.6502170940747479	0.072300962666054	0.6075238550140593	0.06402470527038295
4.0	5.0	0.42021292861139115	0.08382282085908589	0.6872078199480575	0.09647874883120718	0.6452982025745914	0.08339967849958793	0.6033885852011256	0.07109158039633356
4.0	6.0	0.4039132276246116	0.06874818678111747	0.6764179892399991	0.07786827316474071	0.6345022082137489	0.06634348259619505	0.5925864271874987	0.0558995879522387
4.0	7.0	0.3712428687837991	0.08579836838608719	0.6453646942625828	0.0850648789841651	0.6065714345521229	0.07658023415936917	0.5677781748416633	0.06844608460396259
4.0	8.0	0.3401593944125902	0.12732264705036617	0.5998333960443275	0.16102581858940027	0.5700700830351131	0.13423284572783262	0.5403067700258984	0.10856058558071588
4.0	9.0	0.3079256883797269	0.11813772657130404	0.5682507509580774	0.16384124561291025	0.5413208025885274	0.13340698161489412	0.5143908542189775	0.10399556630360683
4.0	10.0	0.2838566512799079	0.12811120469157883	0.5353188946406663	0.18585328040043372	0.5150178932184659	0.14809958424748743	0.49471689179626543	0.11177856943550185
4.0	11.0	0.24125127112703496	0.14477210554232445	0.4710884672680679	0.22019491224725582	0.46298999900427956	0.17528986675406616	0.4548915307404912	0.13165703437491696
4.0	12.0	0.21551139521887866	0.14294735875321235	0.4302063736171989	0.24166775140258795	0.43096765701832307	0.18729275480899266	0.4317289404194474	0.13404537276983852
4.0	13.0	0.2333292349654188	0.13894121098910742	0.4653148946113653	0.210347665519324	0.455733092215446	0.1705125548638634	0.44615128981952656	0.13208495691880165
4.0	14.0	0.21933808822630865	0.13843622448247592	0.44153652910284125	0.2270054230877433	0.4395368346854686	0.1764590320502865	0.43753714026809587	0.1276301262361353
4.0	15.0	0.21863989031635714	0.1343788245514273	0.44370631277427713	0.2189307888180136	0.4380457414500791	0.17551081569465007	0.4323851701258812	0.13285831610682508
4.0	16.0	0.19846228125637141	0.13879386150141979	0.411200853268912	0.22532309267226047	0.4121370224773157	0.18165904030492147	0.4130731916857195	0.1387836147108202
4.0	17.0	0.1786502634181371	0.13238082159441344	0.38065368523407256	0.23640564573105116	0.39115480879358744	0.1801974488366149	0.40165593235310243	0.12542450605532499
4.0	18.0	0.17824981472051363	0.15289986253449656	0.3661880693434375	0.2594734353394483	0.3827544056741038	0.20116068497868894	0.39932074200477	0.14506913956540932
4.0	19.0	0.1657881652749579	0.108481769956198	0.3767075525057641	0.20220754377408715	0.3895695085605665	0.14555929919127894	0.402431464615369	0.09107475428424171
4.0	20.0	0.10303730703227289	0.11489843811928473	0.2536416444070271	0.2233200386580307	0.2880494918764053	0.17227089158051379	0.3224573393457834	0.12414340237175804
4.0	21.0	0.17235495092559158	0.15282910860595889	0.3635322851775771	0.29081156918835227	0.38908999731645705	0.2088095808765914	0.4146477094553371	0.12740106804210002
4.0	22.0	0.12413292668324813	0.07217353197240559	0.34041303681684876	0.12186790734900925	0.34492232694138664	0.10426326446894098	0.3494316170659245	0.08665862158887264
4.0	23.0	NaN	NaN	NaN	NaN	NaN	NaN	NaN	NaN
4.0	24.0	NaN	NaN	NaN	NaN	NaN	NaN	NaN	NaN
5.0	1.0	0.4580944893152919	0.06104683233135581	0.7236398644643767	0.05050424910393117	0.6776273549247209	0.047760979307730995	0.6316148453850656	0.04539714278992871
5.0	2.0	0.4431070554780446	0.08635174424124853	0.7061293728886456	0.09510665446495861	0.663066776271379	0.08227382758588213	0.6200041796541126	0.070455639681918
5.0	3.0	0.4358364261166219	0.09330663592426161	0.6990142509517914	0.10137360273734838	0.6569714925027172	0.08694369175096253	0.6149287340536429	0.07414925353555718
5.0	4.0	0.4133100651521289	0.09594160378423139	0.6774028538380076	0.1224696416294741	0.6378019397744132	0.1001303695778475	0.5982010257108187	0.07941869905513457
5.0	5.0	0.41504359906571847	0.0740776520813325	0.6862020519530757	0.07166329174167735	0.6433097311280512	0.06502733331991842	0.6004174103030272	0.05896509475254944
5.0	6.0	0.38795672128743414	0.0768292975990075	0.6621946307594105	0.07512096213609873	0.6214007135155791	0.06766971621058682	0.5806067962717476	0.06058441752581084
5.0	7.0	0.35518360915824687	0.09549691098209523	0.6257376327645702	0.11908493588105269	0.5899688851654923	0.09957983694985428	0.5542001375664141	0.08102340793648632
5.0	8.0	0.33706382781007665	0.10605976915969047	0.604125736084058	0.13378841298446043	0.5718238611495375	0.11251622891439013	0.5395219862150172	0.09214923894406161
5.0	9.0	0.2965270083972169	0.12246465213652934	0.5539986864788692	0.16561414631014854	0.5301343925593532	0.13495809406379958	0.506270098639837	0.10558481459004221
5.0	10.0	0.24895266408650488	0.14742727583980278	0.4775243597829414	0.22632853514191395	0.469383001138988	0.18052910848140813	0.4612416424950346	0.13599897296093252
5.0	11.0	0.23228840968746858	0.14857782748809428	0.45408319883626796	0.23340460240721286	0.4496559984987434	0.185532234351115	0.4452287981612189	0.13904803700736762
5.0	12.0	0.21836142479326737	0.15169950480540884	0.4295460888623576	0.2456887087023545	0.4303607900760077	0.1950748912394262	0.4311754912896578	0.1458622078162489
5.0	13.0	0.21760764286235018	0.14194551994710955	0.438285418092766	0.22722891738659412	0.43621448066011553	0.17880273426838025	0.4341435432274651	0.13180046261710462
5.0	14.0	0.22357235254839808	0.14311783013391877	0.44617065077689877	0.22639348574573928	0.44492126472669835	0.17577734027133782	0.443671878676498	0.127294240686618
5.0	15.0	0.21675333876461927	0.15153189887076432	0.4283957183565679	0.24427803263719405	0.43089190069614863	0.19210411146365358	0.43338808303572934	0.14111343944617097
5.0	16.0	0.19136831825969297	0.14545293725614947	0.3964692367607322	0.23929759341357537	0.4064334853909627	0.18240362043529265	0.4163977340211932	0.12799409663151987
5.0	17.0	0.1948905340418359	0.13064341218625458	0.4198967481286337	0.1994634448517007	0.41743245859188643	0.1586002377447238	0.41496816905513934	0.11867887174148145
5.0	18.0	0.1688609494979888	0.17541080457311525	0.33075523976010185	0.30105862412487744	0.3602333779849611	0.22978994194438784	0.3897115162098205	0.16001390452286846
5.0	19.0	0.2603412567927656	0.1578037236653046	0.4928516751437743	0.25178263782482563	0.47907319053368647	0.20301536221358252	0.4652947059235986	0.15485723254514372
5.0	20.0	0.26197999625522583	0.18166139536282794	0.4899159321468901	0.238593602353359	0.48180188295667303	0.19962735106644494	0.47368783376645596	0.16082578020537758
5.0	21.0	0.21810113322264557	0.14634675847424503	0.43975870149996893	0.27385309570396704	0.443237951944289	0.19590664492907126	0.4467172023886091	0.11799269401711099
5.0	22.0	0.2755183328742763	0.08712878646919933	0.5488349046609399	0.09317044485850953	0.5219523010824768	0.08095225637455403	0.4950696975040138	0.06873454172931989
5.0	23.0	0.22930312382020826	0.05908521005447496	0.4956320330610233	0.08265661850709727	0.47681336395831514	0.06517697662161295	0.457994694855607	0.047863490258890175
5.0	24.0	0.14324910019340878	0.13651889866859349	0.3260583923677616	0.2672555799203604	0.35621788776473373	0.19017180817966184	0.38637738316170606	0.11428345513973136
5.0	25.0	0.155938492350707	0.10150019367840099	0.3771044001810376	0.16749605079265523	0.3855220009051879	0.13037347277672845	0.39393960162933817	0.0932508947608016
5.0	26.0	NaN	NaN	NaN	NaN	NaN	NaN	NaN	NaN
5.0	27.0	NaN	NaN	NaN	NaN	NaN	NaN	NaN	NaN
6.0	1.0	0.4548570318632817	0.07491155664557687	0.7187472686232242	0.06921993271555789	0.6739202731244153	0.06321737333995063	0.6290932776256064	0.05808056257894477
6.0	2.0	0.446248966153062	0.07328737004940149	0.7106031245736087	0.07873651079637971	0.6673315555350449	0.06579226181918876	0.6240599864964813	0.055092493322911065
6.0	3.0	0.43771172742219056	0.05933769207209961	0.7070082391937735	0.0461391835878236	0.6624294808950756	0.04525638585767831	0.6178507225963781	0.04473064488342098
6.0	4.0	0.41800161525708174	0.07282213257429106	0.6888074068511828	0.06368140289653	0.646050482409068	0.05968858224701632	0.6032935579669532	0.056035003158288445
6.0	5.0	0.38083461410345715	0.09400778626794001	0.6515867984304456	0.10643969341527472	0.612563061145793	0.09199787670019555	0.57353932386114	0.07825648115253668
6.0	6.0	0.36188986378849974	0.12050433955837883	0.6230622350443292	0.1558269574413782	0.590334184113731	0.12873054281775465	0.5576061331831328	0.1029918091897843
6.0	7.0	0.3310452132408216	0.11990627148735265	0.5919586843921597	0.1637185427320488	0.5629637857449726	0.1318240034292325	0.5339688870977858	0.10126002182344193
6.0	8.0	0.31754498743022663	0.11800449846255556	0.5780057306022817	0.16160062678047174	0.5517402103854093	0.12813930926520986	0.5254746901685368	0.09679432285939407
6.0	9.0	0.27997885799766115	0.14033135218973053	0.5223707092682739	0.207900399191209	0.5058582369183731	0.16647888319421553	0.4893457645684724	0.12632866160396003
6.0	10.0	0.25104171750020743	0.13287634383622268	0.49125431069532755	0.20444152731171966	0.47943438429996993	0.15898076020973334	0.46761445790461253	0.11551867356886573
6.0	11.0	0.24184486757419374	0.130364585409965	0.48256657560607463	0.1873452736233147	0.46984489014106956	0.15363880452714174	0.45712320467606443	0.12071621933748002
6.0	12.0	0.1933666775434317	0.15294617519275183	0.3920439413971558	0.24709808845613812	0.4013554056686481	0.19427349504890296	0.4106668699401403	0.1429913341382847
6.0	13.0	0.19382684102815703	0.15215945418014853	0.3913043680634199	0.2518932306158877	0.4019143003314081	0.196510050054512	0.4125242325993964	0.1429337652316805
6.0	14.0	0.18398642559651057	0.1563266748323463	0.37608415296361414	0.25140295059513085	0.3865974383860486	0.20107134900527387	0.39711072380848306	0.1518444367480036
6.0	15.0	0.17341945334111689	0.14917408823087136	0.3676053199985472	0.23362122318090828	0.3820381440042796	0.18374275331562465	0.3964709680100122	0.1359870083809948
6.0	16.0	0.12034485518737316	0.12752167726398178	0.2886880858323665	0.21805916080687984	0.31690981691693415	0.16630060822395334	0.34513154800150214	0.11830776458990358
6.0	17.0	0.23024600037805018	0.16829207835066015	0.4453552131843732	0.27256592143798664	0.44647303561883556	0.2095390097270145	0.44759085805329796	0.14914433057238166
6.0	18.0	0.30572013676059523	0.025212125524252636	0.5890844695644984	0.027168754100952257	0.5542968066969514	0.02286537530640674	0.5195091438294042	0.018759616770719183
6.0	19.0	0.3057426227931719	0.1707949680986994	0.549227607858618	0.22950731131805086	0.5288220219770725	0.1940618508617387	0.5084164360955271	0.1587894324868503
6.0	20.0	0.21713462019968116	0.15914153938479278	0.43017226274253195	0.2808440655718171	0.42863909149043744	0.22324392455295114	0.427105920238343	0.16607362317705318
6.0	21.0	0.19324848227704372	0.1001256686708428	0.44174224487279834	0.1332522331446199	0.43093344658621396	0.11115031284051811	0.42012464829962953	0.08904859278713093
6.0	22.0	0.16446416975221215	0.18407767384422055	0.35824673439998583	0.25834067867986615	0.36901144977770706	0.2139885978751842	0.3797761651554283	0.16965101921221087
6.0	23.0	0.1337266470009833	0.18911803783946995	0.28681505580281547	0.3695715329996191	0.32296416790296606	0.2765092623613229	0.35911328000311676	0.18344699172302684
6.0	24.0	NaN	NaN	NaN	NaN	NaN	NaN	NaN	NaN
6.0	25.0	NaN	NaN	NaN	NaN	NaN	NaN	NaN	NaN
6.0	26.0	NaN	NaN	NaN	NaN	NaN	NaN	NaN	NaN
6.0	27.0	NaN	NaN	NaN	NaN	NaN	NaN	NaN	NaN
7.0	1.0	0.43677524414785457	0.065639840333358	0.7061726243806191	0.05507227311307356	0.6612459492203433	0.05244269212168501	0.6163192740600679	0.05022567794971134
7.0	2.0	0.42101955980576	0.08682929435698865	0.6895835177254878	0.08367992529895048	0.6467382775813885	0.07624017671296882	0.6038930374372893	0.06933369165709093
7.0	3.0	0.41198715546359127	0.09007023176742328	0.6806457345803043	0.08482624916480332	0.6394012306811715	0.07747067150992987	0.5981567267820389	0.07059402285554488
7.0	4.0	0.3961978530547702	0.10577637687025625	0.660832060332865	0.12308011757807334	0.6237278740013606	0.10177219568403185	0.5866236876698563	0.08242422275386571
7.0	5.0	0.3567115212621641	0.11716361926699294	0.620263010012889	0.14865097285940496	0.5866565294396616	0.12448653275845117	0.5530500488664344	0.10120621863011418
7.0	6.0	0.3241012193256551	0.12711158393054417	0.5813852405228275	0.1758425296862504	0.5543531268543108	0.14187690144820575	0.5273210131857942	0.1091790209619847
7.0	7.0	0.312967627473132	0.12519663509142312	0.5717730277974397	0.16413568633328066	0.5451911953679286	0.1357641749556351	0.5186093629384173	0.1083117946177745
7.0	8.0	0.2818322228271098	0.14538636070121755	0.5216098008213329	0.21490154655363	0.5065614681900625	0.1708578544928023	0.4915131355587922	0.12819610632066752
7.0	9.0	0.2624576997803932	0.14123089386780455	0.49879889251841053	0.21838922439684924	0.4859786479972905	0.17387665609241054	0.4731584034761707	0.1304682903287572
7.0	10.0	0.25353834841412765	0.1268107795880374	0.5007445289294943	0.1791470426038202	0.4849384763704034	0.1452384342944934	0.4691324238113122	0.11250261177477572
7.0	11.0	0.22490808135418447	0.14115111921849444	0.44567351941999644	0.23471121349353855	0.4453765312915789	0.1795381620635868	0.4450795431631613	0.12640009937151434
7.0	12.0	0.24799193033078012	0.16956019138546102	0.46695089605703305	0.24403608189434126	0.4646070300406484	0.19391377436352009	0.4622631640242636	0.14683279845037794
7.0	13.0	0.2489843802361457	0.1466492359239592	0.4785764847789371	0.2215375666496506	0.47414613172385794	0.17142935594085684	0.4697157786687787	0.12371191433723554
7.0	14.0	0.1851478935189691	0.13148175126627434	0.38983802818596136	0.23571445684846692	0.40199844373810956	0.17586352428176688	0.4141588592902578	0.11929622105263998
7.0	15.0	0.1906695667965306	0.1208978160034727	0.4141994305212889	0.1991048198932237	0.4160263923725264	0.15061673237616824	0.4178533542237639	0.10483377286349596
7.0	16.0	0.14398282381769237	0.12907870026407803	0.32732001564410906	0.2216421639293512	0.3449694865899538	0.17538626447625222	0.3626189575357985	0.13038265637636928
7.0	17.0	0.08787749988847271	0.10703414471786327	0.22645265573406706	0.20979367563967521	0.272263278670335	0.1552203894582126	0.31807390160660304	0.10389143480067883
7.0	18.0	0.11309937533034464	0.13217739703500855	0.2661768887470131	0.25210975064571023	0.3137415865922084	0.1784873823638254	0.36130628443740376	0.10868822716750438
7.0	19.0	0.13995216760787862	0.11658928675396674	0.3516170973711426	0.20203674325707	0.35808548685571295	0.16165557886149307	0.36455387634028336	0.12127441446591607
7.0	20.0	0.08020032456303705	0.11342038670377107	0.21297216556219312	0.2646389508601781	0.26486082781096554	0.19182390440241423	0.3167494900597379	0.11900885794465037
7.0	21.0	NaN	NaN	NaN	NaN	NaN	NaN	NaN	NaN
8.0	1.0	0.4224591104553582	0.0979735217490444	0.6870731693575145	0.10695878310900978	0.6461178999484749	0.09087349421406006	0.6051626305394354	0.0762080086712202
8.0	2.0	0.4127140588710402	0.1152757365391337	0.6715430478796152	0.14331335027200853	0.6344497134309482	0.11726622367896375	0.5973563789822812	0.0928216770901416
8.0	3.0	0.398808096695787	0.10405012522778519	0.6655392938868973	0.11306066377604213	0.6261478786347353	0.09861611003070771	0.5867564633825731	0.08516292949376876
8.0	4.0	0.37183954996282925	0.1184478465386723	0.6359590416578124	0.1394998790920697	0.6008925704048013	0.11742269662930978	0.5658260991517904	0.09668579320570805
8.0	5.0	0.3532693506514664	0.12938866679916375	0.6088027845052609	0.18015950252648646	0.5800235007002824	0.1438869440922401	0.5512442168953039	0.10941531043236662
8.0	6.0	0.33983323316881314	0.11712920220464748	0.6024861607488347	0.1518382643545852	0.5718971568670594	0.1253932051323954	0.5413081529852842	0.1004004520898666
8.0	7.0	0.3116312230017194	0.12978442281681526	0.5668088668582697	0.1791600070865624	0.5420141608230482	0.14523895193591388	0.517219454787827	0.11268758549090477
8.0	8.0	0.2755014653928398	0.1374827929817806	0.5225146766627162	0.1913646978149995	0.5045684897638393	0.15510990346410622	0.48662230286496255	0.1203749234688909
8.0	9.0	0.2420321010233732	0.1559811466245032	0.45890828230947356	0.2531240417499689	0.456942224944386	0.19730941864124996	0.45497616757929843	0.14273996480036386
8.0	10.0	0.25665418198489737	0.12707172733953143	0.5018355443670607	0.19185307724303338	0.4862771924130347	0.15349462263530958	0.47071884045900886	0.11644964835460972
8.0	11.0	0.22932920212050192	0.1218844097464747	0.4667806250167374	0.1945449586606865	0.456671382467329	0.15517321467522968	0.4465621399179207	0.1167122959310838
8.0	12.0	0.19125887570014286	0.1414129516583063	0.39922026320193127	0.22751038910687746	0.40515598682903287	0.1787746911113134	0.4110917104561345	0.13132957238520035
8.0	13.0	0.16830404108486793	0.14288203292492865	0.358856488322043	0.23957151044998107	0.3770023883301616	0.18279016640881934	0.39514828833828025	0.1288953615053291
8.0	14.0	0.18758667334203064	0.15935790580750553	0.3784296568475542	0.26038765962729166	0.3956661619771016	0.19962677597846842	0.41290266710664897	0.14166924346826487
8.0	15.0	0.19853441979616182	0.16301330986226223	0.3969158162393718	0.2615616556547583	0.40754130415908246	0.20355345443072595	0.418166792078793	0.14811614526441197
8.0	16.0	0.19063070619395556	0.16053812447657095	0.3828387232654161	0.27814873540184337	0.4002606357274331	0.20740405828141106	0.41768254818945016	0.13869542801402884
8.0	17.0	0.20771971704395834	0.1548523650132952	0.41962991678953504	0.2514499635031709	0.4223325904836231	0.19936005414335206	0.4250352641777111	0.1484183040990273
8.0	18.0	0.19796698182124195	0.19324245895310982	0.39692044020455797	0.26064897229088846	0.40636044278103134	0.2131581332362195	0.4158004453575047	0.1683140272466913
8.0	19.0	0.08979744831270153	0.09210247923425394	0.24774908594061995	0.19097744487996926	0.2887454297030996	0.13308509396429977	0.32974177346557926	0.0785946476452616
8.0	20.0	0.10913634237837948	0.1543420955392978	0.25902340418424585	0.33181853011420354	0.29511702092122927	0.24487908819792253	0.3312106376582127	0.15793964628164153
8.0	21.0	NaN	NaN	NaN	NaN	NaN	NaN	NaN	NaN
8.0	22.0	NaN	NaN	NaN	NaN	NaN	NaN	NaN	NaN
8.0	23.0	NaN	NaN	NaN	NaN	NaN	NaN	NaN	NaN
8.0	24.0	NaN	NaN	NaN	NaN	NaN	NaN	NaN	NaN
9.0	1.0	0.4188159875056021	0.08541247453660976	0.6875551883534438	0.08296830079779603	0.6451649333772913	0.07485479190013167	0.6027746784011387	0.06724350009696957
9.0	2.0	0.40016578667476854	0.10961204031058144	0.662248461657991	0.139881052538519	0.6251572595505421	0.11383156062110392	0.5880660574430933	0.08973917558508503
9.0	3.0	0.38623796501774593	0.10024975680352471	0.6547133899832787	0.11483482941834983	0.6161276481906052	0.0981067288285321	0.5775419063979317	0.08239550531315998
9.0	4.0	0.3624360050311804	0.10390955276296229	0.6316230058834136	0.12094864606068245	0.5952252449877939	0.1042481339965499	0.5588274840921743	0.08823520029616906
9.0	5.0	0.34347364061053454	0.10441511011240577	0.6102215778268768	0.1398291454225192	0.5773790119058793	0.11459054672871842	0.5445364459848815	0.09071699099258579
9.0	6.0	0.304229292222233	0.11233260968307139	0.5677816610160633	0.14906674475703177	0.5398117489017168	0.12378885488804865	0.5118418367873699	0.09904841275383686
9.0	7.0	0.26860455525752863	0.14276679830325917	0.5104562867365215	0.2025312054903972	0.4951275657831257	0.16379820326679057	0.47979884482973006	0.12674181418291683
9.0	8.0	0.23584913518567366	0.15207047985802935	0.45624602454357627	0.2376991457293968	0.45212571164625676	0.1894268061482165	0.4480053987489373	0.14232504203248283
9.0	9.0	0.21963202296000714	0.14534157407342946	0.438701741973429	0.23069182445378222	0.43962162473006017	0.17794023641438875	0.440541507486691	0.12715451718130175
9.0	10.0	0.21675297055496875	0.14611128445132765	0.4317084828224423	0.2392092248313372	0.4324023636864467	0.18727467951716886	0.43309624455045115	0.13628063495133888
9.0	11.0	0.18196047603008544	0.14029095487880044	0.3804530744407507	0.24258998775729212	0.39190107762893267	0.18676494496819618	0.40334908081711474	0.13256106230728235
9.0	12.0	0.2009062115855743	0.12364375221778855	0.4278235976456239	0.19613893614395142	0.4261448502549811	0.1534864062447917	0.4244661028643384	0.11237294657430476
9.0	13.0	0.1470601768241595	0.1386883429493715	0.3280159945803575	0.23352401341169043	0.3470111898330044	0.18279472794629156	0.3660063850856512	0.13323457927674145
9.0	14.0	0.11330112583039662	0.1626945447269868	0.2358301799485593	0.2847063498107779	0.2872461378380344	0.2158881581224614	0.33866209572750955	0.14882720543691136
9.0	15.0	0.20906341331270745	0.14487009784159507	0.42448839345189787	0.27271718866839995	0.4224419672594894	0.21470601324090346	0.42039554106708094	0.15679041642182795
9.0	16.0	0.27840115722873693	0.12596228182731295	0.543337050051064	0.14124838967964393	0.5195342531043234	0.12143289564062965	0.4957314561575827	0.10209835504522756
9.0	17.0	0.24313171634760603	0.21183556843510906	0.4381860502625244	0.35387204419635415	0.45355651393888463	0.2636415262694198	0.46892697761524477	0.17379686878514702
9.0	18.0	0.23576532877801326	0.0951932865071258	0.5077664813323247	0.11702104792989003	0.48168954951876664	0.10023201826438875	0.45561261770520856	0.08344298859888748
9.0	19.0	0.15207242479760658	0.09778688761901781	0.37620715030462853	0.16692880349150477	0.38103575152314273	0.12753723627097627	0.38586435274165687	0.08814566905044771
9.0	20.0	NaN	NaN	NaN	NaN	NaN	NaN	NaN	NaN
9.0	21.0	NaN	NaN	NaN	NaN	NaN	NaN	NaN	NaN
10.0	1.0	0.39597316771598856	0.07947966508349102	0.6701949915832145	0.07985372903118067	0.6276638871498934	0.07116820255282126	0.5851327827165724	0.06293232492763425
10.0	2.0	0.387938082258438	0.10906541527781725	0.6514866304789708	0.13544266443539135	0.6151549194478897	0.11286935385404101	0.5788232084168088	0.0917149403425601
10.0	3.0	0.3830285116123906	0.09289003151565103	0.6531295720282346	0.10632621281510007	0.6143844137064944	0.09186626434267207	0.5756392553847545	0.07819149867862529
10.0	4.0	0.358537938830402	0.11909697333055813	0.6199713354435001	0.1571435772100248	0.5878276219385435	0.12801669849943637	0.5556839084335871	0.10044972768240924
10.0	5.0	0.33400528853610045	0.107879596973775	0.6009587869748144	0.1322736237902655	0.5690942513134257	0.11235478288522519	0.5372297156520373	0.09312432310183104
10.0	6.0	0.29944478343187475	0.10751438446943151	0.5627343157278021	0.14890376197452243	0.5356382777765775	0.12278283011039369	0.5085422398253528	0.09735608656424648
10.0	7.0	0.2387996316158614	0.13302944679534817	0.4754245654042556	0.20380211317381441	0.4634777049583059	0.1648007967402259	0.4515308445123563	0.12654393332095804
10.0	8.0	0.20321567188345255	0.14013574142044075	0.4169998772480808	0.22952242022941352	0.419502712979025	0.17920869462972178	0.42200554870996937	0.1306772055759853
10.0	9.0	0.18003777051480258	0.15186185943348485	0.36604906349671834	0.2611206365539664	0.3844832536100727	0.19978136748213443	0.4029174437234271	0.14031286957344263
10.0	10.0	0.19561867495276136	0.1465925530497308	0.402776566694535	0.2332234530568999	0.4123251603765402	0.17869511286449158	0.4218737540585454	0.126753282263829
10.0	11.0	0.17656559783297734	0.1382517561058496	0.37759097922680374	0.22930389541763802	0.3892932092370377	0.1772482239648144	0.4009954392472717	0.12756447445992694
10.0	12.0	0.14973009327454367	0.13248627227055204	0.33075817646874495	0.24393435528074706	0.3521540576299771	0.1852412944225363	0.37354993879120924	0.12803684936717125
10.0	13.0	0.12705039572043533	0.12081964602525139	0.2972208789607156	0.2340887436115899	0.32278869815454786	0.17888060698008215	0.34835651734838025	0.1255811639397006
10.0	14.0	0.12288130350570131	0.12522154832530988	0.28916357376452767	0.23423134569782642	0.32359564660041623	0.173619072060847	0.3580277194363047	0.11513689509256801
10.0	15.0	0.09954007243567393	0.09239005746713871	0.26582867280312267	0.21808567941127122	0.29210632697857625	0.16528117005627124	0.31838398115402994	0.11260050545113238
10.0	16.0	0.0	0.0	0.023033828801807814	0.0024694007462282273	0.11516914400903906	0.01234700373114113	0.20730445921627033	0.022224606716054023
11.0	1.0	0.4048233207120699	0.09389330465183832	0.672852822339754	0.09087307885639825	0.6331231798322197	0.08197038179871668	0.5933935373246854	0.07348976155318507
11.0	2.0	0.36272974662245305	0.12719483363885523	0.6233533996952304	0.1557867200450862	0.5908470194175117	0.12961922979331625	0.5583406391397931	0.10473128071596355
11.0	3.0	0.3276389002945527	0.1333626510611123	0.5845309783803769	0.17805047228199053	0.5556778825564532	0.14842848125499972	0.5268247867325297	0.11964646458766154
11.0	4.0	0.32682655103318337	0.13243629790220598	0.5819213115044711	0.17999756401703773	0.5547960089065725	0.14899779781186762	0.5276707063086739	0.11879559732290307
11.0	5.0	0.29102530369898827	0.14566248926724362	0.5338892253871012	0.21263675953144015	0.516212156227851	0.1695563669276559	0.49853508706860067	0.12798471434522563
11.0	6.0	0.2931305151612209	0.1338756401745201	0.5446617184785169	0.1868435454374524	0.5230037292970234	0.15174659542481445	0.50134574011553	0.11821787030884143
11.0	7.0	0.23292958859500015	0.15453381647310271	0.45309509252611	0.23939496460326762	0.4488756735307612	0.19061383120689887	0.4446562545354122	0.14336137029008075
11.0	8.0	0.2515549026126337	0.14106231383250928	0.48276115669460196	0.2285568076535763	0.4749702894651018	0.17711827992636392	0.46717942223560166	0.1269625871500035
11.0	9.0	0.2528216446540267	0.14133018204846934	0.49379808627538146	0.19809550096421988	0.4797534972870315	0.16185469450271253	0.46570890829868183	0.1265265981614043
11.0	10.0	0.2513494607057163	0.10886816751426151	0.5092990786155219	0.14542869310659598	0.4891619857442024	0.12039481995418728	0.4690248928728829	0.09579499345717184
11.0	11.0	0.19405012467013458	0.14088600631324638	0.40444864112612566	0.23208356115564854	0.4091930613304845	0.18087024696756776	0.4139374815348433	0.1306069056019708
11.0	12.0	0.18504828244816574	0.18165323555318558	0.36477524752139484	0.27463531078615655	0.3826063963371333	0.2191582069283523	0.4004375451528716	0.16564084871742205
11.0	13.0	0.1817315256779195	0.16057549617086042	0.3712836843169865	0.2643053092411714	0.3897517549182658	0.20245059048725203	0.4082198255195451	0.14201455775653934
11.0	14.0	0.19877913727893326	0.22852853453508168	0.3446273125428772	0.35363276653870396	0.3775266171044405	0.2802368277231821	0.4104259216660038	0.20863627424928313
11.0	15.0	0.25543204127232166	0.033222669643821735	0.5350571704740784	0.03673323643547338	0.5059736830582228	0.03365530009952094	0.47689019564236707	0.030606807965321177
11.0	16.0	0.2842521410902544	0.11164119044297015	0.5512955549557167	0.13202806788478486	0.5261747444755529	0.11429636547486871	0.5010539339953893	0.09659735812641924
11.0	17.0	0.20150080718104577	0.19066086063385074	0.3910547262281834	0.33034459651578246	0.39971807558536127	0.26404577761562614	0.40838142494253904	0.19802782628131016
11.0	18.0	0.16086933557072383	0.1439784734202762	0.37840626930998783	0.23882627556113856	0.3809202354388279	0.18846840011815838	0.38343420156766805	0.1381105246751782
11.0	19.0	NaN	NaN	NaN	NaN	NaN	NaN	NaN	NaN
11.0	20.0	NaN	NaN	NaN	NaN	NaN	NaN	NaN	NaN
11.0	21.0	NaN	NaN	NaN	NaN	NaN	NaN	NaN	NaN
12.0	1.0	0.3847514198814619	0.09963706569669266	0.654167933912695	0.10853664057035427	0.6155615170387642	0.09358726212126124	0.5769551001648332	0.07918632210121422
12.0	2.0	0.35294100035708204	0.11923029484477848	0.6157150473649959	0.15655025007511655	0.5829412455489102	0.12874140337119977	0.5501674437328243	0.1024326581478043
12.0	3.0	0.34511003759175857	0.11738783649995391	0.6122861332881026	0.12928820108831485	0.578843052034716	0.11232022732307481	0.5453999707813295	0.09597623921903992
12.0	4.0	0.30299610941607596	0.14560022819027335	0.5459673471824108	0.21828170220159343	0.5276549284459793	0.17161523253031882	0.5093425097095478	0.12680428369159005
12.0	5.0	0.31072832031996545	0.1478620323979105	0.5589893776341247	0.19580344292367904	0.5368461997293773	0.16152146320582692	0.5147030218246303	0.1289024070450504
12.0	6.0	0.3141510474624254	0.12655843151067478	0.5737727133442019	0.16125900203326937	0.5470121542445967	0.1339588533677009	0.5202515951449919	0.10794155733818331
12.0	7.0	0.2662048766225568	0.12145142524612387	0.5167097852124646	0.1845556698578149	0.4978590168430018	0.14769376033013318	0.47900824847353896	0.11164999422141202
12.0	8.0	0.23663078604030016	0.12117837325414257	0.4768001507243766	0.1965909493819463	0.4644188398092002	0.15692951916741676	0.4520375288940239	0.11800876850565531
12.0	9.0	0.24071917347294247	0.14778275709441233	0.4679034214007803	0.22451742247282594	0.4648145149100047	0.1741918789123586	0.4617256084192291	0.12656841919885484
12.0	10.0	0.1762461244027672	0.11682181227936586	0.3934873676416212	0.18769190590648832	0.4004645947652745	0.14305470803223685	0.4074418218889279	0.10101184904051642
12.0	11.0	0.12341713941270145	0.12959284133434115	0.27856316612534865	0.2508486944997752	0.31163669230474805	0.19055167367560663	0.34471021848414746	0.13252318281063816
12.0	12.0	0.21637723133348732	0.08634719581952933	0.4698468401725451	0.136459327511858	0.4554391070676318	0.11049717484637787	0.44103137396271846	0.08471871421699954
12.0	13.0	0.16558618584298773	0.10757211521075548	0.3899872873681118	0.1619099061766944	0.39152373842786053	0.13036269891993765	0.39306018948760924	0.09923943146277461
12.0	14.0	0.10408813484631485	0.18028593801889783	0.21233355756288877	0.32884439864054565	0.2616677878144438	0.2587273557402228	0.31100201806599875	0.18903886884612228
12.0	15.0	NaN	NaN	NaN	NaN	NaN	NaN	NaN	NaN
12.0	16.0	NaN	NaN	NaN	NaN	NaN	NaN	NaN	NaN
13.0	1.0	0.37897738937286674	0.10248060137252187	0.648427638006475	0.10662569387258837	0.6108063886384614	0.09332062867165433	0.5731851392704479	0.08072690347843507
13.0	2.0	0.3301489982319113	0.1316564288441547	0.5872202794976761	0.17945022948648867	0.5589705917861459	0.14632409484388956	0.5307209040746158	0.114272937917883
13.0	3.0	0.31814448752176777	0.1392669462965353	0.5710381995481943	0.1902268258053316	0.5470537776152606	0.15201725110061073	0.5230693556823272	0.11611598330823582
13.0	4.0	0.31224870695321283	0.14784684622840344	0.5625088409377598	0.19551774541177555	0.5389124724363767	0.16034645551919097	0.5153161039349938	0.1265768070321283
13.0	5.0	0.3073803270964655	0.13087334183219923	0.5611339502007205	0.18899982506719373	0.5383446053889829	0.14836631040624654	0.5155552605772454	0.10924796563521429
13.0	6.0	0.297623967623687	0.14901557110080238	0.5456296994800406	0.19193335908557027	0.5239210035888914	0.1626206505702871	0.5022123076977422	0.1337837642359345
13.0	7.0	0.2674845207731162	0.17116440651179848	0.501808171109997	0.21949243751123834	0.488765451941248	0.18195946249176348	0.475722732772499	0.1459775048724161
13.0	8.0	0.2303207420247261	0.18561073854721638	0.4239618367720315	0.2936928618170171	0.434567330783191	0.22728855616954283	0.44517282479435044	0.16293768577072754
13.0	9.0	0.31630999271677745	0.10964993120382063	0.588136471768942	0.11895337609561087	0.5554145547533765	0.10450398562308669	0.5226926377378109	0.09035179957444656
13.0	10.0	0.2596366896685659	0.1745305580438731	0.4844686041763747	0.24738600063202096	0.47475792623795554	0.20340763326519018	0.4650472482995366	0.16000110383641042
13.0	11.0	0.2506290511831692	0.1875041680448381	0.45866413867821204	0.28676010112715467	0.4596242518514813	0.22487186798755432	0.46058436502475064	0.1640977750322878
13.0	12.0	0.25700111017759686	0.1970616986582467	0.45838640208681863	0.3057012982504282	0.46198418048626316	0.24091780061748702	0.4655819588857078	0.17839604600356193
13.0	13.0	0.3327546698562089	0.11050238637968196	0.6054471569602299	0.11341353906816415	0.5714782090435736	0.10103162217754359	0.5375092611269174	0.08868572691340043
13.0	14.0	0.26177940570920155	0.19652269554314247	0.477040822067844	0.2951841220871056	0.4718707770058866	0.23461872804966555	0.46670073194392925	0.17539218282151853
13.0	15.0	0.27508841294349784	0.15179569770812218	0.5264010703938907	0.21560709713775647	0.5033340232981249	0.17937175825196736	0.48026697620235925	0.14323973763617062
13.0	16.0	0.2612014414364812	0.18372242359747964	0.4804832796556009	0.3061579800649407	0.48019417605578196	0.22588648679634704	0.47990507245596326	0.14621391692376146
13.0	17.0	0.28393481710562984	0.10820400637374386	0.5589996174208989	0.11206984807038417	0.5283314204378273	0.0985022546599206	0.4976632234547558	0.08500690994136134
13.0	18.0	0.2296926217017182	0.15385335325856606	0.48255259790920463	0.18335454799399345	0.46355664033967386	0.15582505874587285	0.4445606827701431	0.12849368176368708
13.0	19.0	0.2694704447027895	0.1842981828348577	0.5097422594842064	0.23404967676307084	0.4968594455691801	0.19248645190491964	0.4839766316541539	0.15118220455046652
13.0	20.0	0.24547168175849135	0.18074485100893473	0.49564568515968777	0.22676342221887028	0.478228425798439	0.19100806951228794	0.4608111664371903	0.15525271680570563
13.0	21.0	0.24922403111196934	0.27032211002071316	0.4620675664652377	0.35783683057714955	0.455792377780734	0.2978316689286658	0.4495171890962303	0.237826507280182
13.0	22.0	NaN	NaN	NaN	NaN	NaN	NaN	NaN	NaN
13.0	23.0	NaN	NaN	NaN	NaN	NaN	NaN	NaN	NaN
13.0	24.0	NaN	NaN	NaN	NaN	NaN	NaN	NaN	NaN
13.0	25.0	NaN	NaN	NaN	NaN	NaN	NaN	NaN	NaN
13.0	26.0	NaN	NaN	NaN	NaN	NaN	NaN	NaN	NaN
13.0	27.0	NaN	NaN	NaN	NaN	NaN	NaN	NaN	NaN
13.0	28.0	NaN	NaN	NaN	NaN	NaN	NaN	NaN	NaN
13.0	29.0	NaN	NaN	NaN	NaN	NaN	NaN	NaN	NaN
13.0	30.0	NaN	NaN	NaN	NaN	NaN	NaN	NaN	NaN
13.0	31.0	NaN	NaN	NaN	NaN	NaN	NaN	NaN	NaN
13.0	32.0	NaN	NaN	NaN	NaN	NaN	NaN	NaN	NaN
13.0	33.0	NaN	NaN	NaN	NaN	NaN	NaN	NaN	NaN
13.0	34.0	NaN	NaN	NaN	NaN	NaN	NaN	NaN	NaN
13.0	35.0	NaN	NaN	NaN	NaN	NaN	NaN	NaN	NaN
13.0	36.0	NaN	NaN	NaN	NaN	NaN	NaN	NaN	NaN
13.0	37.0	NaN	NaN	NaN	NaN	NaN	NaN	NaN	NaN
13.0	38.0	NaN	NaN	NaN	NaN	NaN	NaN	NaN	NaN
13.0	39.0	NaN	NaN	NaN	NaN	NaN	NaN	NaN	NaN
13.0	40.0	NaN	NaN	NaN	NaN	NaN	NaN	NaN	NaN
13.0	41.0	NaN	NaN	NaN	NaN	NaN	NaN	NaN	NaN
13.0	42.0	NaN	NaN	NaN	NaN	NaN	NaN	NaN	NaN
13.0	43.0	NaN	NaN	NaN	NaN	NaN	NaN	NaN	NaN
13.0	44.0	NaN	NaN	NaN	NaN	NaN	NaN	NaN	NaN
13.0	45.0	NaN	NaN	NaN	NaN	NaN	NaN	NaN	NaN
13.0	46.0	NaN	NaN	NaN	NaN	NaN	NaN	NaN	NaN
13.0	47.0	NaN	NaN	NaN	NaN	NaN	NaN	NaN	NaN
13.0	48.0	NaN	NaN	NaN	NaN	NaN	NaN	NaN	NaN
13.0	49.0	NaN	NaN	NaN	NaN	NaN	NaN	NaN	NaN
13.0	50.0	NaN	NaN	NaN	NaN	NaN	NaN	NaN	NaN
13.0	51.0	NaN	NaN	NaN	NaN	NaN	NaN	NaN	NaN
14.0	1.0	0.35372921647648103	0.1497807309616178	0.6065824718602614	0.18564290073484122	0.5770188410548474	0.15667315691544217	0.5474552102494333	0.12854446553795193
14.0	2.0	0.3019911584915755	0.1655988421729132	0.5342992582352667	0.2501968633717119	0.5188341385141806	0.19805758746536428	0.5033690187930945	0.14749191674171344
14.0	3.0	0.34627974762531893	0.11003417464983518	0.6108652224071571	0.15766794958298835	0.5767392544489278	0.13188539126883286	0.5426132864906987	0.10652173509292266
14.0	4.0	0.34913517522746657	0.12360992398029216	0.615161903497943	0.13070915884964546	0.5821632331717387	0.11450476489170792	0.5491645628455344	0.09905350740262867
14.0	5.0	0.2914870343140235	0.1530721096972409	0.535770840572721	0.2025817016143016	0.5189728561401526	0.16326065543827364	0.5021748717075843	0.12592623165970834
14.0	6.0	0.27900883551716954	0.15335102877833012	0.5212747116533183	0.2054941923903129	0.50624786696443	0.16580699318502903	0.49122102227554165	0.1282225824582139
14.0	7.0	0.23782806300496992	0.1735005652730489	0.45534814869241785	0.24483612501047788	0.455418088525989	0.19356399005034233	0.4554880283595601	0.14495149111109967
14.0	8.0	0.22671440799896136	0.1793974883756368	0.4311722493563785	0.2725093256168565	0.4322681731888191	0.22081749397269787	0.43336409702125966	0.1702414817535291
14.0	9.0	0.27125746321293215	0.21419856920353955	0.4740420894652798	0.3012475151971906	0.4713927384246564	0.24836845914895334	0.4687433873840331	0.19576519736941464
14.0	10.0	0.32572538983378013	0.08845963790185331	0.6038373130010712	0.08672821932204683	0.5685372143560059	0.07806872848128815	0.5332371157109405	0.06996416210092699
14.0	11.0	0.3202482982061107	0.1352544000128292	0.5842571988894042	0.16645212092724418	0.5546193277803542	0.14051977465790327	0.5249814566713044	0.11461036518777262
14.0	12.0	0.31213890670183786	0.21072014230004402	0.5248795555853831	0.33444551257321203	0.5161726697018074	0.2629623090380573	0.5074657838182315	0.19170466823617968
14.0	13.0	0.3215184637680004	0.03284219273894586	0.6054591524413221	0.035978337503305736	0.5684213033321518	0.029930605573178972	0.5313834542229816	0.023882941298347976
14.0	14.0	0.2783876346022448	0.10033882818072368	0.5532859554217779	0.10873846110336752	0.5230435337226463	0.09775002227373526	0.49280111202351495	0.0867848431312127
14.0	15.0	0.2357292683991227	0.12195857505373042	0.49400737827475366	0.14127116550469285	0.4763860977229744	0.12079570491173568	0.45876481717119527	0.10051428053430626
14.0	16.0	0.2081669782839357	0.22901899267460255	0.3877019599992371	0.3456097306159939	0.40411826560465136	0.27591522111545996	0.4205345712100656	0.20815104186591105
14.0	17.0	0.2524160429845216	0.22563578878463117	0.48611469500290916	0.27784803760555865	0.4745295189705897	0.2392203680760453	0.46294434293827025	0.20059269854653203
14.0	18.0	NaN	NaN	NaN	NaN	NaN	NaN	NaN	NaN
14.0	19.0	NaN	NaN	NaN	NaN	NaN	NaN	NaN	NaN
14.0	20.0	NaN	NaN	NaN	NaN	NaN	NaN	NaN	NaN
14.0	21.0	NaN	NaN	NaN	NaN	NaN	NaN	NaN	NaN
14.0	22.0	NaN	NaN	NaN	NaN	NaN	NaN	NaN	NaN
15.0	1.0	0.3802456037303083	0.11240227066184086	0.6468344568227877	0.1277450483703654	0.6099150598567139	0.10860226501404273	0.5729956628906404	0.09018303757962415
15.0	2.0	0.3981364283716494	0.08971699080440493	0.6668564102568139	0.10057051415442252	0.6275510838388163	0.08699420587817994	0.5882457574208184	0.0736991112047415
15.0	3.0	0.348999330860248	0.1246223106245479	0.6057414399602462	0.1820352494487149	0.578373989594071	0.14061482954572313	0.5510065392278959	0.10069667925731844
15.0	4.0	0.332465879195769	0.10191433884141347	0.6052172449567575	0.11773220589034149	0.5702308684759427	0.10197677657439333	0.5352444919951279	0.08643082600116715
15.0	5.0	0.29849385531595757	0.13958043946593748	0.5563861676566105	0.1666010951280399	0.5306709870232015	0.14318644188489033	0.5049558063897926	0.1203137638390021
15.0	6.0	0.24656879712418445	0.16215897236535531	0.4703441491256863	0.24898576124291597	0.465166123779692	0.19517528592395594	0.4599880984336977	0.14278281611039195
15.0	7.0	0.23793205575727272	0.15830777437401772	0.4639391934917076	0.23663191065427616	0.45726210502467524	0.1900246635830534	0.4505850165576429	0.14425407943021237
15.0	8.0	0.24801028071998907	0.1711841476524004	0.4568808777913347	0.29536704867513713	0.45886326341554745	0.22662386208857932	0.4608456490397603	0.15897209104314294
15.0	9.0	0.30970762000652263	0.044554248771883284	0.5902979129933381	0.04512862577914918	0.5569596504367765	0.04002339168555885	0.5236213878802147	0.03511750369239108
15.0	10.0	0.25024081659127695	0.07860689608016523	0.5214870930553007	0.09300422696341754	0.4962666341076726	0.08036231451485149	0.4710461751600444	0.06786911655302766
15.0	11.0	0.14919254593809209	0.0755889120415041	0.37818863256542057	0.12395244653938617	0.376974908858849	0.09914469358604644	0.37576118515227735	0.0744411459533805
15.0	12.0	0.08164939679661881	0.1281978089370361	0.20209763685975698	0.24657821590475854	0.2549326287432294	0.18727367551916888	0.30776762062670177	0.13549331828247949
15.0	13.0	0.14238064000686165	0.20135663211706503	0.29720698960534975	0.37747049778659925	0.3431778051696062	0.2711084176494593	0.3891486207338626	0.16474633751231935
15.0	14.0	NaN	NaN	NaN	NaN	NaN	NaN	NaN	NaN
15.0	15.0	NaN	NaN	NaN	NaN	NaN	NaN	NaN	NaN
16.0	1.0	0.3750826373428046	0.08568688882368226	0.6497006571076139	0.07832127801382975	0.6104383590116055	0.0729416710503719	0.5711760609155967	0.06769732481145792
16.0	2.0	0.3538372569489257	0.12682685278192873	0.6204966925377474	0.11935485935542836	0.5872653474706216	0.10869241097423252	0.5540340024034959	0.09844723106787957
16.0	3.0	0.30110434232640854	0.13548522623403075	0.5610757982230232	0.16068214000106293	0.5342019450392848	0.13830128349414256	0.5073280918555462	0.11635262188876785
16.0	4.0	0.23716131945606786	0.12503747638660545	0.4829600451273009	0.18917035181757422	0.4670997779360569	0.15268849779461452	0.45123951074481283	0.11676123870831216
16.0	5.0	0.2399422293095886	0.17090455867106594	0.46722753439687964	0.22984058240206234	0.4589795360027331	0.18891372190601852	0.4507315376085866	0.14979110679708607
16.0	6.0	0.19598969661023632	0.21799649187879394	0.3514321004283132	0.3290980932731034	0.37514992013098397	0.2647928721996561	0.39886773983365476	0.20209798132756163
16.0	7.0	0.24194759780028613	0.18065283026886622	0.45772197675511395	0.28314654761175667	0.4509542061198924	0.22993967863428774	0.44418643548467074	0.17718318764051913
16.0	8.0	0.2927543854183362	0.21614618882276124	0.49881214703749543	0.3266543614028334	0.4961974873242293	0.2623800772643758	0.49358282761096317	0.19912887451035838
16.0	9.0	0.36496202477724654	0.0611344830487954	0.6410692128562481	0.056807730522738784	0.6044802634154393	0.05048483679031068	0.5678913139746306	0.044163385421991906
16.0	10.0	0.28239272588519243	0.15809556541761016	0.5388247419339388	0.18371725847324455	0.5163459318919162	0.1608336797298741	0.49386712184989373	0.13885441118390002
16.0	11.0	0.1775309076624156	0.25977876178705195	0.3182369940465394	0.3671115753199492	0.3420621632151532	0.31147876408022884	0.36588733238376697	0.2560112200165838
16.0	12.0	0.13266957229360365	0.1876231084518521	0.2862404166324342	0.36984602092830055	0.32009097205106	0.2778817020047304	0.3539415274696859	0.18591738308116035
16.0	13.0	NaN	NaN	NaN	NaN	NaN	NaN	NaN	NaN
16.0	14.0	NaN	NaN	NaN	NaN	NaN	NaN	NaN	NaN
16.0	15.0	NaN	NaN	NaN	NaN	NaN	NaN	NaN	NaN
16.0	16.0	NaN	NaN	NaN	NaN	NaN	NaN	NaN	NaN
17.0	1.0	0.3504317938244973	0.1312647180174987	0.6168691310076162	0.13720670318885317	0.5827406810646861	0.12210620884314097	0.548612231121756	0.10747915833876287
17.0	2.0	0.3357916488207311	0.1877893063124205	0.5662497578648339	0.25331686199872333	0.5472363964882473	0.21225192219532252	0.5282230351116609	0.17214632869431712
17.0	3.0	0.29016041446391194	0.1847146208825484	0.5170367250015676	0.26290843149575216	0.5031323429565563	0.21679476588373084	0.489227960911545	0.1711938982750514
17.0	4.0	0.26660249389874985	0.1470592693727434	0.5044505565051091	0.24305975178903266	0.49505775533051843	0.180045848967218	0.4856649541559277	0.11824196659085391
17.0	5.0	0.2493983487968658	0.19532403977879031	0.45455022005656415	0.30070952041391535	0.4541990640837259	0.2431366490716186	0.4538479081108875	0.18576757651385242
17.0	6.0	0.26972399875883785	0.1846052857288703	0.48721367135623295	0.31031516683093185	0.48190169011449785	0.2403913741304504	0.47658970887276275	0.17082996397162972
17.0	7.0	0.3199959768484585	0.04797320053370125	0.6034656042370771	0.04756364870302546	0.5665343703917345	0.042330613714855365	0.529603136546392	0.0371016863366664
17.0	8.0	0.397282389145934	0.16762434875322035	0.6554129701839884	0.14712010567600525	0.6215092953643858	0.13918707099498062	0.5876056205447834	0.13158414630601314
17.0	9.0	0.2545617301753608	0.1574669325684403	0.5049277059502079	0.1979721543219274	0.4862787413912509	0.1707167823690509	0.46762977683229395	0.14357876213869977
17.0	10.0	0.28676945207174886	0.029326959637081422	0.5695684564122301	0.030663922595261565	0.5367311709500391	0.02761174076536594	0.5038938854878482	0.024559558935470394
17.0	11.0	0.18681827038824989	0.041633403535488236	0.44629812928826074	0.06640210281022044	0.43149064644130364	0.049167801576483254	0.41668316359434654	0.03193350034274608
17.0	12.0	0.1288768066181401	0.18225932779470838	0.2793390231333984	0.36603367943197235	0.3057860247579011	0.2873899654801216	0.33223302638240393	0.20874625152827092
17.0	13.0	NaN	NaN	NaN	NaN	NaN	NaN	NaN	NaN
17.0	14.0	NaN	NaN	NaN	NaN	NaN	NaN	NaN	NaN
18.0	1.0	0.4310184216155015	0.06927178592183711	0.7019748267675077	0.05392505022035846	0.6573100312734356	0.05272921555325708	0.6126452357793635	0.05160879247607596
18.0	2.0	0.37164013982807653	0.08506891191255511	0.6518039034772038	0.07389297534833421	0.6090195173860191	0.06948481074210093	0.5662351312948344	0.06511339242775153
18.0	3.0	0.43388530158144534	0.07254284573605187	0.7012359194601626	0.05892014945282365	0.6589573750785904	0.057409045636251155	0.6166788306970182	0.056138068801462895
18.0	4.0	0.3403230372529592	0.05626924875867099	0.621883487568907	0.05346297749618153	0.5838221997492969	0.04861681731957283	0.5457609119296868	0.04390621944658025
18.0	5.0	0.37042326582724816	0.07861454798283227	0.6460068977536594	0.07224488883398704	0.6078122665460746	0.06646400913445824	0.5696176353384897	0.06078148296858461
18.0	6.0	0.31756191601490774	0.07168786931147865	0.5977329092525744	0.07143315514670112	0.5625906201889457	0.0637975683593714	0.5274483311253171	0.05617576600563516
18.0	7.0	0.21720827372631427	0.09456181470140933	0.47256231135541416	0.14797801372032612	0.45725600122151516	0.11448677332176393	0.4419496910876162	0.08125509716467526
18.0	8.0	0.1705380994449716	0.19936115336628374	0.3245929385996329	0.34644478938898904	0.3562980263314979	0.26618625791211326	0.38800311406336274	0.18790146789189838
18.0	9.0	0.2360500978214904	0.09307123217998421	0.5078734524411791	0.11658321292301407	0.48222440506303843	0.09804284323000897	0.4565753576848978	0.07950247353700388
18.0	10.0	0.21534049730017785	0.18686419635879598	0.4428066321336377	0.260955790957685	0.44130588794091585	0.21197756568194287	0.439805143748194	0.16299934040620062
18.0	11.0	0.1083562570574395	0.15323888829861634	0.26293526137412804	0.32584504572593287	0.31467630687064	0.2150116662565694	0.366417352367152	0.10417828678720585
18.0	12.0	NaN	NaN	NaN	NaN	NaN	NaN	NaN	NaN
18.0	13.0	NaN	NaN	NaN	NaN	NaN	NaN	NaN	NaN
18.0	14.0	NaN	NaN	NaN	NaN	NaN	NaN	NaN	NaN
18.0	15.0	NaN	NaN	NaN	NaN	NaN	NaN	NaN	NaN
19.0	1.0	0.4196940270539049	0.0174201857103639	0.6933301120296348	0.01142161123017588	0.6500162141020628	0.01324849333819683	0.606702316174491	0.015649873618721773
19.0	2.0	0.4204061368095701	0.0652705293975516	0.6952815776315239	0.05541826200517779	0.6495680613177922	0.05141226996922011	0.6038545450040606	0.04766406022721612
19.0	3.0	0.37921811258292104	0.10291685290646259	0.6519871491366287	0.0928616530184584	0.6136619415146025	0.08655390550102535	0.5753367338925764	0.08049427892749814
19.0	4.0	0.33327556042969253	0.14991310221042656	0.5938282823647095	0.16817921223344437	0.5667604594425953	0.14395993994436573	0.5396926365204812	0.11975959949529193
19.0	5.0	0.37711154639637223	0.10105200426871577	0.6515259921653698	0.0856775274819606	0.6131855163824043	0.08269098882971339	0.5748450405994388	0.0797044501774661
19.0	6.0	0.3133361514389922	0.20785982820044469	0.5736505965931114	0.2108870514663824	0.5444434591560335	0.19243841931402553	0.5152363217189556	0.17398978716166866
19.0	7.0	0.32448537844062536	0.1449108766351763	0.5985170618573852	0.14723869385305344	0.5640138807154971	0.13010194253394086	0.529510699573609	0.11296519121482824
19.0	8.0	0.19356119156583002	0.08906694345772258	0.4426758955938883	0.14637321093147332	0.43560170019166394	0.10332669360265762	0.4285275047894395	0.060280176273841954
19.0	9.0	NaN	NaN	NaN	NaN	NaN	NaN	NaN	NaN
19.0	10.0	NaN	NaN	NaN	NaN	NaN	NaN	NaN	NaN
19.0	11.0	NaN	NaN	NaN	NaN	NaN	NaN	NaN	NaN
19.0	12.0	NaN	NaN	NaN	NaN	NaN	NaN	NaN	NaN
19.0	13.0	NaN	NaN	NaN	NaN	NaN	NaN	NaN	NaN
19.0	14.0	NaN	NaN	NaN	NaN	NaN	NaN	NaN	NaN
19.0	15.0	NaN	NaN	NaN	NaN	NaN	NaN	NaN	NaN
19.0	16.0	NaN	NaN	NaN	NaN	NaN	NaN	NaN	NaN
20.0	1.0	0.3725435008096906	0.03347806790714899	0.6566357605188329	0.030875732441498042	0.6124717318870939	0.027435129800975382	0.568307703255355	0.02478123217546451
20.0	2.0	0.36631298017924885	0.06875778852160573	0.6458773406516937	0.062085045215778796	0.6054550793268444	0.05876465531847645	0.5650328180019952	0.05545321782822467
20.0	3.0	0.3502869058461416	0.04248845293829789	0.6342165107408287	0.0381157396138598	0.5933047759263655	0.036618630458889544	0.5523930411119025	0.035121528621948936
20.0	4.0	0.35860408129633	0.08506324535664896	0.6336722884491856	0.07704587990209971	0.5975553420280626	0.07332670650784226	0.5614383956069395	0.06961106797592398
20.0	5.0	0.27398393665604237	0.11270434747677366	0.5401194512702685	0.13063296080869266	0.5164702722243585	0.11267685118426958	0.49282109317844847	0.09484144525571604
20.0	6.0	0.1620725810920196	0.14246265416571813	0.354270587575438	0.28997046306573304	0.3639455304697828	0.2259841115901422	0.37362047336412757	0.16210760921615766
20.0	7.0	0.15777713171649901	0.09644206135917069	0.3918455271250649	0.1461573684253855	0.38779906419675303	0.12469531539560083	0.38375260126844124	0.10323326236581619
20.0	8.0	NaN	NaN	NaN	NaN	NaN	NaN	NaN	NaN
21.0	1.0	0.3735223677541843	0.06041136257450091	0.6506084009907432	0.055888730242276426	0.6117721636838743	0.049949429511544845	0.5729359263770055	0.044286692398537116
21.0	2.0	0.2769489162521293	0.18253228628956236	0.5214654882138753	0.23645531769924993	0.5042971380390737	0.1938798806604823	0.4871287878642721	0.15179566538040792
21.0	3.0	0.31680731292301784	0.07220236396070198	0.6015073849146833	0.07590357019324996	0.5630924801289718	0.06524817043889525	0.5246775753432605	0.054592770684540555
21.0	4.0	0.317219121027242	0.08141000815211613	0.6014776714371828	0.07741409571574194	0.5629439127414692	0.07280079805135523	0.5244101540457556	0.06818750038696862
21.0	5.0	0.28758341100567736	0.02352166719240529	0.5697369090384736	0.02964999782642717	0.5375734340812571	0.022542116921194132	0.5054099591240407	0.015434236015961169
21.0	6.0	0.2431742014005751	0.09665803523334623	0.509213731398269	0.11696474007031002	0.4889257998484877	0.09995047896648891	0.46863786829870646	0.08293621786266782
21.0	7.0	0.09956761502634645	0.024826919744589008	0.2964709010938526	0.05468193692242708	0.3156878388025963	0.037707424216619656	0.3349047765113401	0.020732911510812194
21.0	8.0	NaN	NaN	NaN	NaN	NaN	NaN	NaN	NaN
22.0	1.0	0.35224383346722465	0.11761937386052015	0.6261241956462136	0.10987139414187158	0.5909384385485282	0.10040028424170826	0.5557526814508429	0.0909291743415452
22.0	2.0	0.2655148789929691	0.15123825567981783	0.5277558959902926	0.18117854147654952	0.5054461466181297	0.15164547411709717	0.4831363972459668	0.12211240675764479
22.0	3.0	0.22899777480747135	0.2055953887907052	0.45730215137273056	0.28122230500165096	0.45317742353031953	0.22760022303067587	0.4490526956879086	0.17397814105970077
22.0	4.0	0.16557675591551202	0.23416089382945668	0.32011523044792933	0.41771531443864174	0.35057615223964667	0.3208096192268397	0.381037074031364	0.22390392401503764
22.0	5.0	NaN	NaN	NaN	NaN	NaN	NaN	NaN	NaN
22.0	6.0	NaN	NaN	NaN	NaN	NaN	NaN	NaN	NaN
22.0	7.0	NaN	NaN	NaN	NaN	NaN	NaN	NaN	NaN
22.0	8.0	NaN	NaN	NaN	NaN	NaN	NaN	NaN	NaN
23.0	1.0	NaN	NaN	NaN	NaN	NaN	NaN	NaN	NaN
23.0	2.0	NaN	NaN	NaN	NaN	NaN	NaN	NaN	NaN
23.0	3.0	NaN	NaN	NaN	NaN	NaN	NaN	NaN	NaN
23.0	4.0	NaN	NaN	NaN	NaN	NaN	NaN	NaN	NaN
23.0	5.0	NaN	NaN	NaN	NaN	NaN	NaN	NaN	NaN
24.0	1.0	NaN	NaN	NaN	NaN	NaN	NaN	NaN	NaN
24.0	2.0	NaN	NaN	NaN	NaN	NaN	NaN	NaN	NaN
24.0	3.0	NaN	NaN	NaN	NaN	NaN	NaN	NaN	NaN
24.0	4.0	NaN	NaN	NaN	NaN	NaN	NaN	NaN	NaN
