# DAUGHTER VS RLS BY REJUVENATION
# original file "wt_unlimCap_noRe_3gen_perturbed.txt" 
# daughter	rls	rejuvenation
3.0	19.0	1.5288
1.0	16.0	1.2441
1.0	17.0	1.2441
2.0	14.0	1.2441
1.0	18.0	1.236
1.0	16.0	1.1416
1.0	15.0	1.1416
1.0	16.0	1.1416
2.0	14.0	1.1416
5.0	17.0	1.1178
1.0	12.0	1.1178
4.0	15.0	1.0986
2.0	14.0	1.0986
1.0	16.0	1.0141
1.0	17.0	1.0141
1.0	17.0	0.9989
1.0	15.0	0.9934
1.0	15.0	0.9781
2.0	12.0	0.9781
2.0	11.0	0.9781
3.0	14.0	0.9781
2.0	11.0	0.9728
1.0	16.0	0.9728
1.0	14.0	0.971
4.0	14.0	0.971
3.0	12.0	0.9704
2.0	15.0	0.9613
2.0	10.0	0.9613
2.0	16.0	0.8693
1.0	9.0	0.8562
2.0	13.0	0.8562
1.0	10.0	0.8515
2.0	16.0	0.8515
1.0	13.0	0.8515
1.0	12.0	0.8515
2.0	12.0	0.8515
3.0	13.0	0.8383
1.0	15.0	0.8383
1.0	14.0	0.8383
3.0	14.0	0.8383
2.0	14.0	0.8383
2.0	15.0	0.8383
1.0	9.0	0.8383
1.0	12.0	0.8383
1.0	11.0	0.8383
1.0	15.0	0.8381
2.0	14.0	0.8381
1.0	11.0	0.8339
1.0	12.0	0.8339
3.0	11.0	0.8339
1.0	12.0	0.8339
4.0	13.0	0.8339
1.0	14.0	0.8339
1.0	8.0	0.8339
2.0	13.0	0.8323
1.0	11.0	0.8323
1.0	10.0	0.8323
1.0	12.0	0.8318
1.0	14.0	0.8318
1.0	11.0	0.8318
1.0	11.0	0.8294
1.0	12.0	0.8294
2.0	17.0	0.824
1.0	13.0	0.824
1.0	10.0	0.824
1.0	14.0	0.824
2.0	10.0	0.824
2.0	12.0	0.824
1.0	7.0	0.7244
1.0	12.0	0.7244
4.0	12.0	0.7244
1.0	12.0	0.7244
1.0	12.0	0.7244
1.0	8.0	0.7244
2.0	11.0	0.7244
2.0	11.0	0.7244
2.0	13.0	0.7244
2.0	13.0	0.7135
2.0	13.0	0.7135
2.0	12.0	0.7135
1.0	8.0	0.7135
1.0	11.0	0.7135
2.0	10.0	0.7135
1.0	10.0	0.7135
1.0	12.0	0.7096
3.0	11.0	0.7096
1.0	9.0	0.7096
3.0	13.0	0.7096
1.0	13.0	0.6986
2.0	13.0	0.6986
1.0	9.0	0.6986
1.0	13.0	0.6986
1.0	12.0	0.6986
2.0	11.0	0.6986
1.0	13.0	0.6984
2.0	13.0	0.6984
1.0	8.0	0.6984
1.0	11.0	0.6984
1.0	17.0	0.6984
3.0	11.0	0.6984
2.0	11.0	0.6984
4.0	13.0	0.6949
1.0	12.0	0.6949
1.0	14.0	0.6949
1.0	10.0	0.6949
1.0	10.0	0.6949
2.0	13.0	0.6949
1.0	9.0	0.6949
1.0	12.0	0.6949
2.0	8.0	0.6949
3.0	12.0	0.6949
1.0	9.0	0.6949
1.0	9.0	0.6949
5.0	15.0	0.6936
1.0	14.0	0.6936
2.0	12.0	0.6936
3.0	11.0	0.6936
3.0	10.0	0.6936
1.0	7.0	0.6936
1.0	11.0	0.6936
1.0	8.0	0.6936
1.0	10.0	0.6936
2.0	11.0	0.6936
3.0	11.0	0.6936
1.0	9.0	0.6936
1.0	9.0	0.6936
5.0	15.0	0.6932
3.0	11.0	0.6932
1.0	13.0	0.6932
2.0	9.0	0.6932
2.0	11.0	0.6932
1.0	10.0	0.6932
1.0	11.0	0.6912
1.0	12.0	0.6912
2.0	10.0	0.6912
2.0	12.0	0.6912
2.0	9.0	0.6912
2.0	9.0	0.6912
3.0	11.0	0.6912
1.0	11.0	0.6867
3.0	10.0	0.6867
1.0	8.0	0.6867
1.0	6.0	0.6867
3.0	10.0	0.5795
4.0	10.0	0.5795
2.0	12.0	0.5795
1.0	8.0	0.5795
2.0	11.0	0.5795
3.0	11.0	0.5795
1.0	14.0	0.5795
2.0	11.0	0.5795
1.0	10.0	0.5795
2.0	10.0	0.5795
2.0	13.0	0.5795
3.0	10.0	0.5795
3.0	12.0	0.5708
4.0	12.0	0.5708
1.0	9.0	0.5708
2.0	9.0	0.5708
1.0	10.0	0.5708
1.0	7.0	0.5708
4.0	14.0	0.5708
2.0	9.0	0.5708
3.0	11.0	0.5708
1.0	9.0	0.5708
1.0	11.0	0.5677
3.0	11.0	0.5677
2.0	9.0	0.5677
1.0	7.0	0.5677
1.0	14.0	0.5677
1.0	10.0	0.5677
1.0	7.0	0.5677
1.0	10.0	0.5677
1.0	6.0	0.5677
1.0	10.0	0.5677
3.0	10.0	0.5677
1.0	12.0	0.5677
1.0	10.0	0.5677
2.0	10.0	0.5677
3.0	9.0	0.5677
1.0	7.0	0.5677
1.0	11.0	0.5589
2.0	12.0	0.5589
1.0	11.0	0.5589
1.0	10.0	0.5589
1.0	9.0	0.5589
1.0	10.0	0.5589
3.0	9.0	0.5589
1.0	14.0	0.5589
2.0	12.0	0.5589
2.0	11.0	0.5589
1.0	8.0	0.5589
1.0	7.0	0.5589
4.0	10.0	0.5589
2.0	10.0	0.5589
1.0	8.0	0.5589
1.0	6.0	0.5589
1.0	5.0	0.5589
1.0	13.0	0.5589
1.0	12.0	0.5587
3.0	12.0	0.5587
1.0	12.0	0.5587
2.0	8.0	0.5587
1.0	12.0	0.5587
4.0	10.0	0.5587
1.0	12.0	0.5587
1.0	11.0	0.5587
1.0	9.0	0.5587
3.0	9.0	0.5587
1.0	10.0	0.5587
2.0	11.0	0.5587
1.0	7.0	0.5587
3.0	14.0	0.5559
1.0	12.0	0.5559
1.0	8.0	0.5559
1.0	11.0	0.5559
2.0	11.0	0.5559
3.0	12.0	0.5559
2.0	13.0	0.5559
2.0	10.0	0.5559
1.0	11.0	0.5559
1.0	10.0	0.5559
2.0	10.0	0.5559
2.0	8.0	0.5559
1.0	13.0	0.5549
1.0	8.0	0.5549
1.0	5.0	0.5549
1.0	14.0	0.5549
2.0	11.0	0.5549
1.0	10.0	0.5549
1.0	13.0	0.5549
4.0	10.0	0.5549
1.0	9.0	0.5549
2.0	12.0	0.5549
2.0	9.0	0.5549
1.0	12.0	0.5549
5.0	12.0	0.5549
2.0	9.0	0.5549
4.0	12.0	0.5545
1.0	13.0	0.5545
2.0	13.0	0.5545
1.0	10.0	0.5545
2.0	10.0	0.5545
3.0	10.0	0.5545
1.0	11.0	0.5545
2.0	10.0	0.5545
1.0	9.0	0.5545
1.0	12.0	0.5545
6.0	13.0	0.5545
1.0	9.0	0.5545
1.0	9.0	0.5545
1.0	8.0	0.5545
2.0	10.0	0.5545
1.0	8.0	0.5545
2.0	9.0	0.5545
3.0	11.0	0.5529
1.0	8.0	0.5529
1.0	13.0	0.5529
3.0	11.0	0.5529
1.0	8.0	0.5529
1.0	14.0	0.5529
1.0	7.0	0.5529
1.0	8.0	0.5529
1.0	7.0	0.5529
1.0	12.0	0.5493
2.0	14.0	0.5493
2.0	9.0	0.5493
1.0	8.0	0.5493
2.0	8.0	0.5493
1.0	12.0	0.5493
2.0	12.0	0.5493
1.0	10.0	0.5493
1.0	13.0	0.5493
1.0	10.0	0.5493
2.0	10.0	0.5493
1.0	9.0	0.5493
5.0	13.0	0.5493
1.0	11.0	0.5493
2.0	10.0	0.5493
1.0	9.0	0.5493
2.0	12.0	0.5493
2.0	11.0	0.5493
1.0	9.0	0.5493
1.0	9.0	0.5493
1.0	6.0	0.5493
1.0	9.0	0.5493
2.0	9.0	0.5493
2.0	12.0	0.5493
3.0	12.0	0.5493
1.0	7.0	0.5493
1.0	6.0	0.5493
1.0	11.0	0.4346
1.0	11.0	0.4346
1.0	7.0	0.4346
1.0	10.0	0.4346
2.0	8.0	0.4346
2.0	13.0	0.4346
3.0	12.0	0.4346
3.0	10.0	0.4346
1.0	9.0	0.4346
2.0	7.0	0.4346
1.0	9.0	0.4346
1.0	8.0	0.4346
2.0	8.0	0.4346
1.0	7.0	0.4346
1.0	9.0	0.4346
1.0	9.0	0.4346
1.0	5.0	0.4346
1.0	10.0	0.4281
2.0	9.0	0.4281
1.0	5.0	0.4281
3.0	11.0	0.4281
1.0	12.0	0.4281
2.0	6.0	0.4281
1.0	13.0	0.4281
3.0	11.0	0.4281
1.0	11.0	0.4281
2.0	11.0	0.4281
2.0	11.0	0.4281
2.0	9.0	0.4281
1.0	9.0	0.4281
1.0	11.0	0.4281
1.0	7.0	0.4281
2.0	12.0	0.4281
2.0	10.0	0.4281
2.0	8.0	0.4281
1.0	8.0	0.4281
3.0	8.0	0.4281
1.0	6.0	0.4281
2.0	12.0	0.4258
2.0	10.0	0.4258
2.0	10.0	0.4258
1.0	8.0	0.4258
2.0	6.0	0.4258
1.0	10.0	0.4258
4.0	10.0	0.4258
7.0	14.0	0.4258
4.0	13.0	0.4258
2.0	9.0	0.4258
6.0	11.0	0.4258
1.0	9.0	0.4258
1.0	9.0	0.4258
1.0	5.0	0.4258
1.0	12.0	0.4258
2.0	12.0	0.4258
1.0	10.0	0.4258
1.0	7.0	0.4258
2.0	7.0	0.4258
1.0	5.0	0.4258
2.0	11.0	0.4258
4.0	9.0	0.4258
1.0	9.0	0.4258
1.0	11.0	0.4258
4.0	9.0	0.4258
1.0	8.0	0.4258
1.0	7.0	0.4258
2.0	7.0	0.4258
3.0	10.0	0.4258
3.0	11.0	0.4192
1.0	10.0	0.4192
1.0	9.0	0.4192
3.0	9.0	0.4192
1.0	8.0	0.4192
2.0	7.0	0.4192
2.0	11.0	0.4192
4.0	11.0	0.4192
2.0	11.0	0.4192
5.0	11.0	0.4192
1.0	9.0	0.4192
2.0	9.0	0.4192
1.0	8.0	0.4192
2.0	8.0	0.4192
1.0	8.0	0.4192
1.0	7.0	0.4192
2.0	7.0	0.4192
3.0	7.0	0.4192
1.0	11.0	0.4192
1.0	6.0	0.4192
2.0	11.0	0.4192
4.0	11.0	0.4192
1.0	11.0	0.4192
2.0	11.0	0.4192
1.0	10.0	0.4192
2.0	7.0	0.4192
1.0	9.0	0.4192
3.0	9.0	0.4192
2.0	6.0	0.4192
2.0	9.0	0.4192
3.0	9.0	0.4192
1.0	7.0	0.4192
4.0	10.0	0.4192
1.0	12.0	0.4191
2.0	12.0	0.4191
2.0	12.0	0.4191
5.0	12.0	0.4191
3.0	11.0	0.4191
3.0	8.0	0.4191
1.0	6.0	0.4191
1.0	12.0	0.4191
1.0	9.0	0.4191
1.0	7.0	0.4191
1.0	14.0	0.4191
4.0	11.0	0.4191
1.0	8.0	0.4191
1.0	5.0	0.4191
2.0	12.0	0.4191
3.0	12.0	0.4191
3.0	12.0	0.4191
2.0	9.0	0.4191
1.0	8.0	0.4191
2.0	8.0	0.4191
2.0	10.0	0.4191
3.0	10.0	0.4191
1.0	15.0	0.4191
2.0	9.0	0.4191
1.0	5.0	0.4191
2.0	11.0	0.4191
1.0	9.0	0.4191
4.0	11.0	0.4191
2.0	11.0	0.4191
2.0	6.0	0.4191
2.0	11.0	0.4191
1.0	10.0	0.4191
3.0	10.0	0.4191
4.0	10.0	0.4191
1.0	6.0	0.4191
2.0	6.0	0.4191
1.0	11.0	0.4191
1.0	7.0	0.4191
3.0	9.0	0.4191
1.0	7.0	0.4191
2.0	7.0	0.4191
2.0	11.0	0.4169
2.0	8.0	0.4169
3.0	8.0	0.4169
2.0	10.0	0.4169
2.0	13.0	0.4169
5.0	13.0	0.4169
1.0	11.0	0.4169
2.0	11.0	0.4169
2.0	9.0	0.4169
3.0	9.0	0.4169
2.0	9.0	0.4169
4.0	9.0	0.4169
3.0	10.0	0.4169
1.0	7.0	0.4169
3.0	7.0	0.4169
1.0	5.0	0.4169
1.0	15.0	0.4169
3.0	15.0	0.4169
4.0	10.0	0.4169
4.0	13.0	0.4169
4.0	11.0	0.4169
1.0	8.0	0.4169
2.0	8.0	0.4169
1.0	6.0	0.4169
2.0	11.0	0.4169
4.0	11.0	0.4169
1.0	12.0	0.4169
4.0	9.0	0.4169
2.0	8.0	0.4169
2.0	16.0	0.4169
2.0	11.0	0.4169
2.0	9.0	0.4169
2.0	10.0	0.4169
1.0	7.0	0.4169
1.0	5.0	0.4169
5.0	14.0	0.4169
1.0	10.0	0.4169
3.0	10.0	0.4169
1.0	10.0	0.4169
1.0	6.0	0.4169
2.0	10.0	0.4169
3.0	10.0	0.4169
1.0	9.0	0.4169
1.0	10.0	0.4169
2.0	11.0	0.4169
1.0	8.0	0.4169
3.0	8.0	0.4169
1.0	12.0	0.4169
1.0	13.0	0.4169
1.0	9.0	0.4169
2.0	9.0	0.4169
1.0	6.0	0.4169
2.0	6.0	0.4169
2.0	7.0	0.4169
2.0	10.0	0.4161
2.0	10.0	0.4161
2.0	12.0	0.4161
3.0	10.0	0.4161
1.0	10.0	0.4161
2.0	9.0	0.4161
2.0	12.0	0.4161
2.0	8.0	0.4161
2.0	6.0	0.4161
1.0	6.0	0.4161
3.0	13.0	0.4161
2.0	11.0	0.4161
3.0	8.0	0.4161
4.0	8.0	0.4161
1.0	11.0	0.4161
3.0	13.0	0.4161
3.0	10.0	0.4161
1.0	9.0	0.4161
4.0	9.0	0.4161
1.0	10.0	0.4161
1.0	8.0	0.4161
2.0	7.0	0.4161
1.0	7.0	0.4161
1.0	9.0	0.4161
1.0	5.0	0.4161
3.0	8.0	0.4161
2.0	10.0	0.4159
2.0	11.0	0.4159
3.0	11.0	0.4159
5.0	11.0	0.4159
6.0	11.0	0.4159
1.0	10.0	0.4159
1.0	9.0	0.4159
2.0	9.0	0.4159
1.0	5.0	0.4159
2.0	5.0	0.4159
4.0	12.0	0.4159
6.0	14.0	0.4159
2.0	11.0	0.4159
1.0	7.0	0.4159
5.0	13.0	0.4159
1.0	9.0	0.4159
2.0	8.0	0.4159
2.0	11.0	0.4159
2.0	12.0	0.4159
3.0	8.0	0.4159
3.0	10.0	0.4159
2.0	8.0	0.4159
2.0	8.0	0.4159
2.0	12.0	0.4159
5.0	10.0	0.4159
1.0	7.0	0.4159
1.0	5.0	0.4159
2.0	5.0	0.4159
1.0	12.0	0.4159
3.0	9.0	0.4159
2.0	8.0	0.4159
1.0	5.0	0.4159
3.0	9.0	0.4147
2.0	10.0	0.4147
3.0	12.0	0.4147
1.0	10.0	0.4147
2.0	10.0	0.4147
1.0	14.0	0.4147
2.0	10.0	0.4147
3.0	10.0	0.4147
4.0	10.0	0.4147
3.0	8.0	0.4147
2.0	11.0	0.4147
2.0	7.0	0.4147
1.0	5.0	0.4147
3.0	13.0	0.4147
1.0	9.0	0.4147
2.0	9.0	0.4147
1.0	9.0	0.4147
2.0	14.0	0.4147
3.0	14.0	0.4147
1.0	10.0	0.4147
1.0	7.0	0.4147
1.0	7.0	0.4147
1.0	6.0	0.4147
1.0	13.0	0.4147
2.0	9.0	0.4147
3.0	9.0	0.4147
1.0	8.0	0.4147
2.0	9.0	0.4147
2.0	7.0	0.4147
3.0	7.0	0.4147
2.0	6.0	0.4147
3.0	11.0	0.412
2.0	10.0	0.412
3.0	10.0	0.412
4.0	10.0	0.412
3.0	9.0	0.412
3.0	12.0	0.412
4.0	12.0	0.412
1.0	11.0	0.412
3.0	11.0	0.412
2.0	9.0	0.412
1.0	8.0	0.412
1.0	5.0	0.412
7.0	14.0	0.412
3.0	12.0	0.412
3.0	9.0	0.412
2.0	7.0	0.412
3.0	10.0	0.412
4.0	10.0	0.412
1.0	9.0	0.412
1.0	11.0	0.412
4.0	11.0	0.412
4.0	10.0	0.412
2.0	14.0	0.412
1.0	10.0	0.412
5.0	12.0	0.412
1.0	16.0	0.412
5.0	16.0	0.412
1.0	8.0	0.412
3.0	11.0	0.412
2.0	10.0	0.412
3.0	10.0	0.412
1.0	9.0	0.412
1.0	7.0	0.412
1.0	9.0	0.412
3.0	9.0	0.412
1.0	13.0	0.412
3.0	8.0	0.412
1.0	6.0	0.412
2.0	6.0	0.412
2.0	8.0	0.2898
1.0	9.0	0.2898
3.0	9.0	0.2898
3.0	10.0	0.2898
2.0	6.0	0.2898
3.0	6.0	0.2898
1.0	9.0	0.2898
2.0	6.0	0.2898
3.0	6.0	0.2898
1.0	5.0	0.2898
2.0	14.0	0.2898
4.0	9.0	0.2898
1.0	5.0	0.2898
2.0	5.0	0.2898
3.0	12.0	0.2898
4.0	12.0	0.2898
3.0	13.0	0.2898
3.0	8.0	0.2898
2.0	8.0	0.2898
3.0	12.0	0.2898
1.0	10.0	0.2898
3.0	10.0	0.2898
1.0	8.0	0.2898
2.0	8.0	0.2898
1.0	8.0	0.2898
3.0	7.0	0.2898
1.0	3.0	0.2898
1.0	10.0	0.2898
1.0	5.0	0.2898
1.0	9.0	0.2898
2.0	4.0	0.2898
1.0	8.0	0.2854
2.0	8.0	0.2854
1.0	10.0	0.2854
1.0	10.0	0.2854
2.0	9.0	0.2854
1.0	6.0	0.2854
2.0	6.0	0.2854
1.0	10.0	0.2854
1.0	9.0	0.2854
3.0	5.0	0.2854
1.0	10.0	0.2854
1.0	8.0	0.2854
2.0	8.0	0.2854
1.0	12.0	0.2854
3.0	12.0	0.2854
4.0	11.0	0.2854
2.0	10.0	0.2854
1.0	7.0	0.2854
3.0	7.0	0.2854
2.0	5.0	0.2854
1.0	9.0	0.2854
4.0	9.0	0.2854
1.0	11.0	0.2854
1.0	9.0	0.2854
3.0	9.0	0.2854
1.0	6.0	0.2854
4.0	8.0	0.2854
1.0	5.0	0.2854
2.0	5.0	0.2854
3.0	7.0	0.2854
2.0	5.0	0.2854
1.0	9.0	0.2838
3.0	12.0	0.2838
5.0	12.0	0.2838
1.0	10.0	0.2838
2.0	10.0	0.2838
2.0	9.0	0.2838
3.0	9.0	0.2838
1.0	11.0	0.2838
4.0	8.0	0.2838
2.0	10.0	0.2838
2.0	6.0	0.2838
3.0	6.0	0.2838
3.0	13.0	0.2838
1.0	12.0	0.2838
3.0	8.0	0.2838
3.0	9.0	0.2838
2.0	8.0	0.2838
2.0	9.0	0.2838
3.0	9.0	0.2838
5.0	9.0	0.2838
1.0	10.0	0.2838
3.0	10.0	0.2838
3.0	6.0	0.2838
3.0	8.0	0.2838
1.0	4.0	0.2838
2.0	4.0	0.2838
1.0	10.0	0.2838
2.0	10.0	0.2838
3.0	10.0	0.2838
5.0	10.0	0.2838
2.0	7.0	0.2838
4.0	7.0	0.2838
3.0	6.0	0.2838
1.0	7.0	0.2838
1.0	9.0	0.2838
1.0	8.0	0.2838
1.0	11.0	0.2794
3.0	9.0	0.2794
5.0	9.0	0.2794
4.0	10.0	0.2794
1.0	8.0	0.2794
2.0	11.0	0.2794
4.0	11.0	0.2794
2.0	13.0	0.2794
3.0	13.0	0.2794
4.0	14.0	0.2794
1.0	10.0	0.2794
3.0	7.0	0.2794
2.0	7.0	0.2794
1.0	4.0	0.2794
2.0	9.0	0.2794
3.0	9.0	0.2794
5.0	9.0	0.2794
3.0	7.0	0.2794
2.0	8.0	0.2794
3.0	8.0	0.2794
4.0	8.0	0.2794
1.0	6.0	0.2794
3.0	7.0	0.2794
3.0	8.0	0.2794
1.0	7.0	0.2794
3.0	12.0	0.2794
4.0	10.0	0.2794
2.0	5.0	0.2794
3.0	9.0	0.2794
4.0	10.0	0.2794
1.0	12.0	0.2794
3.0	9.0	0.2794
1.0	10.0	0.2794
3.0	10.0	0.2794
4.0	9.0	0.2794
4.0	8.0	0.2794
2.0	6.0	0.2794
1.0	4.0	0.2794
1.0	11.0	0.2794
2.0	11.0	0.2794
3.0	11.0	0.2794
2.0	9.0	0.2794
4.0	9.0	0.2794
3.0	10.0	0.2794
2.0	7.0	0.2794
2.0	6.0	0.2794
1.0	9.0	0.2794
2.0	6.0	0.2794
3.0	6.0	0.2794
1.0	5.0	0.2794
2.0	14.0	0.2794
2.0	10.0	0.2794
2.0	7.0	0.2794
5.0	10.0	0.2794
4.0	11.0	0.2794
2.0	11.0	0.2794
4.0	11.0	0.2794
2.0	8.0	0.2794
3.0	8.0	0.2794
1.0	9.0	0.2794
2.0	9.0	0.2794
2.0	6.0	0.2794
3.0	6.0	0.2794
2.0	5.0	0.2794
2.0	13.0	0.2794
3.0	13.0	0.2794
1.0	11.0	0.2794
1.0	10.0	0.2794
4.0	10.0	0.2794
1.0	10.0	0.2794
4.0	12.0	0.2794
1.0	9.0	0.2794
3.0	9.0	0.2794
2.0	9.0	0.2794
1.0	9.0	0.2794
1.0	8.0	0.2794
2.0	8.0	0.2794
2.0	4.0	0.2794
3.0	14.0	0.2794
3.0	11.0	0.2794
5.0	11.0	0.2794
1.0	8.0	0.2794
3.0	8.0	0.2794
3.0	7.0	0.2794
1.0	11.0	0.2794
1.0	9.0	0.2794
1.0	10.0	0.2794
1.0	8.0	0.2794
1.0	6.0	0.2794
4.0	10.0	0.2794
1.0	8.0	0.2794
2.0	8.0	0.2794
3.0	8.0	0.2794
3.0	8.0	0.2794
4.0	8.0	0.2794
2.0	9.0	0.2794
4.0	9.0	0.2794
2.0	8.0	0.2794
1.0	5.0	0.2794
5.0	10.0	0.2794
4.0	9.0	0.2794
1.0	7.0	0.2794
1.0	5.0	0.2794
2.0	9.0	0.2794
5.0	9.0	0.2794
2.0	7.0	0.2794
1.0	7.0	0.2794
2.0	7.0	0.2794
3.0	9.0	0.2794
1.0	8.0	0.2794
3.0	6.0	0.2794
2.0	5.0	0.2794
5.0	12.0	0.278
3.0	10.0	0.278
2.0	9.0	0.278
3.0	9.0	0.278
4.0	9.0	0.278
2.0	7.0	0.278
3.0	7.0	0.278
5.0	9.0	0.278
1.0	7.0	0.278
1.0	9.0	0.278
2.0	6.0	0.278
3.0	12.0	0.278
1.0	11.0	0.278
3.0	9.0	0.278
6.0	9.0	0.278
4.0	11.0	0.278
2.0	10.0	0.278
3.0	10.0	0.278
3.0	7.0	0.278
3.0	10.0	0.278
2.0	8.0	0.278
2.0	6.0	0.278
3.0	6.0	0.278
4.0	11.0	0.278
1.0	8.0	0.278
5.0	8.0	0.278
1.0	8.0	0.278
2.0	7.0	0.278
1.0	3.0	0.278
7.0	13.0	0.278
1.0	10.0	0.278
2.0	14.0	0.278
3.0	10.0	0.278
4.0	10.0	0.278
1.0	8.0	0.278
2.0	8.0	0.278
2.0	6.0	0.278
4.0	9.0	0.278
2.0	6.0	0.278
3.0	8.0	0.278
2.0	9.0	0.278
5.0	9.0	0.278
1.0	5.0	0.278
4.0	10.0	0.278
2.0	7.0	0.278
5.0	11.0	0.278
1.0	8.0	0.278
2.0	8.0	0.278
1.0	6.0	0.278
3.0	6.0	0.278
3.0	9.0	0.2774
2.0	12.0	0.2774
3.0	8.0	0.2774
2.0	6.0	0.2774
1.0	11.0	0.2774
2.0	11.0	0.2774
3.0	11.0	0.2774
2.0	11.0	0.2774
3.0	11.0	0.2774
5.0	12.0	0.2774
3.0	11.0	0.2774
1.0	9.0	0.2774
5.0	9.0	0.2774
1.0	7.0	0.2774
2.0	7.0	0.2774
1.0	7.0	0.2774
2.0	7.0	0.2774
2.0	4.0	0.2774
2.0	8.0	0.2774
3.0	7.0	0.2774
3.0	5.0	0.2774
1.0	10.0	0.2774
1.0	9.0	0.2774
1.0	10.0	0.2774
2.0	7.0	0.2774
1.0	7.0	0.2774
1.0	3.0	0.2774
4.0	10.0	0.2774
2.0	9.0	0.2774
3.0	9.0	0.2774
1.0	8.0	0.2774
3.0	8.0	0.2774
2.0	6.0	0.2774
3.0	9.0	0.2774
3.0	7.0	0.2774
4.0	7.0	0.2774
3.0	6.0	0.2774
2.0	10.0	0.2774
3.0	10.0	0.2774
2.0	8.0	0.2774
4.0	8.0	0.2774
3.0	6.0	0.2774
1.0	7.0	0.2774
2.0	12.0	0.2773
4.0	9.0	0.2773
1.0	8.0	0.2773
4.0	10.0	0.2773
1.0	10.0	0.2773
4.0	10.0	0.2773
2.0	6.0	0.2773
1.0	12.0	0.2773
4.0	12.0	0.2773
2.0	9.0	0.2773
3.0	9.0	0.2773
2.0	11.0	0.2773
4.0	11.0	0.2773
3.0	8.0	0.2773
4.0	8.0	0.2773
2.0	10.0	0.2773
1.0	6.0	0.2773
1.0	11.0	0.2773
2.0	11.0	0.2773
3.0	11.0	0.2773
3.0	10.0	0.2773
1.0	11.0	0.2773
4.0	11.0	0.2773
1.0	7.0	0.2773
2.0	7.0	0.2773
2.0	6.0	0.2773
4.0	12.0	0.2773
2.0	10.0	0.2773
3.0	10.0	0.2773
1.0	11.0	0.2773
1.0	9.0	0.2773
2.0	9.0	0.2773
1.0	10.0	0.2773
2.0	10.0	0.2773
1.0	8.0	0.2773
4.0	8.0	0.2773
2.0	6.0	0.2773
3.0	6.0	0.2773
3.0	7.0	0.2773
1.0	7.0	0.2773
2.0	7.0	0.2773
2.0	11.0	0.2765
3.0	9.0	0.2765
2.0	6.0	0.2765
1.0	4.0	0.2765
1.0	11.0	0.2765
3.0	11.0	0.2765
2.0	11.0	0.2765
4.0	11.0	0.2765
1.0	9.0	0.2765
2.0	9.0	0.2765
2.0	9.0	0.2765
3.0	9.0	0.2765
3.0	6.0	0.2765
2.0	12.0	0.2765
1.0	13.0	0.2765
2.0	13.0	0.2765
1.0	9.0	0.2765
3.0	8.0	0.2765
2.0	6.0	0.2765
3.0	6.0	0.2765
7.0	12.0	0.2765
1.0	13.0	0.2765
1.0	11.0	0.2765
2.0	9.0	0.2765
3.0	10.0	0.2765
1.0	8.0	0.2765
3.0	7.0	0.2765
1.0	5.0	0.2765
2.0	5.0	0.2765
2.0	7.0	0.2765
2.0	5.0	0.2765
1.0	12.0	0.2747
3.0	12.0	0.2747
5.0	9.0	0.2747
2.0	8.0	0.2747
4.0	8.0	0.2747
1.0	10.0	0.2747
4.0	10.0	0.2747
6.0	10.0	0.2747
4.0	10.0	0.2747
2.0	12.0	0.2747
3.0	12.0	0.2747
3.0	7.0	0.2747
1.0	8.0	0.2747
3.0	6.0	0.2747
2.0	9.0	0.2747
3.0	8.0	0.2747
4.0	10.0	0.2747
1.0	6.0	0.2747
3.0	6.0	0.2747
3.0	10.0	0.2747
1.0	10.0	0.2747
5.0	10.0	0.2747
3.0	9.0	0.2747
1.0	11.0	0.2747
1.0	8.0	0.2747
2.0	7.0	0.2747
2.0	4.0	0.2747
1.0	12.0	0.2747
2.0	7.0	0.2747
3.0	7.0	0.2747
1.0	6.0	0.2747
2.0	6.0	0.2747
2.0	11.0	0.2747
1.0	7.0	0.2747
3.0	8.0	0.2747
3.0	7.0	0.2747
2.0	7.0	0.2747
1.0	10.0	0.2747
2.0	10.0	0.2747
1.0	7.0	0.1449
5.0	8.0	0.1449
5.0	9.0	0.1449
2.0	11.0	0.1449
3.0	11.0	0.1449
2.0	10.0	0.1449
3.0	10.0	0.1449
1.0	10.0	0.1449
3.0	10.0	0.1449
2.0	4.0	0.1449
1.0	12.0	0.1449
2.0	8.0	0.1449
3.0	8.0	0.1449
5.0	8.0	0.1449
6.0	8.0	0.1449
2.0	8.0	0.1449
3.0	8.0	0.1449
1.0	6.0	0.1449
3.0	6.0	0.1449
4.0	6.0	0.1449
3.0	4.0	0.1449
1.0	11.0	0.1449
4.0	12.0	0.1449
1.0	8.0	0.1449
2.0	8.0	0.1449
3.0	7.0	0.1449
1.0	5.0	0.1449
3.0	5.0	0.1449
2.0	4.0	0.1449
3.0	4.0	0.1449
2.0	11.0	0.1449
2.0	9.0	0.1449
1.0	10.0	0.1449
3.0	7.0	0.1449
4.0	7.0	0.1449
2.0	9.0	0.1449
3.0	9.0	0.1449
4.0	9.0	0.1449
3.0	7.0	0.1449
2.0	5.0	0.1449
4.0	9.0	0.1449
2.0	7.0	0.1449
2.0	8.0	0.1449
3.0	7.0	0.1427
4.0	9.0	0.1427
3.0	8.0	0.1427
4.0	8.0	0.1427
1.0	7.0	0.1427
3.0	7.0	0.1427
4.0	7.0	0.1427
3.0	5.0	0.1427
2.0	3.0	0.1427
5.0	9.0	0.1427
3.0	8.0	0.1427
3.0	6.0	0.1427
4.0	6.0	0.1427
2.0	8.0	0.1427
3.0	8.0	0.1427
2.0	11.0	0.1427
3.0	11.0	0.1427
2.0	9.0	0.1427
3.0	9.0	0.1427
4.0	9.0	0.1427
3.0	9.0	0.1427
6.0	9.0	0.1427
3.0	7.0	0.1427
4.0	7.0	0.1427
3.0	7.0	0.1427
4.0	7.0	0.1427
2.0	4.0	0.1427
2.0	11.0	0.1427
3.0	9.0	0.1427
4.0	9.0	0.1427
2.0	9.0	0.1427
2.0	5.0	0.1427
3.0	5.0	0.1427
4.0	5.0	0.1427
5.0	8.0	0.1427
6.0	8.0	0.1427
1.0	8.0	0.1427
3.0	8.0	0.1427
4.0	8.0	0.1427
2.0	8.0	0.1427
3.0	5.0	0.1427
4.0	7.0	0.1427
5.0	7.0	0.1427
1.0	7.0	0.1427
2.0	7.0	0.1427
3.0	7.0	0.1427
2.0	6.0	0.1427
4.0	8.0	0.1419
1.0	10.0	0.1419
4.0	8.0	0.1419
3.0	8.0	0.1419
4.0	8.0	0.1419
1.0	9.0	0.1419
3.0	6.0	0.1419
4.0	6.0	0.1419
1.0	8.0	0.1419
2.0	8.0	0.1419
5.0	8.0	0.1419
3.0	9.0	0.1419
4.0	9.0	0.1419
2.0	7.0	0.1419
5.0	7.0	0.1419
1.0	9.0	0.1419
2.0	4.0	0.1419
3.0	11.0	0.1419
4.0	7.0	0.1419
2.0	5.0	0.1419
2.0	3.0	0.1419
4.0	13.0	0.1419
1.0	9.0	0.1419
2.0	9.0	0.1419
3.0	9.0	0.1419
1.0	9.0	0.1419
2.0	9.0	0.1419
5.0	9.0	0.1419
2.0	7.0	0.1419
3.0	7.0	0.1419
2.0	3.0	0.1419
3.0	10.0	0.1419
5.0	10.0	0.1419
2.0	8.0	0.1419
4.0	7.0	0.1419
2.0	3.0	0.1419
3.0	7.0	0.1419
2.0	7.0	0.1419
4.0	7.0	0.1419
6.0	9.0	0.1419
3.0	7.0	0.1419
2.0	9.0	0.1419
2.0	6.0	0.1419
2.0	8.0	0.1419
2.0	7.0	0.1419
2.0	4.0	0.1419
3.0	12.0	0.1397
6.0	12.0	0.1397
2.0	8.0	0.1397
5.0	8.0	0.1397
2.0	8.0	0.1397
4.0	8.0	0.1397
5.0	9.0	0.1397
2.0	7.0	0.1397
2.0	7.0	0.1397
4.0	7.0	0.1397
2.0	6.0	0.1397
4.0	12.0	0.1397
1.0	13.0	0.1397
3.0	9.0	0.1397
4.0	9.0	0.1397
3.0	9.0	0.1397
3.0	9.0	0.1397
4.0	9.0	0.1397
3.0	7.0	0.1397
2.0	3.0	0.1397
4.0	8.0	0.1397
4.0	6.0	0.1397
3.0	5.0	0.1397
4.0	5.0	0.1397
2.0	9.0	0.1397
3.0	9.0	0.1397
1.0	14.0	0.1397
2.0	7.0	0.1397
2.0	6.0	0.1397
5.0	9.0	0.1397
1.0	10.0	0.1397
2.0	10.0	0.1397
5.0	10.0	0.1397
4.0	9.0	0.1397
1.0	10.0	0.1397
1.0	7.0	0.1397
2.0	7.0	0.1397
4.0	7.0	0.1397
3.0	4.0	0.1397
3.0	9.0	0.1397
4.0	8.0	0.1397
6.0	9.0	0.1397
2.0	8.0	0.1397
3.0	5.0	0.1397
2.0	4.0	0.1397
1.0	8.0	0.1397
2.0	8.0	0.1397
3.0	7.0	0.1397
5.0	7.0	0.1397
1.0	7.0	0.1397
3.0	5.0	0.1397
2.0	3.0	0.1397
1.0	8.0	0.1397
3.0	8.0	0.1397
4.0	8.0	0.1397
1.0	8.0	0.1397
3.0	4.0	0.1397
2.0	3.0	0.1397
2.0	9.0	0.1397
5.0	7.0	0.1397
3.0	6.0	0.1397
3.0	8.0	0.1397
4.0	5.0	0.1397
2.0	4.0	0.1397
3.0	4.0	0.1397
1.0	10.0	0.1397
1.0	8.0	0.1397
2.0	8.0	0.1397
3.0	8.0	0.1397
5.0	8.0	0.1397
1.0	9.0	0.1397
1.0	6.0	0.1397
2.0	4.0	0.1397
4.0	9.0	0.1397
2.0	12.0	0.1397
6.0	12.0	0.1397
2.0	11.0	0.1397
2.0	10.0	0.1397
3.0	10.0	0.1397
6.0	10.0	0.1397
1.0	10.0	0.1397
2.0	10.0	0.1397
4.0	7.0	0.1397
3.0	8.0	0.1397
4.0	8.0	0.1397
3.0	4.0	0.1397
2.0	10.0	0.1397
3.0	10.0	0.1397
4.0	10.0	0.1397
5.0	10.0	0.1397
2.0	9.0	0.1397
3.0	9.0	0.1397
1.0	11.0	0.1397
3.0	11.0	0.1397
2.0	11.0	0.1397
3.0	11.0	0.1397
2.0	8.0	0.1397
4.0	8.0	0.1397
5.0	8.0	0.1397
3.0	8.0	0.1397
4.0	8.0	0.1397
2.0	8.0	0.1397
4.0	8.0	0.1397
3.0	7.0	0.1397
2.0	6.0	0.1397
2.0	11.0	0.1397
4.0	10.0	0.1397
5.0	10.0	0.1397
2.0	10.0	0.1397
1.0	10.0	0.1397
3.0	7.0	0.1397
4.0	7.0	0.1397
2.0	7.0	0.1397
4.0	7.0	0.1397
1.0	6.0	0.1397
2.0	6.0	0.1397
3.0	6.0	0.1397
3.0	10.0	0.1397
3.0	10.0	0.1397
2.0	9.0	0.1397
4.0	9.0	0.1397
4.0	8.0	0.1397
6.0	9.0	0.1397
3.0	5.0	0.1397
3.0	9.0	0.1397
1.0	12.0	0.1397
2.0	12.0	0.1397
1.0	8.0	0.1397
1.0	7.0	0.1397
3.0	7.0	0.1397
2.0	4.0	0.1397
1.0	9.0	0.1397
3.0	9.0	0.1397
2.0	9.0	0.1397
3.0	9.0	0.1397
1.0	9.0	0.1397
1.0	8.0	0.1397
2.0	6.0	0.1397
3.0	6.0	0.1397
1.0	10.0	0.1397
2.0	10.0	0.1397
1.0	11.0	0.1397
3.0	8.0	0.1397
2.0	8.0	0.1397
3.0	6.0	0.1397
2.0	7.0	0.1397
1.0	8.0	0.1397
2.0	5.0	0.1397
3.0	5.0	0.1397
1.0	3.0	0.1397
5.0	9.0	0.139
1.0	8.0	0.139
5.0	8.0	0.139
1.0	9.0	0.139
3.0	9.0	0.139
3.0	13.0	0.139
2.0	10.0	0.139
4.0	10.0	0.139
5.0	10.0	0.139
1.0	7.0	0.139
4.0	7.0	0.139
3.0	7.0	0.139
5.0	7.0	0.139
2.0	13.0	0.139
4.0	13.0	0.139
1.0	11.0	0.139
2.0	14.0	0.139
1.0	10.0	0.139
1.0	9.0	0.139
4.0	6.0	0.139
2.0	4.0	0.139
1.0	9.0	0.139
3.0	10.0	0.139
2.0	9.0	0.139
1.0	7.0	0.139
1.0	5.0	0.139
5.0	10.0	0.139
6.0	10.0	0.139
7.0	10.0	0.139
1.0	10.0	0.139
3.0	6.0	0.139
4.0	6.0	0.139
3.0	7.0	0.139
2.0	11.0	0.139
3.0	9.0	0.139
5.0	9.0	0.139
3.0	8.0	0.139
3.0	7.0	0.139
3.0	5.0	0.139
2.0	3.0	0.139
2.0	12.0	0.139
4.0	12.0	0.139
2.0	8.0	0.139
3.0	5.0	0.139
2.0	4.0	0.139
4.0	7.0	0.139
3.0	8.0	0.139
1.0	8.0	0.139
2.0	7.0	0.139
3.0	7.0	0.139
4.0	8.0	0.139
2.0	9.0	0.139
3.0	5.0	0.139
3.0	10.0	0.139
1.0	8.0	0.139
2.0	7.0	0.139
4.0	7.0	0.139
1.0	7.0	0.139
3.0	7.0	0.139
4.0	7.0	0.139
2.0	5.0	0.139
3.0	4.0	0.139
1.0	9.0	0.139
2.0	9.0	0.139
2.0	3.0	0.139
5.0	10.0	0.1387
1.0	8.0	0.1387
2.0	7.0	0.1387
6.0	11.0	0.1387
1.0	10.0	0.1387
1.0	8.0	0.1387
2.0	8.0	0.1387
1.0	8.0	0.1387
3.0	8.0	0.1387
3.0	8.0	0.1387
4.0	7.0	0.1387
5.0	7.0	0.1387
1.0	13.0	0.1387
1.0	9.0	0.1387
3.0	9.0	0.1387
4.0	9.0	0.1387
4.0	16.0	0.1387
3.0	10.0	0.1387
3.0	7.0	0.1387
4.0	6.0	0.1387
2.0	4.0	0.1387
4.0	10.0	0.1387
2.0	9.0	0.1387
2.0	6.0	0.1387
3.0	6.0	0.1387
6.0	11.0	0.1387
1.0	8.0	0.1387
2.0	7.0	0.1387
3.0	6.0	0.1387
3.0	5.0	0.1387
5.0	7.0	0.1387
4.0	8.0	0.1387
2.0	9.0	0.1387
3.0	9.0	0.1387
2.0	5.0	0.1387
5.0	9.0	0.1387
2.0	5.0	0.1387
2.0	3.0	0.1387
2.0	6.0	0.1387
1.0	8.0	0.1386
3.0	8.0	0.1386
1.0	9.0	0.1386
1.0	9.0	0.1386
3.0	9.0	0.1386
4.0	9.0	0.1386
2.0	8.0	0.1386
2.0	7.0	0.1386
3.0	9.0	0.1386
5.0	7.0	0.1386
2.0	7.0	0.1386
3.0	7.0	0.1386
5.0	7.0	0.1386
3.0	6.0	0.1386
2.0	5.0	0.1386
4.0	10.0	0.1386
1.0	5.0	0.1386
1.0	11.0	0.1386
4.0	6.0	0.1386
3.0	6.0	0.1386
2.0	5.0	0.1386
1.0	10.0	0.1386
3.0	10.0	0.1386
3.0	8.0	0.1386
1.0	7.0	0.1386
3.0	5.0	0.1386
5.0	9.0	0.1386
3.0	10.0	0.1386
4.0	10.0	0.1386
2.0	3.0	0.1386
4.0	6.0	0.1386
2.0	7.0	0.1382
4.0	7.0	0.1382
1.0	10.0	0.1382
4.0	8.0	0.1382
3.0	5.0	0.1382
2.0	3.0	0.1382
2.0	10.0	0.1382
5.0	10.0	0.1382
3.0	10.0	0.1382
7.0	10.0	0.1382
1.0	11.0	0.1382
1.0	8.0	0.1382
1.0	9.0	0.1382
5.0	9.0	0.1382
2.0	3.0	0.1382
1.0	13.0	0.1382
3.0	13.0	0.1382
1.0	11.0	0.1382
3.0	8.0	0.1382
4.0	8.0	0.1382
7.0	8.0	0.1382
2.0	7.0	0.1382
4.0	7.0	0.1382
1.0	5.0	0.1382
6.0	11.0	0.1382
1.0	8.0	0.1382
2.0	10.0	0.1382
3.0	10.0	0.1382
3.0	5.0	0.1382
3.0	5.0	0.1382
2.0	4.0	0.1382
5.0	10.0	0.1382
2.0	9.0	0.1382
4.0	6.0	0.1382
5.0	6.0	0.1382
1.0	9.0	0.1382
1.0	6.0	0.1382
3.0	6.0	0.1382
4.0	6.0	0.1382
3.0	4.0	0.1382
4.0	11.0	0.1373
4.0	11.0	0.1373
2.0	9.0	0.1373
4.0	9.0	0.1373
2.0	9.0	0.1373
1.0	6.0	0.1373
1.0	2.0	0.1373
1.0	10.0	0.1373
1.0	10.0	0.1373
3.0	10.0	0.1373
3.0	12.0	0.1373
2.0	9.0	0.1373
3.0	7.0	0.1373
1.0	10.0	0.1373
2.0	6.0	0.1373
1.0	10.0	0.1373
2.0	10.0	0.1373
3.0	7.0	0.1373
2.0	7.0	0.1373
4.0	7.0	0.1373
2.0	6.0	0.1373
6.0	8.0	0.1373
1.0	10.0	0.1373
4.0	7.0	0.1373
2.0	9.0	0.1373
3.0	6.0	0.1373
4.0	6.0	0.1373
2.0	5.0	0.1373
1.0	9.0	0.1373
1.0	8.0	0.1373
2.0	9.0	0.1373
3.0	9.0	0.1373
2.0	8.0	0.1373
4.0	10.0	0.1373
2.0	7.0	0.1373
3.0	6.0	0.1373
4.0	6.0	0.1373
4.0	6.0	0.1373
6.0	11.0	0.1373
3.0	11.0	0.1373
3.0	5.0	0.1373
1.0	12.0	0.1373
2.0	12.0	0.1373
4.0	9.0	0.1373
4.0	9.0	0.1373
2.0	6.0	0.1373
4.0	6.0	0.1373
1.0	2.0	0.1373
3.0	11.0	0.1373
4.0	11.0	0.1373
1.0	10.0	0.1373
3.0	10.0	0.1373
4.0	10.0	0.1373
1.0	8.0	0.1373
4.0	7.0	0.1373
1.0	8.0	0.1373
2.0	8.0	0.1373
4.0	8.0	0.1373
4.0	6.0	0.1373
3.0	5.0	0.1373
2.0	4.0	0.1373
2.0	10.0	0.1373
4.0	10.0	0.1373
7.0	11.0	0.1373
1.0	6.0	0.1373
5.0	9.0	0.1373
1.0	9.0	0.1373
3.0	4.0	0.1373
2.0	3.0	0.1373
1.0	10.0	0.0
1.0	10.0	0.0
7.0	10.0	0.0
6.0	8.0	0.0
6.0	12.0	0.0
3.0	7.0	0.0
4.0	7.0	0.0
4.0	5.0	0.0
3.0	7.0	0.0
3.0	4.0	0.0
1.0	10.0	0.0
3.0	9.0	0.0
5.0	8.0	0.0
6.0	8.0	0.0
4.0	10.0	0.0
1.0	7.0	0.0
5.0	7.0	0.0
2.0	2.0	0.0
7.0	12.0	0.0
5.0	10.0	0.0
2.0	9.0	0.0
2.0	9.0	0.0
2.0	9.0	0.0
3.0	9.0	0.0
4.0	9.0	0.0
1.0	9.0	0.0
2.0	9.0	0.0
1.0	8.0	0.0
3.0	6.0	0.0
4.0	6.0	0.0
2.0	9.0	0.0
1.0	11.0	0.0
3.0	9.0	0.0
3.0	6.0	0.0
2.0	6.0	0.0
4.0	5.0	0.0
1.0	10.0	0.0
1.0	11.0	0.0
4.0	11.0	0.0
4.0	8.0	0.0
1.0	11.0	0.0
1.0	12.0	0.0
3.0	12.0	0.0
1.0	8.0	0.0
3.0	6.0	0.0
4.0	7.0	0.0
1.0	11.0	0.0
4.0	7.0	0.0
2.0	7.0	0.0
3.0	7.0	0.0
4.0	4.0	0.0
6.0	7.0	0.0
1.0	9.0	0.0
5.0	9.0	0.0
4.0	6.0	0.0
3.0	3.0	0.0
2.0	7.0	0.0
3.0	8.0	0.0
4.0	8.0	0.0
1.0	8.0	0.0
4.0	4.0	0.0
2.0	9.0	0.0
2.0	10.0	0.0
2.0	7.0	0.0
3.0	7.0	0.0
4.0	7.0	0.0
3.0	6.0	0.0
3.0	4.0	0.0
4.0	8.0	0.0
6.0	8.0	0.0
3.0	6.0	0.0
4.0	6.0	0.0
4.0	7.0	0.0
5.0	8.0	0.0
7.0	8.0	0.0
1.0	10.0	0.0
2.0	8.0	0.0
3.0	7.0	0.0
4.0	6.0	0.0
3.0	6.0	0.0
8.0	9.0	0.0
1.0	11.0	0.0
2.0	11.0	0.0
2.0	11.0	0.0
4.0	6.0	0.0
3.0	8.0	0.0
5.0	8.0	0.0
3.0	4.0	0.0
2.0	10.0	0.0
5.0	7.0	0.0
1.0	9.0	0.0
5.0	9.0	0.0
4.0	6.0	0.0
5.0	6.0	0.0
1.0	8.0	0.0
4.0	5.0	0.0
5.0	5.0	0.0
3.0	4.0	0.0
4.0	8.0	0.0
5.0	8.0	0.0
1.0	9.0	0.0
5.0	9.0	0.0
6.0	9.0	0.0
4.0	11.0	0.0
4.0	5.0	0.0
3.0	4.0	0.0
2.0	10.0	0.0
1.0	7.0	0.0
2.0	7.0	0.0
4.0	7.0	0.0
2.0	9.0	0.0
3.0	4.0	0.0
6.0	9.0	0.0
6.0	7.0	0.0
4.0	4.0	0.0
4.0	8.0	0.0
6.0	8.0	0.0
3.0	5.0	0.0
4.0	5.0	0.0
4.0	4.0	0.0
3.0	5.0	0.0
3.0	11.0	0.0
4.0	7.0	0.0
5.0	9.0	0.0
4.0	9.0	0.0
6.0	9.0	0.0
5.0	9.0	0.0
5.0	7.0	0.0
2.0	10.0	0.0
4.0	10.0	0.0
5.0	7.0	0.0
5.0	10.0	0.0
4.0	6.0	0.0
1.0	10.0	0.0
2.0	10.0	0.0
3.0	10.0	0.0
4.0	10.0	0.0
5.0	10.0	0.0
4.0	11.0	0.0
5.0	11.0	0.0
1.0	12.0	0.0
2.0	12.0	0.0
2.0	7.0	0.0
3.0	7.0	0.0
5.0	7.0	0.0
3.0	7.0	0.0
4.0	7.0	0.0
4.0	4.0	0.0
4.0	4.0	0.0
5.0	10.0	0.0
2.0	10.0	0.0
1.0	9.0	0.0
2.0	9.0	0.0
4.0	8.0	0.0
5.0	6.0	0.0
3.0	8.0	0.0
4.0	8.0	0.0
3.0	3.0	0.0
4.0	7.0	0.0
1.0	10.0	0.0
3.0	10.0	0.0
2.0	9.0	0.0
3.0	7.0	0.0
4.0	7.0	0.0
1.0	6.0	0.0
3.0	4.0	0.0
4.0	9.0	0.0
4.0	9.0	0.0
5.0	9.0	0.0
6.0	9.0	0.0
3.0	10.0	0.0
4.0	10.0	0.0
4.0	7.0	0.0
5.0	7.0	0.0
4.0	5.0	0.0
4.0	5.0	0.0
1.0	10.0	0.0
3.0	10.0	0.0
2.0	8.0	0.0
5.0	8.0	0.0
5.0	6.0	0.0
3.0	3.0	0.0
1.0	9.0	0.0
3.0	8.0	0.0
4.0	8.0	0.0
2.0	7.0	0.0
4.0	7.0	0.0
5.0	7.0	0.0
3.0	8.0	0.0
4.0	5.0	0.0
3.0	8.0	0.0
5.0	8.0	0.0
1.0	10.0	0.0
4.0	10.0	0.0
1.0	7.0	0.0
5.0	7.0	0.0
4.0	5.0	0.0
3.0	4.0	0.0
3.0	6.0	0.0
2.0	11.0	0.0
1.0	8.0	0.0
3.0	8.0	0.0
3.0	6.0	0.0
4.0	6.0	0.0
3.0	5.0	0.0
3.0	4.0	0.0
3.0	9.0	0.0
5.0	9.0	0.0
3.0	12.0	0.0
5.0	8.0	0.0
1.0	8.0	0.0
5.0	8.0	0.0
6.0	8.0	0.0
7.0	8.0	0.0
4.0	6.0	0.0
4.0	5.0	0.0
1.0	5.0	0.0
1.0	13.0	0.0
7.0	11.0	0.0
2.0	5.0	0.0
4.0	5.0	0.0
1.0	11.0	0.0
4.0	8.0	0.0
5.0	8.0	0.0
6.0	8.0	0.0
4.0	6.0	0.0
5.0	6.0	0.0
1.0	8.0	0.0
2.0	8.0	0.0
4.0	8.0	0.0
4.0	4.0	0.0
2.0	10.0	0.0
5.0	10.0	0.0
7.0	10.0	0.0
1.0	8.0	0.0
3.0	8.0	0.0
3.0	9.0	0.0
4.0	9.0	0.0
2.0	8.0	0.0
3.0	8.0	0.0
6.0	8.0	0.0
5.0	9.0	0.0
3.0	6.0	0.0
5.0	8.0	0.0
3.0	10.0	0.0
3.0	9.0	0.0
4.0	7.0	0.0
3.0	3.0	0.0
5.0	8.0	0.0
3.0	7.0	0.0
5.0	6.0	0.0
1.0	9.0	0.0
5.0	9.0	0.0
2.0	7.0	0.0
1.0	8.0	0.0
4.0	8.0	0.0
4.0	6.0	0.0
3.0	4.0	0.0
4.0	6.0	0.0
2.0	8.0	0.0
3.0	8.0	0.0
2.0	8.0	0.0
3.0	8.0	0.0
4.0	8.0	0.0
6.0	8.0	0.0
3.0	9.0	0.0
4.0	9.0	0.0
5.0	7.0	0.0
4.0	7.0	0.0
5.0	10.0	0.0
4.0	8.0	0.0
5.0	8.0	0.0
2.0	6.0	0.0
4.0	6.0	0.0
3.0	6.0	0.0
3.0	3.0	0.0
2.0	9.0	0.0
3.0	9.0	0.0
5.0	9.0	0.0
1.0	8.0	0.0
3.0	8.0	0.0
5.0	8.0	0.0
4.0	5.0	0.0
3.0	3.0	0.0
3.0	9.0	0.0
4.0	9.0	0.0
4.0	7.0	0.0
5.0	7.0	0.0
3.0	5.0	0.0
4.0	5.0	0.0
2.0	4.0	0.0
3.0	6.0	0.0
3.0	3.0	0.0
2.0	7.0	0.0
4.0	7.0	0.0
1.0	10.0	0.0
1.0	10.0	0.0
2.0	2.0	0.0
1.0	9.0	0.0
4.0	7.0	0.0
5.0	7.0	0.0
2.0	9.0	0.0
4.0	9.0	0.0
5.0	9.0	0.0
2.0	7.0	0.0
3.0	7.0	0.0
4.0	4.0	0.0
5.0	11.0	0.0
4.0	7.0	0.0
1.0	11.0	0.0
4.0	7.0	0.0
4.0	7.0	0.0
4.0	4.0	0.0
4.0	8.0	0.0
5.0	8.0	0.0
4.0	9.0	0.0
1.0	8.0	0.0
3.0	6.0	0.0
4.0	6.0	0.0
4.0	6.0	0.0
5.0	6.0	0.0
4.0	5.0	0.0
3.0	4.0	0.0
4.0	6.0	0.0
2.0	6.0	0.0
3.0	6.0	0.0
2.0	3.0	0.0
3.0	7.0	0.0
4.0	7.0	0.0
1.0	10.0	0.0
3.0	10.0	0.0
6.0	10.0	0.0
4.0	11.0	0.0
4.0	5.0	0.0
2.0	9.0	0.0
3.0	8.0	0.0
5.0	8.0	0.0
4.0	11.0	0.0
4.0	6.0	0.0
3.0	9.0	0.0
5.0	9.0	0.0
1.0	11.0	0.0
4.0	6.0	0.0
5.0	6.0	0.0
3.0	5.0	0.0
4.0	5.0	0.0
1.0	12.0	0.0
6.0	12.0	0.0
2.0	9.0	0.0
3.0	9.0	0.0
5.0	7.0	0.0
2.0	9.0	0.0
4.0	9.0	0.0
5.0	9.0	0.0
2.0	5.0	0.0
5.0	8.0	0.0
4.0	8.0	0.0
4.0	7.0	0.0
2.0	9.0	0.0
3.0	6.0	0.0
4.0	6.0	0.0
2.0	5.0	0.0
2.0	10.0	0.0
4.0	10.0	0.0
2.0	9.0	0.0
3.0	9.0	0.0
5.0	9.0	0.0
4.0	5.0	0.0
2.0	8.0	0.0
3.0	9.0	0.0
4.0	9.0	0.0
5.0	9.0	0.0
6.0	9.0	0.0
3.0	8.0	0.0
5.0	8.0	0.0
1.0	10.0	0.0
2.0	10.0	0.0
2.0	9.0	0.0
5.0	6.0	0.0
3.0	7.0	0.0
5.0	7.0	0.0
5.0	5.0	0.0
5.0	6.0	0.0
1.0	9.0	0.0
5.0	9.0	0.0
4.0	5.0	0.0
5.0	5.0	0.0
3.0	3.0	0.0
3.0	8.0	0.0
4.0	8.0	0.0
6.0	8.0	0.0
2.0	7.0	0.0
3.0	7.0	0.0
6.0	7.0	0.0
5.0	9.0	0.0
5.0	8.0	0.0
6.0	8.0	0.0
3.0	3.0	0.0
2.0	10.0	0.0
4.0	10.0	0.0
5.0	8.0	0.0
4.0	9.0	0.0
4.0	4.0	0.0
1.0	11.0	0.0
6.0	10.0	0.0
1.0	8.0	0.0
5.0	8.0	0.0
6.0	8.0	0.0
3.0	4.0	0.0
1.0	10.0	0.0
4.0	8.0	0.0
5.0	8.0	0.0
3.0	8.0	0.0
4.0	8.0	0.0
6.0	8.0	0.0
3.0	6.0	0.0
4.0	6.0	0.0
2.0	6.0	0.0
4.0	7.0	0.0
5.0	7.0	0.0
5.0	6.0	0.0
4.0	7.0	0.0
4.0	8.0	0.0
5.0	8.0	0.0
1.0	8.0	0.0
2.0	8.0	0.0
4.0	8.0	0.0
1.0	9.0	0.0
5.0	6.0	0.0
4.0	8.0	0.0
5.0	8.0	0.0
4.0	8.0	0.0
3.0	8.0	0.0
4.0	8.0	0.0
4.0	4.0	0.0
3.0	5.0	0.0
4.0	7.0	0.0
3.0	6.0	0.0
4.0	6.0	0.0
3.0	3.0	0.0
3.0	9.0	0.0
4.0	9.0	0.0
3.0	9.0	0.0
4.0	9.0	0.0
5.0	9.0	0.0
1.0	9.0	0.0
2.0	9.0	0.0
2.0	8.0	0.0
4.0	7.0	0.0
3.0	8.0	0.0
3.0	3.0	0.0
1.0	11.0	0.0
1.0	10.0	0.0
1.0	9.0	0.0
4.0	9.0	0.0
5.0	6.0	0.0
4.0	4.0	0.0
7.0	9.0	0.0
2.0	8.0	0.0
3.0	8.0	0.0
7.0	10.0	0.0
1.0	7.0	0.0
5.0	7.0	0.0
3.0	7.0	0.0
1.0	10.0	0.0
4.0	10.0	0.0
5.0	10.0	0.0
1.0	9.0	0.0
6.0	9.0	0.0
1.0	9.0	0.0
4.0	9.0	0.0
5.0	9.0	0.0
4.0	9.0	0.0
5.0	6.0	0.0
4.0	5.0	0.0
4.0	9.0	0.0
2.0	9.0	0.0
4.0	9.0	0.0
3.0	8.0	0.0
2.0	12.0	0.0
2.0	8.0	0.0
3.0	6.0	0.0
4.0	6.0	0.0
2.0	2.0	0.0
3.0	11.0	0.0
5.0	6.0	0.0
2.0	6.0	0.0
5.0	6.0	0.0
5.0	6.0	0.0
2.0	8.0	0.0
4.0	8.0	0.0
1.0	8.0	0.0
7.0	8.0	0.0
3.0	8.0	0.0
2.0	7.0	0.0
3.0	7.0	0.0
3.0	8.0	0.0
4.0	8.0	0.0
3.0	9.0	0.0
5.0	9.0	0.0
6.0	9.0	0.0
6.0	10.0	0.0
1.0	8.0	0.0
5.0	7.0	0.0
4.0	5.0	0.0
4.0	6.0	0.0
3.0	8.0	0.0
4.0	6.0	0.0
5.0	6.0	0.0
4.0	4.0	0.0
3.0	3.0	0.0
1.0	9.0	-0.1373
2.0	9.0	-0.1373
8.0	9.0	-0.1373
4.0	9.0	-0.1373
6.0	9.0	-0.1373
5.0	5.0	-0.1373
3.0	7.0	-0.1373
5.0	7.0	-0.1373
3.0	3.0	-0.1373
5.0	8.0	-0.1373
2.0	8.0	-0.1373
5.0	8.0	-0.1373
1.0	10.0	-0.1373
2.0	10.0	-0.1373
1.0	9.0	-0.1373
5.0	9.0	-0.1373
3.0	8.0	-0.1373
4.0	4.0	-0.1373
1.0	11.0	-0.1373
4.0	8.0	-0.1373
4.0	10.0	-0.1373
6.0	10.0	-0.1373
2.0	8.0	-0.1373
5.0	8.0	-0.1373
6.0	8.0	-0.1373
5.0	5.0	-0.1373
4.0	3.0	-0.1373
3.0	11.0	-0.1373
4.0	8.0	-0.1373
6.0	8.0	-0.1373
7.0	8.0	-0.1373
5.0	7.0	-0.1373
4.0	3.0	-0.1373
6.0	7.0	-0.1373
3.0	6.0	-0.1373
5.0	6.0	-0.1373
6.0	6.0	-0.1373
3.0	10.0	-0.1373
5.0	10.0	-0.1373
7.0	10.0	-0.1373
6.0	7.0	-0.1373
5.0	6.0	-0.1373
6.0	8.0	-0.1373
5.0	4.0	-0.1373
3.0	4.0	-0.1373
2.0	9.0	-0.1373
5.0	9.0	-0.1373
3.0	9.0	-0.1373
4.0	9.0	-0.1373
6.0	9.0	-0.1373
7.0	9.0	-0.1373
1.0	8.0	-0.1373
5.0	7.0	-0.1373
1.0	8.0	-0.1373
1.0	7.0	-0.1373
3.0	4.0	-0.1373
5.0	4.0	-0.1373
6.0	8.0	-0.1373
6.0	6.0	-0.1373
6.0	6.0	-0.1373
3.0	2.0	-0.1373
4.0	5.0	-0.1373
6.0	8.0	-0.1373
7.0	8.0	-0.1373
3.0	9.0	-0.1373
6.0	7.0	-0.1373
5.0	10.0	-0.1382
5.0	6.0	-0.1382
6.0	6.0	-0.1382
5.0	6.0	-0.1382
4.0	3.0	-0.1382
2.0	10.0	-0.1382
3.0	10.0	-0.1382
5.0	10.0	-0.1382
6.0	6.0	-0.1382
5.0	9.0	-0.1382
4.0	6.0	-0.1382
4.0	6.0	-0.1382
5.0	6.0	-0.1382
4.0	4.0	-0.1382
6.0	7.0	-0.1382
4.0	3.0	-0.1382
4.0	9.0	-0.1382
6.0	9.0	-0.1382
6.0	6.0	-0.1382
4.0	3.0	-0.1382
3.0	11.0	-0.1382
4.0	8.0	-0.1382
2.0	9.0	-0.1382
3.0	9.0	-0.1382
3.0	9.0	-0.1382
4.0	9.0	-0.1382
5.0	9.0	-0.1382
6.0	9.0	-0.1382
3.0	8.0	-0.1382
4.0	8.0	-0.1382
4.0	5.0	-0.1382
3.0	2.0	-0.1382
5.0	7.0	-0.1382
4.0	5.0	-0.1382
5.0	5.0	-0.1382
5.0	6.0	-0.1386
6.0	6.0	-0.1386
4.0	9.0	-0.1386
4.0	5.0	-0.1386
3.0	8.0	-0.1386
5.0	8.0	-0.1386
5.0	10.0	-0.1386
3.0	10.0	-0.1386
4.0	10.0	-0.1386
6.0	5.0	-0.1386
2.0	7.0	-0.1386
3.0	9.0	-0.1386
6.0	9.0	-0.1386
1.0	11.0	-0.1386
4.0	11.0	-0.1386
4.0	6.0	-0.1386
6.0	6.0	-0.1386
3.0	8.0	-0.1386
6.0	8.0	-0.1386
3.0	7.0	-0.1386
4.0	7.0	-0.1386
4.0	3.0	-0.1386
4.0	8.0	-0.1386
6.0	7.0	-0.1386
3.0	8.0	-0.1386
6.0	8.0	-0.1386
5.0	8.0	-0.1386
1.0	10.0	-0.1386
2.0	10.0	-0.1386
4.0	3.0	-0.1386
3.0	9.0	-0.1386
7.0	9.0	-0.1386
4.0	7.0	-0.1386
6.0	7.0	-0.1386
5.0	6.0	-0.1386
3.0	8.0	-0.1386
4.0	4.0	-0.1386
5.0	8.0	-0.1386
4.0	6.0	-0.1386
1.0	10.0	-0.1386
3.0	5.0	-0.1386
4.0	5.0	-0.1386
5.0	5.0	-0.1386
3.0	7.0	-0.1386
2.0	8.0	-0.1386
5.0	5.0	-0.1386
4.0	4.0	-0.1386
5.0	6.0	-0.1387
2.0	13.0	-0.1387
7.0	13.0	-0.1387
6.0	9.0	-0.1387
3.0	8.0	-0.1387
6.0	8.0	-0.1387
5.0	6.0	-0.1387
4.0	5.0	-0.1387
5.0	8.0	-0.1387
6.0	8.0	-0.1387
7.0	8.0	-0.1387
1.0	12.0	-0.1387
4.0	8.0	-0.1387
5.0	8.0	-0.1387
6.0	8.0	-0.1387
4.0	6.0	-0.1387
5.0	6.0	-0.1387
3.0	6.0	-0.1387
4.0	6.0	-0.1387
5.0	6.0	-0.1387
6.0	5.0	-0.1387
3.0	4.0	-0.1387
2.0	9.0	-0.1387
7.0	9.0	-0.1387
2.0	11.0	-0.1387
1.0	9.0	-0.1387
3.0	9.0	-0.1387
5.0	9.0	-0.1387
6.0	9.0	-0.1387
4.0	8.0	-0.1387
2.0	8.0	-0.1387
3.0	8.0	-0.1387
5.0	7.0	-0.1387
3.0	6.0	-0.1387
1.0	9.0	-0.1387
5.0	9.0	-0.1387
4.0	7.0	-0.1387
2.0	9.0	-0.1387
2.0	6.0	-0.1387
4.0	6.0	-0.1387
4.0	6.0	-0.1387
5.0	6.0	-0.1387
6.0	5.0	-0.1387
2.0	6.0	-0.1387
4.0	7.0	-0.1387
6.0	7.0	-0.1387
5.0	4.0	-0.1387
1.0	7.0	-0.1387
4.0	7.0	-0.1387
4.0	3.0	-0.1387
4.0	4.0	-0.1387
2.0	9.0	-0.139
2.0	7.0	-0.139
6.0	6.0	-0.139
2.0	11.0	-0.139
5.0	11.0	-0.139
4.0	4.0	-0.139
2.0	6.0	-0.139
6.0	6.0	-0.139
5.0	4.0	-0.139
4.0	6.0	-0.139
5.0	6.0	-0.139
6.0	9.0	-0.139
3.0	13.0	-0.139
4.0	7.0	-0.139
5.0	5.0	-0.139
2.0	9.0	-0.139
6.0	9.0	-0.139
2.0	6.0	-0.139
4.0	3.0	-0.139
5.0	6.0	-0.139
2.0	9.0	-0.139
3.0	8.0	-0.139
3.0	8.0	-0.139
4.0	8.0	-0.139
7.0	8.0	-0.139
5.0	8.0	-0.139
4.0	7.0	-0.139
5.0	5.0	-0.139
2.0	10.0	-0.139
3.0	10.0	-0.139
4.0	8.0	-0.139
5.0	4.0	-0.139
3.0	9.0	-0.139
2.0	10.0	-0.139
7.0	12.0	-0.139
6.0	7.0	-0.139
4.0	5.0	-0.139
5.0	6.0	-0.139
4.0	5.0	-0.139
5.0	5.0	-0.139
3.0	10.0	-0.139
5.0	6.0	-0.139
3.0	2.0	-0.139
5.0	5.0	-0.139
7.0	6.0	-0.139
4.0	6.0	-0.139
5.0	6.0	-0.139
3.0	8.0	-0.139
7.0	8.0	-0.139
5.0	6.0	-0.139
5.0	7.0	-0.139
3.0	7.0	-0.139
5.0	7.0	-0.139
4.0	4.0	-0.139
4.0	8.0	-0.139
3.0	9.0	-0.139
6.0	9.0	-0.139
5.0	6.0	-0.139
5.0	5.0	-0.139
4.0	3.0	-0.139
4.0	3.0	-0.139
2.0	8.0	-0.1397
5.0	8.0	-0.1397
4.0	7.0	-0.1397
4.0	6.0	-0.1397
6.0	6.0	-0.1397
2.0	7.0	-0.1397
6.0	7.0	-0.1397
4.0	4.0	-0.1397
4.0	3.0	-0.1397
1.0	10.0	-0.1397
5.0	10.0	-0.1397
6.0	10.0	-0.1397
2.0	11.0	-0.1397
2.0	11.0	-0.1397
5.0	11.0	-0.1397
3.0	4.0	-0.1397
4.0	4.0	-0.1397
1.0	12.0	-0.1397
6.0	12.0	-0.1397
4.0	10.0	-0.1397
5.0	5.0	-0.1397
5.0	10.0	-0.1397
3.0	7.0	-0.1397
5.0	7.0	-0.1397
4.0	4.0	-0.1397
4.0	9.0	-0.1397
6.0	9.0	-0.1397
6.0	7.0	-0.1397
3.0	8.0	-0.1397
4.0	8.0	-0.1397
5.0	5.0	-0.1397
5.0	6.0	-0.1397
6.0	6.0	-0.1397
5.0	7.0	-0.1397
5.0	9.0	-0.1397
1.0	8.0	-0.1397
2.0	8.0	-0.1397
4.0	3.0	-0.1397
4.0	7.0	-0.1397
5.0	6.0	-0.1397
6.0	5.0	-0.1397
4.0	3.0	-0.1397
6.0	6.0	-0.1397
3.0	8.0	-0.1397
4.0	4.0	-0.1397
5.0	4.0	-0.1397
4.0	3.0	-0.1397
2.0	8.0	-0.1397
2.0	6.0	-0.1397
5.0	8.0	-0.1397
7.0	8.0	-0.1397
1.0	11.0	-0.1397
4.0	11.0	-0.1397
1.0	11.0	-0.1397
3.0	8.0	-0.1397
6.0	8.0	-0.1397
6.0	7.0	-0.1397
4.0	7.0	-0.1397
5.0	7.0	-0.1397
4.0	4.0	-0.1397
2.0	10.0	-0.1397
4.0	10.0	-0.1397
9.0	10.0	-0.1397
4.0	10.0	-0.1397
3.0	9.0	-0.1397
4.0	9.0	-0.1397
6.0	9.0	-0.1397
5.0	8.0	-0.1397
3.0	8.0	-0.1397
5.0	6.0	-0.1397
5.0	10.0	-0.1397
5.0	7.0	-0.1397
6.0	7.0	-0.1397
7.0	7.0	-0.1397
2.0	9.0	-0.1397
6.0	9.0	-0.1397
1.0	9.0	-0.1397
6.0	6.0	-0.1397
5.0	5.0	-0.1397
3.0	4.0	-0.1397
4.0	4.0	-0.1397
3.0	9.0	-0.1397
1.0	11.0	-0.1397
5.0	11.0	-0.1397
7.0	8.0	-0.1397
2.0	8.0	-0.1397
2.0	8.0	-0.1397
6.0	8.0	-0.1397
5.0	8.0	-0.1397
5.0	7.0	-0.1397
6.0	7.0	-0.1397
5.0	6.0	-0.1397
3.0	7.0	-0.1397
4.0	7.0	-0.1397
4.0	3.0	-0.1397
6.0	7.0	-0.1397
3.0	6.0	-0.1397
4.0	5.0	-0.1397
6.0	7.0	-0.1397
5.0	7.0	-0.1397
4.0	4.0	-0.1397
3.0	2.0	-0.1397
4.0	8.0	-0.1397
2.0	9.0	-0.1397
3.0	9.0	-0.1397
5.0	9.0	-0.1397
3.0	7.0	-0.1397
4.0	7.0	-0.1397
5.0	7.0	-0.1397
4.0	6.0	-0.1397
6.0	6.0	-0.1397
4.0	4.0	-0.1397
5.0	4.0	-0.1397
5.0	4.0	-0.1397
3.0	2.0	-0.1397
5.0	5.0	-0.1397
4.0	6.0	-0.1397
5.0	6.0	-0.1397
2.0	7.0	-0.1397
5.0	7.0	-0.1397
2.0	1.0	-0.1397
3.0	8.0	-0.1419
7.0	8.0	-0.1419
5.0	6.0	-0.1419
5.0	6.0	-0.1419
6.0	6.0	-0.1419
2.0	7.0	-0.1419
4.0	7.0	-0.1419
3.0	6.0	-0.1419
1.0	11.0	-0.1419
5.0	6.0	-0.1419
3.0	8.0	-0.1419
5.0	8.0	-0.1419
6.0	8.0	-0.1419
3.0	7.0	-0.1419
5.0	7.0	-0.1419
3.0	2.0	-0.1419
5.0	9.0	-0.1419
2.0	10.0	-0.1419
3.0	10.0	-0.1419
2.0	7.0	-0.1419
4.0	7.0	-0.1419
3.0	9.0	-0.1419
5.0	5.0	-0.1419
4.0	5.0	-0.1419
5.0	5.0	-0.1419
6.0	6.0	-0.1419
2.0	7.0	-0.1419
3.0	7.0	-0.1419
5.0	7.0	-0.1419
6.0	7.0	-0.1419
4.0	3.0	-0.1419
3.0	7.0	-0.1419
2.0	8.0	-0.1419
3.0	8.0	-0.1419
4.0	8.0	-0.1419
5.0	5.0	-0.1419
6.0	5.0	-0.1419
2.0	7.0	-0.1419
6.0	7.0	-0.1419
5.0	5.0	-0.1419
5.0	4.0	-0.1419
5.0	6.0	-0.1419
5.0	7.0	-0.1427
7.0	7.0	-0.1427
5.0	5.0	-0.1427
4.0	3.0	-0.1427
2.0	9.0	-0.1427
4.0	9.0	-0.1427
4.0	7.0	-0.1427
5.0	7.0	-0.1427
7.0	7.0	-0.1427
2.0	8.0	-0.1427
5.0	8.0	-0.1427
4.0	6.0	-0.1427
5.0	4.0	-0.1427
4.0	9.0	-0.1427
6.0	9.0	-0.1427
5.0	7.0	-0.1427
6.0	7.0	-0.1427
4.0	7.0	-0.1427
5.0	7.0	-0.1427
7.0	7.0	-0.1427
5.0	5.0	-0.1427
1.0	8.0	-0.1427
6.0	8.0	-0.1427
5.0	7.0	-0.1427
5.0	8.0	-0.1427
6.0	6.0	-0.1427
5.0	5.0	-0.1427
4.0	4.0	-0.1427
4.0	4.0	-0.1427
3.0	2.0	-0.1427
4.0	7.0	-0.1449
6.0	7.0	-0.1449
4.0	9.0	-0.1449
3.0	9.0	-0.1449
4.0	3.0	-0.1449
4.0	8.0	-0.1449
5.0	8.0	-0.1449
6.0	6.0	-0.1449
6.0	6.0	-0.1449
2.0	7.0	-0.1449
3.0	7.0	-0.1449
3.0	2.0	-0.1449
4.0	11.0	-0.1449
6.0	9.0	-0.1449
3.0	8.0	-0.1449
6.0	8.0	-0.1449
5.0	6.0	-0.1449
2.0	10.0	-0.1449
3.0	10.0	-0.1449
2.0	10.0	-0.1449
5.0	10.0	-0.1449
1.0	8.0	-0.1449
2.0	8.0	-0.1449
4.0	8.0	-0.1449
7.0	8.0	-0.1449
5.0	6.0	-0.1449
4.0	5.0	-0.1449
3.0	6.0	-0.1449
5.0	6.0	-0.1449
4.0	5.0	-0.1449
5.0	5.0	-0.1449
5.0	8.0	-0.1449
6.0	5.0	-0.1449
5.0	7.0	-0.1449
5.0	5.0	-0.1449
3.0	7.0	-0.1449
5.0	7.0	-0.1449
7.0	7.0	-0.1449
5.0	5.0	-0.1449
4.0	5.0	-0.1449
2.0	8.0	-0.2747
7.0	8.0	-0.2747
3.0	8.0	-0.2747
5.0	8.0	-0.2747
5.0	6.0	-0.2747
6.0	6.0	-0.2747
8.0	8.0	-0.2747
7.0	9.0	-0.2747
6.0	5.0	-0.2747
4.0	6.0	-0.2747
5.0	3.0	-0.2747
7.0	7.0	-0.2747
4.0	7.0	-0.2747
7.0	7.0	-0.2747
8.0	9.0	-0.2747
5.0	6.0	-0.2747
6.0	6.0	-0.2747
4.0	8.0	-0.2747
5.0	4.0	-0.2747
2.0	7.0	-0.2747
2.0	0.0	-0.2747
2.0	10.0	-0.2747
7.0	10.0	-0.2747
2.0	9.0	-0.2747
3.0	9.0	-0.2747
4.0	7.0	-0.2747
1.0	12.0	-0.2747
1.0	10.0	-0.2747
2.0	10.0	-0.2747
3.0	10.0	-0.2747
3.0	7.0	-0.2747
5.0	4.0	-0.2747
6.0	9.0	-0.2747
7.0	6.0	-0.2747
6.0	5.0	-0.2747
7.0	7.0	-0.2747
5.0	4.0	-0.2747
3.0	11.0	-0.2747
1.0	8.0	-0.2747
3.0	8.0	-0.2747
1.0	8.0	-0.2747
4.0	8.0	-0.2747
2.0	8.0	-0.2747
4.0	7.0	-0.2747
6.0	7.0	-0.2747
7.0	7.0	-0.2747
5.0	3.0	-0.2747
6.0	9.0	-0.2747
7.0	9.0	-0.2747
6.0	6.0	-0.2747
7.0	6.0	-0.2747
5.0	7.0	-0.2747
5.0	5.0	-0.2747
6.0	4.0	-0.2747
4.0	2.0	-0.2747
3.0	7.0	-0.2747
2.0	8.0	-0.2747
4.0	8.0	-0.2747
5.0	8.0	-0.2747
4.0	6.0	-0.2747
5.0	6.0	-0.2747
5.0	4.0	-0.2765
1.0	9.0	-0.2765
2.0	9.0	-0.2765
4.0	7.0	-0.2765
6.0	7.0	-0.2765
6.0	5.0	-0.2765
6.0	7.0	-0.2765
8.0	7.0	-0.2765
4.0	9.0	-0.2765
6.0	9.0	-0.2765
7.0	9.0	-0.2765
3.0	8.0	-0.2765
6.0	8.0	-0.2765
8.0	8.0	-0.2765
6.0	5.0	-0.2765
5.0	3.0	-0.2765
3.0	6.0	-0.2765
7.0	10.0	-0.2765
3.0	9.0	-0.2765
5.0	5.0	-0.2765
5.0	4.0	-0.2765
3.0	4.0	-0.2765
5.0	4.0	-0.2765
6.0	4.0	-0.2765
6.0	10.0	-0.2765
4.0	5.0	-0.2765
6.0	7.0	-0.2765
7.0	7.0	-0.2765
5.0	5.0	-0.2765
6.0	5.0	-0.2765
3.0	1.0	-0.2765
6.0	8.0	-0.2765
7.0	7.0	-0.2765
5.0	6.0	-0.2765
6.0	6.0	-0.2765
7.0	6.0	-0.2765
2.0	6.0	-0.2765
6.0	6.0	-0.2765
6.0	4.0	-0.2765
5.0	3.0	-0.2765
4.0	2.0	-0.2765
6.0	6.0	-0.2773
8.0	8.0	-0.2773
5.0	5.0	-0.2773
6.0	5.0	-0.2773
5.0	4.0	-0.2773
5.0	4.0	-0.2773
6.0	7.0	-0.2773
4.0	9.0	-0.2773
1.0	9.0	-0.2773
5.0	9.0	-0.2773
1.0	10.0	-0.2773
3.0	10.0	-0.2773
4.0	10.0	-0.2773
5.0	6.0	-0.2773
6.0	6.0	-0.2773
6.0	6.0	-0.2773
4.0	2.0	-0.2773
7.0	8.0	-0.2773
5.0	6.0	-0.2773
6.0	7.0	-0.2773
7.0	6.0	-0.2773
8.0	6.0	-0.2773
2.0	7.0	-0.2773
3.0	7.0	-0.2773
6.0	9.0	-0.2773
9.0	9.0	-0.2773
4.0	9.0	-0.2773
5.0	3.0	-0.2773
5.0	8.0	-0.2773
4.0	7.0	-0.2773
5.0	3.0	-0.2773
4.0	2.0	-0.2773
4.0	7.0	-0.2773
3.0	9.0	-0.2773
5.0	7.0	-0.2773
6.0	7.0	-0.2773
6.0	4.0	-0.2773
5.0	3.0	-0.2773
5.0	3.0	-0.2773
4.0	8.0	-0.2774
4.0	7.0	-0.2774
6.0	5.0	-0.2774
5.0	4.0	-0.2774
6.0	4.0	-0.2774
4.0	2.0	-0.2774
8.0	7.0	-0.2774
3.0	11.0	-0.2774
8.0	11.0	-0.2774
2.0	8.0	-0.2774
6.0	5.0	-0.2774
6.0	11.0	-0.2774
9.0	11.0	-0.2774
6.0	5.0	-0.2774
6.0	5.0	-0.2774
4.0	8.0	-0.2774
6.0	8.0	-0.2774
3.0	10.0	-0.2774
7.0	10.0	-0.2774
2.0	8.0	-0.2774
3.0	13.0	-0.2774
5.0	3.0	-0.2774
2.0	11.0	-0.2774
4.0	11.0	-0.2774
5.0	11.0	-0.2774
5.0	7.0	-0.2774
6.0	7.0	-0.2774
6.0	6.0	-0.2774
2.0	8.0	-0.2774
4.0	8.0	-0.2774
5.0	6.0	-0.2774
5.0	3.0	-0.2774
5.0	3.0	-0.2774
5.0	8.0	-0.2774
6.0	5.0	-0.2774
6.0	5.0	-0.2774
4.0	4.0	-0.2774
5.0	4.0	-0.2774
5.0	3.0	-0.2774
4.0	2.0	-0.2774
5.0	5.0	-0.2774
4.0	2.0	-0.2774
4.0	2.0	-0.2774
2.0	8.0	-0.278
4.0	8.0	-0.278
4.0	8.0	-0.278
4.0	6.0	-0.278
6.0	6.0	-0.278
1.0	10.0	-0.278
5.0	3.0	-0.278
4.0	2.0	-0.278
4.0	8.0	-0.278
6.0	7.0	-0.278
1.0	12.0	-0.278
5.0	8.0	-0.278
4.0	5.0	-0.278
6.0	5.0	-0.278
5.0	10.0	-0.278
6.0	10.0	-0.278
8.0	10.0	-0.278
4.0	11.0	-0.278
5.0	7.0	-0.278
6.0	6.0	-0.278
5.0	3.0	-0.278
3.0	1.0	-0.278
5.0	6.0	-0.278
6.0	6.0	-0.278
7.0	6.0	-0.278
5.0	7.0	-0.278
5.0	7.0	-0.278
4.0	7.0	-0.278
6.0	6.0	-0.278
4.0	2.0	-0.278
3.0	7.0	-0.278
4.0	9.0	-0.278
5.0	9.0	-0.278
5.0	7.0	-0.278
6.0	7.0	-0.278
4.0	4.0	-0.278
5.0	4.0	-0.278
5.0	3.0	-0.278
4.0	8.0	-0.278
5.0	8.0	-0.278
6.0	8.0	-0.278
3.0	9.0	-0.278
8.0	9.0	-0.278
2.0	9.0	-0.278
3.0	9.0	-0.278
4.0	9.0	-0.278
7.0	10.0	-0.278
7.0	6.0	-0.278
6.0	5.0	-0.278
4.0	2.0	-0.278
8.0	9.0	-0.278
5.0	5.0	-0.278
6.0	5.0	-0.278
1.0	10.0	-0.278
2.0	10.0	-0.278
3.0	10.0	-0.278
7.0	10.0	-0.278
6.0	5.0	-0.278
2.0	7.0	-0.278
6.0	7.0	-0.278
6.0	5.0	-0.278
6.0	6.0	-0.278
5.0	3.0	-0.278
4.0	8.0	-0.278
5.0	4.0	-0.278
3.0	6.0	-0.278
5.0	4.0	-0.278
6.0	4.0	-0.278
3.0	7.0	-0.2794
4.0	7.0	-0.2794
1.0	9.0	-0.2794
6.0	6.0	-0.2794
6.0	5.0	-0.2794
5.0	4.0	-0.2794
6.0	7.0	-0.2794
7.0	7.0	-0.2794
7.0	6.0	-0.2794
1.0	10.0	-0.2794
5.0	4.0	-0.2794
5.0	3.0	-0.2794
3.0	11.0	-0.2794
4.0	11.0	-0.2794
6.0	5.0	-0.2794
5.0	3.0	-0.2794
6.0	4.0	-0.2794
2.0	9.0	-0.2794
3.0	9.0	-0.2794
7.0	9.0	-0.2794
7.0	6.0	-0.2794
8.0	8.0	-0.2794
6.0	7.0	-0.2794
5.0	6.0	-0.2794
7.0	6.0	-0.2794
2.0	8.0	-0.2794
4.0	7.0	-0.2794
5.0	7.0	-0.2794
6.0	7.0	-0.2794
5.0	5.0	-0.2794
6.0	5.0	-0.2794
6.0	6.0	-0.2794
6.0	5.0	-0.2794
7.0	7.0	-0.2794
5.0	5.0	-0.2794
4.0	7.0	-0.2794
6.0	7.0	-0.2794
5.0	5.0	-0.2794
6.0	5.0	-0.2794
6.0	6.0	-0.2794
3.0	7.0	-0.2794
4.0	7.0	-0.2794
5.0	7.0	-0.2794
5.0	5.0	-0.2794
6.0	7.0	-0.2794
5.0	10.0	-0.2794
5.0	10.0	-0.2794
6.0	10.0	-0.2794
4.0	7.0	-0.2794
4.0	6.0	-0.2794
5.0	6.0	-0.2794
7.0	6.0	-0.2794
6.0	5.0	-0.2794
1.0	9.0	-0.2794
3.0	9.0	-0.2794
2.0	12.0	-0.2794
3.0	12.0	-0.2794
6.0	6.0	-0.2794
3.0	9.0	-0.2794
5.0	8.0	-0.2794
5.0	7.0	-0.2794
3.0	7.0	-0.2794
6.0	4.0	-0.2794
6.0	5.0	-0.2794
4.0	9.0	-0.2794
8.0	7.0	-0.2794
5.0	6.0	-0.2794
6.0	6.0	-0.2794
5.0	8.0	-0.2794
7.0	8.0	-0.2794
8.0	8.0	-0.2794
4.0	8.0	-0.2794
4.0	4.0	-0.2794
5.0	3.0	-0.2794
6.0	8.0	-0.2794
7.0	8.0	-0.2794
4.0	10.0	-0.2794
6.0	7.0	-0.2794
6.0	4.0	-0.2794
5.0	4.0	-0.2794
4.0	3.0	-0.2794
5.0	3.0	-0.2794
5.0	7.0	-0.2794
6.0	7.0	-0.2794
8.0	7.0	-0.2794
6.0	5.0	-0.2794
5.0	6.0	-0.2794
7.0	6.0	-0.2794
5.0	4.0	-0.2794
2.0	10.0	-0.2794
4.0	10.0	-0.2794
5.0	6.0	-0.2794
7.0	6.0	-0.2794
4.0	9.0	-0.2794
5.0	5.0	-0.2794
6.0	4.0	-0.2794
3.0	1.0	-0.2794
6.0	6.0	-0.2794
5.0	6.0	-0.2794
4.0	6.0	-0.2794
5.0	6.0	-0.2794
6.0	6.0	-0.2794
5.0	5.0	-0.2794
4.0	8.0	-0.2794
4.0	6.0	-0.2794
4.0	2.0	-0.2794
6.0	4.0	-0.2794
5.0	5.0	-0.2838
4.0	7.0	-0.2838
3.0	6.0	-0.2838
4.0	5.0	-0.2838
7.0	5.0	-0.2838
7.0	8.0	-0.2838
2.0	10.0	-0.2838
6.0	5.0	-0.2838
2.0	7.0	-0.2838
6.0	4.0	-0.2838
4.0	6.0	-0.2838
2.0	9.0	-0.2838
4.0	9.0	-0.2838
5.0	9.0	-0.2838
1.0	9.0	-0.2838
4.0	9.0	-0.2838
3.0	6.0	-0.2838
5.0	4.0	-0.2838
4.0	2.0	-0.2838
1.0	10.0	-0.2838
2.0	10.0	-0.2838
6.0	10.0	-0.2838
2.0	8.0	-0.2838
4.0	8.0	-0.2838
6.0	8.0	-0.2838
8.0	8.0	-0.2838
4.0	7.0	-0.2838
8.0	7.0	-0.2838
7.0	6.0	-0.2838
5.0	6.0	-0.2838
5.0	6.0	-0.2838
6.0	6.0	-0.2838
4.0	3.0	-0.2838
6.0	5.0	-0.2838
5.0	4.0	-0.2838
5.0	4.0	-0.2854
5.0	6.0	-0.2854
6.0	6.0	-0.2854
7.0	6.0	-0.2854
5.0	5.0	-0.2854
6.0	4.0	-0.2854
3.0	8.0	-0.2854
5.0	8.0	-0.2854
6.0	8.0	-0.2854
6.0	6.0	-0.2854
5.0	5.0	-0.2854
5.0	4.0	-0.2854
5.0	4.0	-0.2854
5.0	8.0	-0.2854
6.0	8.0	-0.2854
7.0	8.0	-0.2854
8.0	8.0	-0.2854
7.0	7.0	-0.2854
6.0	6.0	-0.2854
7.0	6.0	-0.2854
4.0	6.0	-0.2854
6.0	6.0	-0.2854
5.0	3.0	-0.2854
6.0	7.0	-0.2854
5.0	5.0	-0.2854
6.0	5.0	-0.2854
5.0	3.0	-0.2854
4.0	2.0	-0.2854
5.0	3.0	-0.2854
5.0	4.0	-0.2898
2.0	8.0	-0.2898
5.0	8.0	-0.2898
6.0	7.0	-0.2898
5.0	5.0	-0.2898
4.0	6.0	-0.2898
2.0	9.0	-0.2898
3.0	9.0	-0.2898
1.0	10.0	-0.2898
7.0	10.0	-0.2898
3.0	8.0	-0.2898
4.0	8.0	-0.2898
5.0	8.0	-0.2898
2.0	7.0	-0.2898
4.0	7.0	-0.2898
6.0	5.0	-0.2898
7.0	8.0	-0.2898
1.0	9.0	-0.2898
4.0	9.0	-0.2898
6.0	7.0	-0.2898
6.0	5.0	-0.2898
6.0	4.0	-0.2898
5.0	8.0	-0.2898
6.0	8.0	-0.2898
8.0	8.0	-0.2898
6.0	6.0	-0.2898
7.0	6.0	-0.2898
3.0	7.0	-0.2898
8.0	7.0	-0.2898
5.0	4.0	-0.2898
6.0	4.0	-0.2898
5.0	3.0	-0.2898
6.0	6.0	-0.2898
5.0	4.0	-0.2898
3.0	1.0	-0.2898
5.0	5.0	-0.2898
5.0	7.0	-0.412
7.0	5.0	-0.412
5.0	7.0	-0.412
1.0	8.0	-0.412
5.0	8.0	-0.412
7.0	4.0	-0.412
6.0	5.0	-0.412
4.0	1.0	-0.412
6.0	6.0	-0.412
8.0	6.0	-0.412
6.0	6.0	-0.412
7.0	5.0	-0.412
5.0	8.0	-0.412
7.0	5.0	-0.412
6.0	3.0	-0.412
4.0	6.0	-0.412
5.0	6.0	-0.412
6.0	6.0	-0.412
7.0	6.0	-0.412
4.0	9.0	-0.412
5.0	9.0	-0.412
6.0	9.0	-0.412
6.0	6.0	-0.412
9.0	8.0	-0.412
7.0	6.0	-0.412
8.0	6.0	-0.412
5.0	2.0	-0.412
2.0	9.0	-0.412
4.0	9.0	-0.412
4.0	11.0	-0.412
4.0	9.0	-0.412
7.0	9.0	-0.412
9.0	9.0	-0.412
7.0	6.0	-0.412
8.0	6.0	-0.412
7.0	4.0	-0.412
6.0	6.0	-0.412
3.0	5.0	-0.412
5.0	2.0	-0.412
7.0	5.0	-0.412
8.0	5.0	-0.412
4.0	14.0	-0.412
1.0	8.0	-0.412
4.0	8.0	-0.412
3.0	6.0	-0.412
5.0	2.0	-0.412
2.0	10.0	-0.412
7.0	10.0	-0.412
5.0	7.0	-0.412
6.0	7.0	-0.412
5.0	7.0	-0.412
4.0	1.0	-0.412
3.0	8.0	-0.412
4.0	8.0	-0.412
5.0	8.0	-0.412
9.0	8.0	-0.412
6.0	5.0	-0.412
6.0	7.0	-0.412
7.0	7.0	-0.412
7.0	4.0	-0.412
6.0	3.0	-0.412
8.0	6.0	-0.412
7.0	5.0	-0.412
9.0	8.0	-0.4147
7.0	4.0	-0.4147
7.0	4.0	-0.4147
6.0	4.0	-0.4147
4.0	5.0	-0.4147
2.0	9.0	-0.4147
6.0	9.0	-0.4147
4.0	8.0	-0.4147
6.0	8.0	-0.4147
6.0	3.0	-0.4147
6.0	8.0	-0.4147
9.0	8.0	-0.4147
4.0	9.0	-0.4147
8.0	9.0	-0.4147
6.0	4.0	-0.4147
5.0	6.0	-0.4147
4.0	7.0	-0.4147
7.0	7.0	-0.4147
6.0	6.0	-0.4147
7.0	5.0	-0.4147
3.0	7.0	-0.4159
7.0	5.0	-0.4159
7.0	4.0	-0.4159
7.0	6.0	-0.4159
3.0	8.0	-0.4159
7.0	8.0	-0.4159
6.0	8.0	-0.4159
2.0	9.0	-0.4159
5.0	9.0	-0.4159
7.0	9.0	-0.4159
7.0	5.0	-0.4159
3.0	9.0	-0.4159
5.0	9.0	-0.4159
7.0	9.0	-0.4159
8.0	9.0	-0.4159
7.0	4.0	-0.4159
7.0	6.0	-0.4159
6.0	3.0	-0.4159
7.0	5.0	-0.4159
5.0	6.0	-0.4159
7.0	6.0	-0.4159
7.0	6.0	-0.4159
3.0	8.0	-0.4159
5.0	8.0	-0.4159
7.0	8.0	-0.4159
1.0	8.0	-0.4159
2.0	8.0	-0.4159
6.0	8.0	-0.4159
6.0	7.0	-0.4159
5.0	5.0	-0.4159
7.0	5.0	-0.4159
5.0	6.0	-0.4159
7.0	6.0	-0.4159
5.0	2.0	-0.4159
7.0	6.0	-0.4159
7.0	4.0	-0.4159
2.0	8.0	-0.4159
4.0	8.0	-0.4159
5.0	8.0	-0.4159
6.0	8.0	-0.4159
9.0	8.0	-0.4159
6.0	3.0	-0.4159
7.0	6.0	-0.4159
5.0	2.0	-0.4159
6.0	4.0	-0.4161
7.0	4.0	-0.4161
7.0	6.0	-0.4161
1.0	10.0	-0.4161
2.0	10.0	-0.4161
7.0	10.0	-0.4161
6.0	4.0	-0.4161
7.0	4.0	-0.4161
5.0	2.0	-0.4161
5.0	7.0	-0.4161
8.0	7.0	-0.4161
5.0	9.0	-0.4161
8.0	9.0	-0.4161
4.0	7.0	-0.4161
7.0	5.0	-0.4161
1.0	12.0	-0.4161
6.0	12.0	-0.4161
10.0	12.0	-0.4161
6.0	3.0	-0.4161
1.0	10.0	-0.4161
3.0	10.0	-0.4161
7.0	6.0	-0.4161
8.0	6.0	-0.4161
7.0	5.0	-0.4161
6.0	4.0	-0.4161
6.0	7.0	-0.4161
7.0	7.0	-0.4161
6.0	5.0	-0.4161
7.0	5.0	-0.4161
6.0	5.0	-0.4161
7.0	7.0	-0.4161
6.0	3.0	-0.4161
7.0	5.0	-0.4161
6.0	5.0	-0.4161
8.0	5.0	-0.4161
5.0	3.0	-0.4161
3.0	7.0	-0.4169
7.0	7.0	-0.4169
9.0	7.0	-0.4169
8.0	7.0	-0.4169
7.0	5.0	-0.4169
7.0	4.0	-0.4169
5.0	5.0	-0.4169
7.0	5.0	-0.4169
6.0	4.0	-0.4169
7.0	7.0	-0.4169
7.0	6.0	-0.4169
7.0	5.0	-0.4169
6.0	3.0	-0.4169
1.0	7.0	-0.4169
3.0	7.0	-0.4169
7.0	4.0	-0.4169
3.0	7.0	-0.4169
7.0	7.0	-0.4169
8.0	7.0	-0.4169
1.0	10.0	-0.4169
5.0	10.0	-0.4169
6.0	6.0	-0.4169
7.0	6.0	-0.4169
8.0	6.0	-0.4169
6.0	6.0	-0.4169
8.0	6.0	-0.4169
6.0	6.0	-0.4169
7.0	6.0	-0.4169
5.0	5.0	-0.4169
7.0	5.0	-0.4169
8.0	6.0	-0.4169
6.0	8.0	-0.4169
7.0	6.0	-0.4169
6.0	3.0	-0.4169
6.0	3.0	-0.4169
5.0	8.0	-0.4169
5.0	8.0	-0.4169
7.0	8.0	-0.4169
4.0	9.0	-0.4169
5.0	5.0	-0.4169
5.0	3.0	-0.4169
6.0	3.0	-0.4169
9.0	8.0	-0.4169
6.0	4.0	-0.4169
4.0	9.0	-0.4169
6.0	9.0	-0.4169
6.0	3.0	-0.4169
4.0	6.0	-0.4169
5.0	3.0	-0.4169
7.0	5.0	-0.4169
7.0	5.0	-0.4169
6.0	6.0	-0.4169
5.0	7.0	-0.4169
6.0	4.0	-0.4169
7.0	4.0	-0.4169
6.0	3.0	-0.4169
5.0	5.0	-0.4169
6.0	9.0	-0.4191
7.0	9.0	-0.4191
8.0	9.0	-0.4191
2.0	9.0	-0.4191
6.0	6.0	-0.4191
7.0	6.0	-0.4191
7.0	6.0	-0.4191
6.0	5.0	-0.4191
7.0	5.0	-0.4191
5.0	2.0	-0.4191
5.0	8.0	-0.4191
6.0	8.0	-0.4191
10.0	11.0	-0.4191
7.0	5.0	-0.4191
5.0	8.0	-0.4191
7.0	6.0	-0.4191
6.0	6.0	-0.4191
7.0	6.0	-0.4191
5.0	6.0	-0.4191
6.0	6.0	-0.4191
7.0	6.0	-0.4191
8.0	6.0	-0.4191
7.0	4.0	-0.4191
6.0	8.0	-0.4191
8.0	8.0	-0.4191
6.0	6.0	-0.4191
7.0	5.0	-0.4191
5.0	7.0	-0.4191
6.0	4.0	-0.4191
5.0	4.0	-0.4191
6.0	3.0	-0.4191
2.0	9.0	-0.4191
8.0	9.0	-0.4191
7.0	6.0	-0.4191
6.0	6.0	-0.4191
5.0	2.0	-0.4191
7.0	6.0	-0.4191
7.0	5.0	-0.4191
5.0	9.0	-0.4191
5.0	9.0	-0.4191
7.0	9.0	-0.4191
5.0	8.0	-0.4191
6.0	8.0	-0.4191
6.0	3.0	-0.4191
6.0	3.0	-0.4191
6.0	4.0	-0.4191
6.0	5.0	-0.4191
6.0	5.0	-0.4191
7.0	5.0	-0.4191
8.0	5.0	-0.4191
6.0	4.0	-0.4191
6.0	4.0	-0.4191
6.0	5.0	-0.4191
6.0	6.0	-0.4192
7.0	6.0	-0.4192
4.0	8.0	-0.4192
5.0	8.0	-0.4192
7.0	8.0	-0.4192
5.0	5.0	-0.4192
8.0	5.0	-0.4192
7.0	4.0	-0.4192
5.0	3.0	-0.4192
4.0	9.0	-0.4192
6.0	9.0	-0.4192
6.0	5.0	-0.4192
6.0	5.0	-0.4192
3.0	9.0	-0.4192
9.0	9.0	-0.4192
6.0	3.0	-0.4192
2.0	10.0	-0.4192
6.0	10.0	-0.4192
7.0	10.0	-0.4192
1.0	8.0	-0.4192
2.0	8.0	-0.4192
3.0	8.0	-0.4192
6.0	8.0	-0.4192
5.0	2.0	-0.4192
6.0	8.0	-0.4192
2.0	10.0	-0.4192
3.0	10.0	-0.4192
5.0	10.0	-0.4192
6.0	5.0	-0.4192
5.0	2.0	-0.4192
7.0	5.0	-0.4192
7.0	6.0	-0.4192
2.0	6.0	-0.4192
6.0	6.0	-0.4192
7.0	6.0	-0.4192
8.0	6.0	-0.4192
6.0	5.0	-0.4192
7.0	4.0	-0.4192
7.0	5.0	-0.4192
4.0	7.0	-0.4192
6.0	7.0	-0.4192
7.0	7.0	-0.4192
7.0	6.0	-0.4192
7.0	5.0	-0.4192
7.0	4.0	-0.4192
4.0	6.0	-0.4192
6.0	6.0	-0.4192
7.0	6.0	-0.4192
5.0	5.0	-0.4192
6.0	6.0	-0.4192
6.0	4.0	-0.4192
6.0	6.0	-0.4258
6.0	4.0	-0.4258
5.0	2.0	-0.4258
6.0	4.0	-0.4258
6.0	7.0	-0.4258
9.0	7.0	-0.4258
3.0	9.0	-0.4258
5.0	9.0	-0.4258
6.0	9.0	-0.4258
7.0	9.0	-0.4258
8.0	9.0	-0.4258
6.0	5.0	-0.4258
7.0	5.0	-0.4258
6.0	5.0	-0.4258
6.0	8.0	-0.4258
7.0	7.0	-0.4258
8.0	7.0	-0.4258
5.0	8.0	-0.4258
6.0	8.0	-0.4258
7.0	5.0	-0.4258
3.0	9.0	-0.4258
5.0	9.0	-0.4258
7.0	9.0	-0.4258
5.0	7.0	-0.4258
7.0	5.0	-0.4258
6.0	3.0	-0.4258
6.0	6.0	-0.4258
7.0	4.0	-0.4258
6.0	4.0	-0.4258
6.0	5.0	-0.4258
4.0	5.0	-0.4258
6.0	5.0	-0.4258
5.0	6.0	-0.4258
6.0	6.0	-0.4258
7.0	6.0	-0.4258
6.0	3.0	-0.4258
7.0	5.0	-0.4258
7.0	5.0	-0.4258
6.0	3.0	-0.4258
5.0	2.0	-0.4258
7.0	4.0	-0.4258
6.0	3.0	-0.4258
6.0	5.0	-0.4281
6.0	4.0	-0.4281
7.0	7.0	-0.4281
7.0	5.0	-0.4281
6.0	4.0	-0.4281
6.0	4.0	-0.4281
8.0	7.0	-0.4281
7.0	5.0	-0.4281
6.0	5.0	-0.4281
6.0	3.0	-0.4281
7.0	5.0	-0.4281
7.0	6.0	-0.4281
6.0	3.0	-0.4281
5.0	2.0	-0.4281
6.0	4.0	-0.4346
7.0	5.0	-0.4346
5.0	7.0	-0.4346
7.0	7.0	-0.4346
5.0	5.0	-0.4346
6.0	5.0	-0.4346
5.0	9.0	-0.4346
7.0	7.0	-0.4346
5.0	6.0	-0.4346
5.0	2.0	-0.4346
5.0	7.0	-0.4346
5.0	8.0	-0.4346
6.0	8.0	-0.4346
6.0	8.0	-0.4346
5.0	6.0	-0.4346
5.0	3.0	-0.4346
6.0	4.0	-0.4346
4.0	7.0	-0.4346
7.0	7.0	-0.4346
7.0	6.0	-0.4346
6.0	5.0	-0.4346
7.0	5.0	-0.4346
6.0	3.0	-0.4346
4.0	1.0	-0.4346
6.0	3.0	-0.4346
6.0	4.0	-0.4346
6.0	6.0	-0.5493
7.0	6.0	-0.5493
8.0	4.0	-0.5493
7.0	6.0	-0.5493
3.0	7.0	-0.5493
6.0	7.0	-0.5493
7.0	4.0	-0.5493
8.0	5.0	-0.5493
6.0	7.0	-0.5493
10.0	7.0	-0.5493
8.0	4.0	-0.5493
6.0	6.0	-0.5493
7.0	6.0	-0.5493
5.0	1.0	-0.5493
3.0	8.0	-0.5493
8.0	8.0	-0.5493
7.0	5.0	-0.5493
5.0	7.0	-0.5493
8.0	7.0	-0.5493
6.0	2.0	-0.5493
6.0	2.0	-0.5493
5.0	8.0	-0.5493
7.0	8.0	-0.5493
8.0	8.0	-0.5493
9.0	8.0	-0.5493
2.0	10.0	-0.5493
3.0	10.0	-0.5493
5.0	8.0	-0.5493
8.0	8.0	-0.5493
10.0	8.0	-0.5493
6.0	2.0	-0.5493
6.0	4.0	-0.5493
7.0	4.0	-0.5493
7.0	3.0	-0.5493
7.0	3.0	-0.5493
8.0	5.0	-0.5493
6.0	2.0	-0.5493
4.0	9.0	-0.5493
7.0	6.0	-0.5493
8.0	6.0	-0.5493
7.0	6.0	-0.5493
8.0	6.0	-0.5493
8.0	6.0	-0.5493
8.0	5.0	-0.5493
7.0	5.0	-0.5493
7.0	4.0	-0.5493
5.0	6.0	-0.5493
7.0	3.0	-0.5493
6.0	6.0	-0.5493
8.0	6.0	-0.5493
8.0	4.0	-0.5493
7.0	4.0	-0.5493
6.0	2.0	-0.5529
4.0	7.0	-0.5529
6.0	7.0	-0.5529
7.0	7.0	-0.5529
7.0	3.0	-0.5529
7.0	5.0	-0.5529
8.0	5.0	-0.5529
9.0	5.0	-0.5529
8.0	7.0	-0.5529
7.0	3.0	-0.5529
7.0	6.0	-0.5529
7.0	4.0	-0.5529
4.0	8.0	-0.5529
5.0	8.0	-0.5529
7.0	6.0	-0.5529
8.0	6.0	-0.5529
9.0	6.0	-0.5529
7.0	8.0	-0.5529
9.0	8.0	-0.5529
8.0	5.0	-0.5529
6.0	2.0	-0.5529
8.0	4.0	-0.5529
8.0	4.0	-0.5545
6.0	6.0	-0.5545
7.0	6.0	-0.5545
8.0	4.0	-0.5545
6.0	2.0	-0.5545
6.0	2.0	-0.5545
7.0	7.0	-0.5545
9.0	7.0	-0.5545
6.0	8.0	-0.5545
8.0	8.0	-0.5545
7.0	4.0	-0.5545
8.0	6.0	-0.5545
2.0	8.0	-0.5545
8.0	5.0	-0.5545
1.0	11.0	-0.5545
2.0	11.0	-0.5545
6.0	2.0	-0.5545
6.0	4.0	-0.5545
8.0	5.0	-0.5545
7.0	5.0	-0.5545
3.0	7.0	-0.5545
8.0	6.0	-0.5545
9.0	6.0	-0.5545
6.0	3.0	-0.5545
7.0	3.0	-0.5545
8.0	5.0	-0.5545
8.0	5.0	-0.5545
7.0	7.0	-0.5545
8.0	7.0	-0.5545
7.0	4.0	-0.5545
4.0	10.0	-0.5549
7.0	6.0	-0.5549
7.0	5.0	-0.5549
8.0	5.0	-0.5549
9.0	5.0	-0.5549
2.0	9.0	-0.5549
5.0	9.0	-0.5549
6.0	9.0	-0.5549
7.0	5.0	-0.5549
7.0	6.0	-0.5549
7.0	3.0	-0.5549
3.0	9.0	-0.5549
4.0	9.0	-0.5549
5.0	9.0	-0.5549
11.0	9.0	-0.5549
7.0	3.0	-0.5549
5.0	1.0	-0.5549
9.0	6.0	-0.5549
4.0	8.0	-0.5549
6.0	8.0	-0.5549
7.0	6.0	-0.5549
8.0	6.0	-0.5549
6.0	4.0	-0.5549
8.0	11.0	-0.5549
5.0	5.0	-0.5549
6.0	5.0	-0.5549
7.0	5.0	-0.5549
8.0	5.0	-0.5549
10.0	9.0	-0.5549
8.0	6.0	-0.5549
7.0	4.0	-0.5549
8.0	6.0	-0.5549
7.0	3.0	-0.5549
6.0	3.0	-0.5549
7.0	4.0	-0.5549
6.0	2.0	-0.5549
5.0	1.0	-0.5549
5.0	6.0	-0.5559
6.0	6.0	-0.5559
4.0	8.0	-0.5559
7.0	8.0	-0.5559
7.0	3.0	-0.5559
7.0	3.0	-0.5559
8.0	6.0	-0.5559
8.0	5.0	-0.5559
4.0	10.0	-0.5559
5.0	10.0	-0.5559
7.0	10.0	-0.5559
6.0	2.0	-0.5559
7.0	6.0	-0.5559
7.0	3.0	-0.5559
10.0	8.0	-0.5559
6.0	6.0	-0.5559
6.0	9.0	-0.5559
8.0	9.0	-0.5559
5.0	4.0	-0.5559
7.0	4.0	-0.5559
8.0	4.0	-0.5559
6.0	5.0	-0.5559
7.0	5.0	-0.5559
8.0	5.0	-0.5559
6.0	2.0	-0.5559
7.0	7.0	-0.5559
9.0	7.0	-0.5559
8.0	5.0	-0.5559
7.0	6.0	-0.5559
6.0	7.0	-0.5559
1.0	9.0	-0.5559
7.0	4.0	-0.5559
8.0	4.0	-0.5559
6.0	7.0	-0.5559
5.0	8.0	-0.5559
8.0	8.0	-0.5559
6.0	4.0	-0.5559
6.0	7.0	-0.5559
10.0	7.0	-0.5559
7.0	3.0	-0.5559
5.0	8.0	-0.5559
11.0	8.0	-0.5559
7.0	3.0	-0.5559
6.0	2.0	-0.5559
7.0	3.0	-0.5559
6.0	4.0	-0.5559
7.0	5.0	-0.5559
7.0	6.0	-0.5559
8.0	6.0	-0.5559
6.0	2.0	-0.5559
7.0	4.0	-0.5559
8.0	5.0	-0.5587
3.0	8.0	-0.5587
3.0	8.0	-0.5587
4.0	8.0	-0.5587
8.0	5.0	-0.5587
9.0	5.0	-0.5587
7.0	3.0	-0.5587
7.0	7.0	-0.5587
8.0	7.0	-0.5587
10.0	7.0	-0.5587
4.0	10.0	-0.5587
5.0	10.0	-0.5587
8.0	4.0	-0.5587
7.0	6.0	-0.5587
8.0	5.0	-0.5587
8.0	5.0	-0.5587
7.0	7.0	-0.5587
9.0	6.0	-0.5587
6.0	6.0	-0.5587
7.0	3.0	-0.5587
7.0	3.0	-0.5587
6.0	3.0	-0.5587
8.0	6.0	-0.5587
9.0	8.0	-0.5587
8.0	5.0	-0.5587
8.0	5.0	-0.5587
7.0	5.0	-0.5587
8.0	5.0	-0.5587
6.0	2.0	-0.5587
7.0	5.0	-0.5587
7.0	3.0	-0.5587
3.0	8.0	-0.5587
4.0	8.0	-0.5587
6.0	8.0	-0.5587
7.0	8.0	-0.5587
8.0	8.0	-0.5587
6.0	2.0	-0.5587
6.0	8.0	-0.5587
7.0	7.0	-0.5587
8.0	7.0	-0.5587
9.0	7.0	-0.5587
6.0	3.0	-0.5587
7.0	4.0	-0.5587
8.0	4.0	-0.5587
7.0	4.0	-0.5587
8.0	4.0	-0.5587
7.0	4.0	-0.5587
5.0	1.0	-0.5587
7.0	5.0	-0.5587
7.0	6.0	-0.5587
9.0	6.0	-0.5587
7.0	3.0	-0.5587
7.0	3.0	-0.5587
6.0	2.0	-0.5587
7.0	3.0	-0.5587
7.0	4.0	-0.5587
8.0	5.0	-0.5589
7.0	4.0	-0.5589
7.0	3.0	-0.5589
7.0	4.0	-0.5589
6.0	2.0	-0.5589
6.0	2.0	-0.5589
5.0	1.0	-0.5589
5.0	8.0	-0.5589
9.0	8.0	-0.5589
7.0	4.0	-0.5589
8.0	4.0	-0.5589
5.0	1.0	-0.5589
5.0	9.0	-0.5589
2.0	9.0	-0.5589
3.0	9.0	-0.5589
4.0	9.0	-0.5589
5.0	9.0	-0.5589
5.0	7.0	-0.5589
8.0	7.0	-0.5589
7.0	3.0	-0.5589
4.0	7.0	-0.5589
6.0	9.0	-0.5589
7.0	9.0	-0.5589
6.0	2.0	-0.5589
7.0	4.0	-0.5589
8.0	4.0	-0.5589
6.0	2.0	-0.5589
7.0	4.0	-0.5589
8.0	4.0	-0.5589
8.0	5.0	-0.5589
7.0	3.0	-0.5589
6.0	2.0	-0.5589
7.0	3.0	-0.5589
7.0	4.0	-0.5589
6.0	2.0	-0.5589
7.0	5.0	-0.5589
8.0	5.0	-0.5589
7.0	3.0	-0.5677
7.0	4.0	-0.5677
8.0	6.0	-0.5677
4.0	8.0	-0.5677
7.0	3.0	-0.5677
7.0	5.0	-0.5677
7.0	4.0	-0.5677
9.0	6.0	-0.5677
7.0	7.0	-0.5677
8.0	7.0	-0.5677
6.0	2.0	-0.5677
8.0	8.0	-0.5677
9.0	8.0	-0.5677
7.0	6.0	-0.5677
7.0	4.0	-0.5677
8.0	4.0	-0.5677
8.0	4.0	-0.5677
6.0	2.0	-0.5677
7.0	5.0	-0.5677
6.0	2.0	-0.5677
7.0	4.0	-0.5677
8.0	4.0	-0.5677
6.0	2.0	-0.5708
7.0	3.0	-0.5708
8.0	6.0	-0.5708
6.0	5.0	-0.5708
7.0	5.0	-0.5708
7.0	3.0	-0.5708
7.0	6.0	-0.5708
7.0	4.0	-0.5708
6.0	2.0	-0.5708
7.0	3.0	-0.5708
7.0	3.0	-0.5708
6.0	2.0	-0.5708
6.0	2.0	-0.5795
7.0	3.0	-0.5795
6.0	6.0	-0.5795
8.0	6.0	-0.5795
4.0	6.0	-0.5795
6.0	6.0	-0.5795
7.0	6.0	-0.5795
7.0	5.0	-0.5795
8.0	5.0	-0.5795
7.0	3.0	-0.5795
6.0	5.0	-0.5795
7.0	5.0	-0.5795
8.0	5.0	-0.5795
7.0	3.0	-0.5795
4.0	7.0	-0.5795
7.0	7.0	-0.5795
3.0	8.0	-0.5795
6.0	8.0	-0.5795
8.0	8.0	-0.5795
7.0	3.0	-0.5795
7.0	5.0	-0.5795
7.0	3.0	-0.5795
6.0	6.0	-0.5795
7.0	7.0	-0.5795
8.0	7.0	-0.5795
9.0	7.0	-0.5795
8.0	5.0	-0.5795
7.0	3.0	-0.5795
6.0	2.0	-0.5795
8.0	4.0	-0.5795
6.0	5.0	-0.5795
8.0	5.0	-0.6867
9.0	5.0	-0.6867
9.0	5.0	-0.6867
8.0	6.0	-0.6867
6.0	1.0	-0.6867
8.0	3.0	-0.6867
8.0	3.0	-0.6867
7.0	6.0	-0.6867
8.0	4.0	-0.6867
9.0	7.0	-0.6867
8.0	4.0	-0.6867
10.0	6.0	-0.6867
10.0	7.0	-0.6867
7.0	9.0	-0.6867
10.0	9.0	-0.6867
8.0	4.0	-0.6867
3.0	12.0	-0.6867
8.0	6.0	-0.6867
9.0	6.0	-0.6867
8.0	3.0	-0.6867
6.0	8.0	-0.6867
8.0	8.0	-0.6867
9.0	8.0	-0.6867
8.0	6.0	-0.6867
10.0	6.0	-0.6867
8.0	3.0	-0.6867
8.0	3.0	-0.6867
8.0	5.0	-0.6867
7.0	4.0	-0.6867
9.0	5.0	-0.6867
7.0	4.0	-0.6912
8.0	4.0	-0.6912
9.0	6.0	-0.6912
7.0	2.0	-0.6912
8.0	5.0	-0.6912
9.0	5.0	-0.6912
5.0	6.0	-0.6912
7.0	6.0	-0.6912
8.0	6.0	-0.6912
7.0	6.0	-0.6912
8.0	6.0	-0.6912
5.0	7.0	-0.6912
8.0	4.0	-0.6912
7.0	2.0	-0.6912
8.0	5.0	-0.6912
9.0	5.0	-0.6912
7.0	5.0	-0.6912
8.0	3.0	-0.6912
7.0	2.0	-0.6932
9.0	5.0	-0.6932
8.0	6.0	-0.6932
9.0	6.0	-0.6932
8.0	6.0	-0.6932
8.0	3.0	-0.6932
9.0	5.0	-0.6932
6.0	7.0	-0.6932
5.0	10.0	-0.6932
8.0	4.0	-0.6932
9.0	4.0	-0.6932
8.0	4.0	-0.6932
9.0	4.0	-0.6932
8.0	6.0	-0.6932
5.0	6.0	-0.6932
7.0	6.0	-0.6932
8.0	6.0	-0.6932
8.0	3.0	-0.6932
9.0	4.0	-0.6932
8.0	3.0	-0.6932
8.0	4.0	-0.6932
1.0	9.0	-0.6936
3.0	9.0	-0.6936
5.0	9.0	-0.6936
8.0	5.0	-0.6936
4.0	8.0	-0.6936
7.0	8.0	-0.6936
8.0	4.0	-0.6936
8.0	5.0	-0.6936
9.0	5.0	-0.6936
8.0	4.0	-0.6936
8.0	8.0	-0.6936
7.0	2.0	-0.6936
9.0	5.0	-0.6936
8.0	3.0	-0.6936
2.0	10.0	-0.6936
6.0	8.0	-0.6936
8.0	8.0	-0.6936
8.0	3.0	-0.6936
7.0	2.0	-0.6936
8.0	3.0	-0.6936
7.0	2.0	-0.6936
8.0	3.0	-0.6936
6.0	5.0	-0.6949
8.0	5.0	-0.6949
8.0	3.0	-0.6949
9.0	7.0	-0.6949
2.0	9.0	-0.6949
6.0	9.0	-0.6949
10.0	9.0	-0.6949
8.0	5.0	-0.6949
3.0	8.0	-0.6949
7.0	8.0	-0.6949
9.0	4.0	-0.6949
9.0	4.0	-0.6949
9.0	4.0	-0.6949
8.0	6.0	-0.6949
10.0	6.0	-0.6949
8.0	5.0	-0.6949
9.0	5.0	-0.6949
3.0	8.0	-0.6949
4.0	8.0	-0.6949
5.0	8.0	-0.6949
8.0	6.0	-0.6949
6.0	7.0	-0.6949
10.0	7.0	-0.6949
7.0	2.0	-0.6949
6.0	1.0	-0.6949
7.0	6.0	-0.6949
7.0	2.0	-0.6949
8.0	7.0	-0.6949
8.0	4.0	-0.6949
8.0	3.0	-0.6949
8.0	4.0	-0.6949
10.0	7.0	-0.6984
7.0	7.0	-0.6984
8.0	7.0	-0.6984
9.0	7.0	-0.6984
8.0	4.0	-0.6984
8.0	3.0	-0.6984
8.0	3.0	-0.6984
1.0	9.0	-0.6984
9.0	9.0	-0.6984
7.0	6.0	-0.6984
8.0	6.0	-0.6984
8.0	5.0	-0.6984
9.0	5.0	-0.6984
8.0	3.0	-0.6984
8.0	5.0	-0.6984
9.0	5.0	-0.6984
9.0	5.0	-0.6984
10.0	5.0	-0.6984
6.0	7.0	-0.6984
9.0	4.0	-0.6984
9.0	4.0	-0.6984
8.0	4.0	-0.6984
9.0	4.0	-0.6984
8.0	3.0	-0.6984
9.0	7.0	-0.6984
3.0	7.0	-0.6984
8.0	7.0	-0.6984
8.0	4.0	-0.6984
8.0	5.0	-0.6984
8.0	3.0	-0.6984
9.0	4.0	-0.6986
8.0	6.0	-0.6986
8.0	3.0	-0.6986
8.0	4.0	-0.6986
7.0	6.0	-0.6986
8.0	6.0	-0.6986
8.0	7.0	-0.6986
6.0	7.0	-0.6986
8.0	7.0	-0.6986
8.0	8.0	-0.6986
8.0	8.0	-0.6986
11.0	8.0	-0.6986
9.0	6.0	-0.6986
8.0	6.0	-0.6986
8.0	3.0	-0.6986
4.0	8.0	-0.6986
10.0	8.0	-0.6986
8.0	3.0	-0.6986
8.0	4.0	-0.6986
8.0	3.0	-0.6986
8.0	5.0	-0.6986
8.0	3.0	-0.6986
8.0	4.0	-0.6986
7.0	2.0	-0.6986
7.0	2.0	-0.6986
8.0	4.0	-0.7096
7.0	2.0	-0.7096
7.0	2.0	-0.7096
9.0	7.0	-0.7096
8.0	3.0	-0.7096
8.0	6.0	-0.7096
9.0	6.0	-0.7096
9.0	6.0	-0.7096
10.0	7.0	-0.7096
9.0	4.0	-0.7096
7.0	2.0	-0.7096
8.0	3.0	-0.7096
7.0	3.0	-0.7096
8.0	4.0	-0.7096
8.0	3.0	-0.7096
7.0	3.0	-0.7096
8.0	3.0	-0.7096
8.0	3.0	-0.7135
8.0	3.0	-0.7135
9.0	5.0	-0.7135
8.0	3.0	-0.7135
8.0	4.0	-0.7135
7.0	2.0	-0.7135
8.0	3.0	-0.7135
8.0	3.0	-0.7135
6.0	1.0	-0.7135
9.0	5.0	-0.7135
8.0	4.0	-0.7135
8.0	3.0	-0.7135
8.0	4.0	-0.7135
7.0	2.0	-0.7135
8.0	3.0	-0.7244
8.0	5.0	-0.7244
7.0	3.0	-0.7244
6.0	6.0	-0.7244
8.0	5.0	-0.7244
8.0	4.0	-0.7244
8.0	5.0	-0.7244
7.0	6.0	-0.7244
10.0	6.0	-0.7244
7.0	2.0	-0.7244
9.0	5.0	-0.7244
10.0	5.0	-0.7244
9.0	4.0	-0.7244
8.0	3.0	-0.7244
6.0	1.0	-0.7244
7.0	2.0	-0.7244
9.0	4.0	-0.824
10.0	4.0	-0.824
9.0	5.0	-0.824
10.0	5.0	-0.824
9.0	3.0	-0.824
9.0	5.0	-0.824
9.0	4.0	-0.824
9.0	3.0	-0.824
9.0	3.0	-0.824
11.0	6.0	-0.824
5.0	8.0	-0.824
6.0	8.0	-0.824
8.0	8.0	-0.824
6.0	6.0	-0.824
9.0	3.0	-0.824
8.0	2.0	-0.824
10.0	5.0	-0.824
9.0	3.0	-0.824
9.0	4.0	-0.824
9.0	4.0	-0.824
8.0	3.0	-0.824
9.0	4.0	-0.824
8.0	3.0	-0.824
9.0	3.0	-0.824
8.0	2.0	-0.824
8.0	5.0	-0.8294
9.0	3.0	-0.8294
9.0	3.0	-0.8294
9.0	4.0	-0.8294
8.0	6.0	-0.8294
9.0	6.0	-0.8294
10.0	5.0	-0.8294
7.0	1.0	-0.8294
8.0	4.0	-0.8294
9.0	4.0	-0.8294
9.0	3.0	-0.8294
10.0	4.0	-0.8318
9.0	3.0	-0.8318
10.0	5.0	-0.8318
9.0	6.0	-0.8318
8.0	2.0	-0.8318
9.0	3.0	-0.8318
3.0	9.0	-0.8318
8.0	9.0	-0.8318
10.0	9.0	-0.8318
8.0	2.0	-0.8318
10.0	5.0	-0.8318
9.0	3.0	-0.8318
7.0	1.0	-0.8323
11.0	7.0	-0.8323
9.0	3.0	-0.8323
10.0	4.0	-0.8323
9.0	3.0	-0.8323
9.0	6.0	-0.8323
7.0	9.0	-0.8323
7.0	7.0	-0.8323
9.0	3.0	-0.8323
9.0	4.0	-0.8323
8.0	2.0	-0.8323
9.0	4.0	-0.8323
7.0	1.0	-0.8323
10.0	4.0	-0.8339
9.0	4.0	-0.8339
8.0	6.0	-0.8339
10.0	6.0	-0.8339
9.0	4.0	-0.8339
9.0	3.0	-0.8339
9.0	8.0	-0.8339
11.0	8.0	-0.8339
8.0	2.0	-0.8339
9.0	4.0	-0.8339
10.0	4.0	-0.8339
9.0	6.0	-0.8339
9.0	4.0	-0.8339
10.0	4.0	-0.8339
10.0	7.0	-0.8339
8.0	3.0	-0.8339
8.0	2.0	-0.8339
9.0	3.0	-0.8339
9.0	5.0	-0.8339
6.0	7.0	-0.8339
8.0	7.0	-0.8339
9.0	5.0	-0.8339
8.0	2.0	-0.8339
9.0	6.0	-0.8339
10.0	6.0	-0.8339
8.0	2.0	-0.8339
9.0	4.0	-0.8339
9.0	3.0	-0.8381
9.0	6.0	-0.8381
10.0	6.0	-0.8381
9.0	5.0	-0.8381
10.0	5.0	-0.8381
9.0	3.0	-0.8381
9.0	3.0	-0.8381
9.0	5.0	-0.8381
10.0	5.0	-0.8381
8.0	2.0	-0.8381
10.0	4.0	-0.8381
10.0	4.0	-0.8381
7.0	1.0	-0.8381
7.0	6.0	-0.8381
10.0	6.0	-0.8381
8.0	2.0	-0.8381
8.0	2.0	-0.8381
10.0	5.0	-0.8381
7.0	1.0	-0.8381
8.0	2.0	-0.8381
7.0	1.0	-0.8381
8.0	2.0	-0.8381
9.0	5.0	-0.8383
10.0	5.0	-0.8383
9.0	3.0	-0.8383
9.0	5.0	-0.8383
10.0	6.0	-0.8383
8.0	2.0	-0.8383
8.0	2.0	-0.8383
7.0	6.0	-0.8383
10.0	6.0	-0.8383
7.0	7.0	-0.8383
9.0	7.0	-0.8383
10.0	7.0	-0.8383
9.0	7.0	-0.8383
10.0	5.0	-0.8383
9.0	7.0	-0.8383
9.0	4.0	-0.8383
8.0	2.0	-0.8383
9.0	4.0	-0.8383
9.0	3.0	-0.8383
8.0	3.0	-0.8383
9.0	3.0	-0.8383
9.0	3.0	-0.8515
8.0	2.0	-0.8515
8.0	2.0	-0.8515
8.0	3.0	-0.8515
10.0	5.0	-0.8515
10.0	5.0	-0.8515
9.0	4.0	-0.8515
8.0	2.0	-0.8515
8.0	2.0	-0.8515
8.0	2.0	-0.8562
9.0	4.0	-0.8562
10.0	4.0	-0.8562
8.0	2.0	-0.8562
10.0	4.0	-0.8562
9.0	3.0	-0.8562
8.0	2.0	-0.8562
9.0	4.0	-0.8693
9.0	4.0	-0.8693
9.0	3.0	-0.8693
8.0	2.0	-0.8693
8.0	5.0	-0.8693
9.0	5.0	-0.8693
9.0	6.0	-0.8693
10.0	6.0	-0.8693
9.0	4.0	-0.8693
10.0	4.0	-0.8693
9.0	4.0	-0.8693
8.0	5.0	-0.8693
9.0	2.0	-0.9613
8.0	3.0	-0.9613
10.0	5.0	-0.9613
11.0	5.0	-0.9613
11.0	5.0	-0.9613
9.0	2.0	-0.9613
1.0	10.0	-0.9613
7.0	10.0	-0.9613
9.0	3.0	-0.9613
9.0	2.0	-0.9613
9.0	2.0	-0.9613
9.0	2.0	-0.9613
10.0	3.0	-0.9613
10.0	4.0	-0.9676
10.0	4.0	-0.9676
8.0	1.0	-0.9676
10.0	5.0	-0.9676
9.0	4.0	-0.9676
10.0	3.0	-0.9676
10.0	5.0	-0.9676
11.0	5.0	-0.9676
9.0	2.0	-0.9676
10.0	3.0	-0.9676
10.0	4.0	-0.9704
11.0	4.0	-0.9704
10.0	5.0	-0.9704
10.0	3.0	-0.9704
9.0	5.0	-0.9704
10.0	5.0	-0.9704
4.0	8.0	-0.9704
7.0	8.0	-0.9704
9.0	2.0	-0.9704
9.0	4.0	-0.9704
9.0	2.0	-0.9704
10.0	4.0	-0.9704
6.0	7.0	-0.971
8.0	7.0	-0.971
9.0	7.0	-0.971
10.0	7.0	-0.971
9.0	3.0	-0.971
10.0	3.0	-0.971
9.0	6.0	-0.971
10.0	6.0	-0.971
10.0	6.0	-0.971
10.0	5.0	-0.971
5.0	8.0	-0.971
11.0	8.0	-0.971
9.0	2.0	-0.971
9.0	6.0	-0.971
11.0	6.0	-0.971
12.0	6.0	-0.971
8.0	1.0	-0.9728
8.0	7.0	-0.9728
11.0	5.0	-0.9728
9.0	6.0	-0.9728
8.0	1.0	-0.9728
9.0	2.0	-0.9728
10.0	4.0	-0.9728
9.0	6.0	-0.9728
11.0	6.0	-0.9728
9.0	5.0	-0.9728
11.0	4.0	-0.9728
9.0	2.0	-0.9728
8.0	1.0	-0.9728
11.0	5.0	-0.9778
9.0	2.0	-0.9778
11.0	4.0	-0.9778
6.0	7.0	-0.9778
7.0	7.0	-0.9778
11.0	7.0	-0.9778
9.0	2.0	-0.9778
9.0	2.0	-0.9778
10.0	5.0	-0.9778
9.0	2.0	-0.9778
9.0	5.0	-0.9778
9.0	2.0	-0.9778
10.0	4.0	-0.9781
7.0	5.0	-0.9781
11.0	5.0	-0.9781
10.0	6.0	-0.9781
9.0	4.0	-0.9781
11.0	4.0	-0.9781
8.0	6.0	-0.9781
11.0	6.0	-0.9781
10.0	3.0	-0.9781
8.0	1.0	-0.9781
10.0	3.0	-0.9934
10.0	5.0	-0.9934
10.0	3.0	-0.9934
11.0	4.0	-0.9934
8.0	1.0	-0.9934
11.0	5.0	-0.9934
10.0	3.0	-0.9934
9.0	2.0	-0.9934
9.0	2.0	-0.9989
9.0	2.0	-0.9989
10.0	3.0	-1.0141
9.0	2.0	-1.0141
10.0	4.0	-1.0141
9.0	2.0	-1.0141
9.0	4.0	-1.0141
10.0	4.0	-1.0141
9.0	2.0	-1.0141
8.0	1.0	-1.0141
10.0	2.0	-1.0986
11.0	3.0	-1.0986
9.0	1.0	-1.0986
12.0	4.0	-1.0986
12.0	4.0	-1.0986
9.0	6.0	-1.0986
2.0	9.0	-1.0986
5.0	9.0	-1.0986
8.0	9.0	-1.0986
12.0	9.0	-1.0986
10.0	5.0	-1.0986
11.0	5.0	-1.0986
10.0	2.0	-1.0986
11.0	3.0	-1.0986
10.0	2.0	-1.0986
10.0	2.0	-1.1059
11.0	4.0	-1.1059
10.0	2.0	-1.1059
10.0	3.0	-1.1059
11.0	3.0	-1.1059
10.0	2.0	-1.1059
11.0	3.0	-1.109
11.0	4.0	-1.109
11.0	4.0	-1.109
6.0	7.0	-1.109
9.0	7.0	-1.109
11.0	7.0	-1.109
11.0	3.0	-1.109
10.0	3.0	-1.109
10.0	2.0	-1.109
11.0	6.0	-1.1097
9.0	1.0	-1.1097
12.0	5.0	-1.1097
10.0	2.0	-1.1097
11.0	4.0	-1.1097
10.0	2.0	-1.1097
9.0	7.0	-1.1097
14.0	7.0	-1.1097
10.0	2.0	-1.1097
10.0	2.0	-1.1097
10.0	2.0	-1.1118
11.0	4.0	-1.1118
11.0	5.0	-1.1118
9.0	1.0	-1.1118
10.0	3.0	-1.1118
11.0	3.0	-1.1118
11.0	4.0	-1.1118
9.0	1.0	-1.1118
10.0	2.0	-1.1118
11.0	4.0	-1.1175
8.0	6.0	-1.1175
10.0	2.0	-1.1175
11.0	3.0	-1.1175
11.0	4.0	-1.1175
9.0	1.0	-1.1175
11.0	4.0	-1.1175
10.0	4.0	-1.1175
11.0	4.0	-1.1175
10.0	2.0	-1.1175
11.0	4.0	-1.1178
11.0	5.0	-1.1178
12.0	5.0	-1.1178
10.0	3.0	-1.1178
9.0	1.0	-1.1178
9.0	1.0	-1.1178
9.0	1.0	-1.1178
9.0	1.0	-1.1178
11.0	4.0	-1.1353
9.0	1.0	-1.1353
11.0	3.0	-1.1353
11.0	3.0	-1.159
11.0	4.0	-1.159
10.0	2.0	-1.159
11.0	3.0	-1.159
10.0	1.0	-1.236
11.0	2.0	-1.236
10.0	1.0	-1.236
11.0	2.0	-1.236
11.0	5.0	-1.236
12.0	5.0	-1.236
11.0	2.0	-1.236
12.0	4.0	-1.236
10.0	1.0	-1.236
10.0	1.0	-1.236
11.0	2.0	-1.2441
11.0	2.0	-1.2441
12.0	3.0	-1.2441
11.0	2.0	-1.2477
11.0	2.0	-1.2477
12.0	5.0	-1.2484
13.0	5.0	-1.2484
12.0	4.0	-1.2484
12.0	6.0	-1.2484
10.0	1.0	-1.2508
12.0	5.0	-1.2508
13.0	5.0	-1.2508
12.0	3.0	-1.2508
12.0	4.0	-1.2508
11.0	2.0	-1.2508
10.0	1.0	-1.2508
11.0	2.0	-1.2508
10.0	4.0	-1.2508
12.0	4.0	-1.2508
12.0	3.0	-1.2508
12.0	3.0	-1.2508
12.0	3.0	-1.2572
12.0	5.0	-1.2572
11.0	2.0	-1.2572
12.0	3.0	-1.2572
11.0	2.0	-1.2572
11.0	2.0	-1.2575
11.0	2.0	-1.2575
12.0	3.0	-1.2575
11.0	2.0	-1.2575
10.0	1.0	-1.2575
10.0	1.0	-1.2843
10.0	1.0	-1.3039
11.0	2.0	-1.3039
13.0	4.0	-1.3733
14.0	4.0	-1.3733
12.0	2.0	-1.3733
6.0	7.0	-1.3733
9.0	7.0	-1.3733
10.0	7.0	-1.3733
11.0	7.0	-1.3733
14.0	7.0	-1.3733
11.0	1.0	-1.3824
12.0	2.0	-1.3863
12.0	5.0	-1.3863
13.0	5.0	-1.3863
14.0	5.0	-1.3863
13.0	3.0	-1.3871
12.0	2.0	-1.3871
13.0	5.0	-1.3871
13.0	3.0	-1.3871
12.0	2.0	-1.3898
12.0	2.0	-1.3968
13.0	4.0	-1.3968
12.0	2.0	-1.3968
12.0	3.0	-1.3972
12.0	3.0	-1.3972
12.0	2.0	-1.4488
13.0	2.0	-1.5106
12.0	1.0	-1.5206
12.0	1.0	-1.5249
15.0	4.0	-1.5249
15.0	4.0	-1.5259
14.0	3.0	-1.5288
13.0	2.0	-1.5288
12.0	1.0	-1.5365
12.0	1.0	-1.5369
13.0	2.0	-1.5369
13.0	2.0	-1.5369
12.0	1.0	-1.5611
12.0	1.0	-1.5611
13.0	5.0	-1.648
14.0	2.0	-1.6646
13.0	1.0	-1.6646
13.0	1.0	-1.6677
13.0	1.0	-1.6767
15.0	4.0	-1.7853
16.0	4.0	-1.7853
14.0	1.0	-1.8159
17.0	3.0	-1.9226
