# DAUGHTER VS D BY REJUVENATION
# original file "wt_unlimCap_noRe_3gen_perturbed.txt" 
# daughter	initD	rejuvenation
3.0	0.1606	1.5288
1.0	0.1564	1.2441
1.0	0.1574	1.2441
2.0	0.1771	1.2441
1.0	0.147	1.236
1.0	0.1433	1.1416
1.0	0.1645	1.1416
1.0	0.1513	1.1416
2.0	0.1641	1.1416
5.0	0.171	1.1178
1.0	0.172	1.1178
4.0	0.1732	1.0986
2.0	0.1633	1.0986
1.0	0.1544	1.0141
1.0	0.1452	1.0141
1.0	0.1389	0.9989
1.0	0.1614	0.9934
1.0	0.1464	0.9781
2.0	0.166	0.9781
2.0	0.1782	0.9781
3.0	0.1738	0.9781
2.0	0.1839	0.9728
1.0	0.1486	0.9728
1.0	0.1568	0.971
4.0	0.1762	0.971
3.0	0.1804	0.9704
2.0	0.1659	0.9613
2.0	0.1879	0.9613
2.0	0.1516	0.8693
1.0	0.1798	0.8562
2.0	0.1563	0.8562
1.0	0.1735	0.8515
2.0	0.1496	0.8515
1.0	0.1551	0.8515
1.0	0.1611	0.8515
2.0	0.1674	0.8515
3.0	0.164	0.8383
1.0	0.1372	0.8383
1.0	0.1455	0.8383
3.0	0.1607	0.8383
2.0	0.1539	0.8383
2.0	0.1608	0.8383
1.0	0.1774	0.8383
1.0	0.1599	0.8383
1.0	0.1654	0.8383
1.0	0.1425	0.8381
2.0	0.1647	0.8381
1.0	0.1595	0.8339
1.0	0.1563	0.8339
3.0	0.185	0.8339
1.0	0.1595	0.8339
4.0	0.1725	0.8339
1.0	0.1542	0.8339
1.0	0.1962	0.8339
2.0	0.1562	0.8323
1.0	0.1651	0.8323
1.0	0.1815	0.8323
1.0	0.1588	0.8318
1.0	0.1485	0.8318
1.0	0.1659	0.8318
1.0	0.1629	0.8294
1.0	0.1602	0.8294
2.0	0.1532	0.824
1.0	0.1546	0.824
1.0	0.1768	0.824
1.0	0.1509	0.824
2.0	0.1838	0.824
2.0	0.1626	0.824
1.0	0.2016	0.7244
1.0	0.1545	0.7244
4.0	0.1739	0.7244
1.0	0.1527	0.7244
1.0	0.1598	0.7244
1.0	0.1838	0.7244
2.0	0.1621	0.7244
2.0	0.169	0.7244
2.0	0.1601	0.7244
2.0	0.15	0.7135
2.0	0.1534	0.7135
2.0	0.1615	0.7135
1.0	0.1809	0.7135
1.0	0.157	0.7135
2.0	0.1765	0.7135
1.0	0.1693	0.7135
1.0	0.1531	0.7096
3.0	0.1717	0.7096
1.0	0.1744	0.7096
3.0	0.1623	0.7096
1.0	0.1463	0.6986
2.0	0.1524	0.6986
1.0	0.1784	0.6986
1.0	0.1448	0.6986
1.0	0.1479	0.6986
2.0	0.1637	0.6986
1.0	0.1423	0.6984
2.0	0.1491	0.6984
1.0	0.1808	0.6984
1.0	0.1575	0.6984
1.0	0.142	0.6984
3.0	0.1732	0.6984
2.0	0.1686	0.6984
4.0	0.1657	0.6949
1.0	0.1585	0.6949
1.0	0.1445	0.6949
1.0	0.161	0.6949
1.0	0.1724	0.6949
2.0	0.1599	0.6949
1.0	0.1704	0.6949
1.0	0.1533	0.6949
2.0	0.1928	0.6949
3.0	0.1648	0.6949
1.0	0.1804	0.6949
1.0	0.173	0.6949
5.0	0.1669	0.6936
1.0	0.1413	0.6936
2.0	0.1625	0.6936
3.0	0.1738	0.6936
3.0	0.1847	0.6936
1.0	0.1896	0.6936
1.0	0.1598	0.6936
1.0	0.1759	0.6936
1.0	0.1693	0.6936
2.0	0.1592	0.6936
3.0	0.167	0.6936
1.0	0.1713	0.6936
1.0	0.1731	0.6936
5.0	0.1655	0.6932
3.0	0.1761	0.6932
1.0	0.1538	0.6932
2.0	0.1799	0.6932
2.0	0.1668	0.6932
1.0	0.166	0.6932
1.0	0.1581	0.6912
1.0	0.1511	0.6912
2.0	0.1709	0.6912
2.0	0.1598	0.6912
2.0	0.1762	0.6912
2.0	0.1816	0.6912
3.0	0.1738	0.6912
1.0	0.1601	0.6867
3.0	0.1838	0.6867
1.0	0.1837	0.6867
1.0	0.204	0.6867
3.0	0.1746	0.5795
4.0	0.1851	0.5795
2.0	0.156	0.5795
1.0	0.1751	0.5795
2.0	0.1534	0.5795
3.0	0.1608	0.5795
1.0	0.1467	0.5795
2.0	0.1597	0.5795
1.0	0.1582	0.5795
2.0	0.1653	0.5795
2.0	0.1549	0.5795
3.0	0.1742	0.5795
3.0	0.1599	0.5708
4.0	0.1668	0.5708
1.0	0.1622	0.5708
2.0	0.1703	0.5708
1.0	0.1619	0.5708
1.0	0.1836	0.5708
4.0	0.1585	0.5708
2.0	0.1716	0.5708
3.0	0.1633	0.5708
1.0	0.1689	0.5708
1.0	0.1501	0.5677
3.0	0.1649	0.5677
2.0	0.172	0.5677
1.0	0.1824	0.5677
1.0	0.1377	0.5677
1.0	0.1584	0.5677
1.0	0.1909	0.5677
1.0	0.1627	0.5677
1.0	0.1973	0.5677
1.0	0.154	0.5677
3.0	0.1712	0.5677
1.0	0.1498	0.5677
1.0	0.1569	0.5677
2.0	0.1634	0.5677
3.0	0.1775	0.5677
1.0	0.1834	0.5677
1.0	0.1501	0.5589
2.0	0.1529	0.5589
1.0	0.1514	0.5589
1.0	0.16	0.5589
1.0	0.1765	0.5589
1.0	0.1563	0.5589
3.0	0.1864	0.5589
1.0	0.1417	0.5589
2.0	0.1527	0.5589
2.0	0.1547	0.5589
1.0	0.1735	0.5589
1.0	0.1855	0.5589
4.0	0.1792	0.5589
2.0	0.1694	0.5589
1.0	0.1732	0.5589
1.0	0.1977	0.5589
1.0	0.2121	0.5589
1.0	0.1566	0.5589
1.0	0.1548	0.5587
3.0	0.1558	0.5587
1.0	0.1482	0.5587
2.0	0.1839	0.5587
1.0	0.1479	0.5587
4.0	0.1793	0.5587
1.0	0.1601	0.5587
1.0	0.1602	0.5587
1.0	0.1665	0.5587
3.0	0.1805	0.5587
1.0	0.1571	0.5587
2.0	0.1642	0.5587
1.0	0.1863	0.5587
3.0	0.1537	0.5559
1.0	0.146	0.5559
1.0	0.1798	0.5559
1.0	0.1448	0.5559
2.0	0.1524	0.5559
3.0	0.1686	0.5559
2.0	0.1534	0.5559
2.0	0.1628	0.5559
1.0	0.1615	0.5559
1.0	0.1524	0.5559
2.0	0.1604	0.5559
2.0	0.187	0.5559
1.0	0.1523	0.5549
1.0	0.1766	0.5549
1.0	0.2074	0.5549
1.0	0.1422	0.5549
2.0	0.1618	0.5549
1.0	0.1614	0.5549
1.0	0.1533	0.5549
4.0	0.1828	0.5549
1.0	0.1673	0.5549
2.0	0.1523	0.5549
2.0	0.1758	0.5549
1.0	0.156	0.5549
5.0	0.1789	0.5549
2.0	0.1706	0.5549
4.0	0.1644	0.5545
1.0	0.1387	0.5545
2.0	0.1453	0.5545
1.0	0.1597	0.5545
2.0	0.1657	0.5545
3.0	0.1724	0.5545
1.0	0.1462	0.5545
2.0	0.1631	0.5545
1.0	0.1682	0.5545
1.0	0.1455	0.5545
6.0	0.1813	0.5545
1.0	0.1634	0.5545
1.0	0.1694	0.5545
1.0	0.1804	0.5545
2.0	0.1692	0.5545
1.0	0.1747	0.5545
2.0	0.1729	0.5545
3.0	0.1639	0.5529
1.0	0.172	0.5529
1.0	0.1406	0.5529
3.0	0.1648	0.5529
1.0	0.1753	0.5529
1.0	0.1492	0.5529
1.0	0.1794	0.5529
1.0	0.1735	0.5529
1.0	0.1859	0.5529
1.0	0.1462	0.5493
2.0	0.1516	0.5493
2.0	0.1756	0.5493
1.0	0.1791	0.5493
2.0	0.1885	0.5493
1.0	0.1447	0.5493
2.0	0.1514	0.5493
1.0	0.1601	0.5493
1.0	0.1488	0.5493
1.0	0.1565	0.5493
2.0	0.1639	0.5493
1.0	0.1682	0.5493
5.0	0.1695	0.5493
1.0	0.1513	0.5493
2.0	0.1666	0.5493
1.0	0.1702	0.5493
2.0	0.1483	0.5493
2.0	0.1546	0.5493
1.0	0.1672	0.5493
1.0	0.1731	0.5493
1.0	0.1933	0.5493
1.0	0.1645	0.5493
2.0	0.1713	0.5493
2.0	0.1671	0.5493
3.0	0.1718	0.5493
1.0	0.1774	0.5493
1.0	0.1945	0.5493
1.0	0.1504	0.4346
1.0	0.159	0.4346
1.0	0.1728	0.4346
1.0	0.1605	0.4346
2.0	0.1765	0.4346
2.0	0.1481	0.4346
3.0	0.1607	0.4346
3.0	0.166	0.4346
1.0	0.164	0.4346
2.0	0.1808	0.4346
1.0	0.16	0.4346
1.0	0.1693	0.4346
2.0	0.1763	0.4346
1.0	0.1788	0.4346
1.0	0.162	0.4346
1.0	0.1696	0.4346
1.0	0.1919	0.4346
1.0	0.1555	0.4281
2.0	0.1679	0.4281
1.0	0.1936	0.4281
3.0	0.1566	0.4281
1.0	0.1494	0.4281
2.0	0.1903	0.4281
1.0	0.1403	0.4281
3.0	0.1583	0.4281
1.0	0.1487	0.4281
2.0	0.1551	0.4281
2.0	0.1568	0.4281
2.0	0.1685	0.4281
1.0	0.167	0.4281
1.0	0.1516	0.4281
1.0	0.17	0.4281
2.0	0.156	0.4281
2.0	0.1625	0.4281
2.0	0.1761	0.4281
1.0	0.1694	0.4281
3.0	0.185	0.4281
1.0	0.1838	0.4281
2.0	0.1508	0.4258
2.0	0.1573	0.4258
2.0	0.1598	0.4258
1.0	0.1639	0.4258
2.0	0.1934	0.4258
1.0	0.1501	0.4258
4.0	0.1713	0.4258
7.0	0.1723	0.4258
4.0	0.1598	0.4258
2.0	0.1693	0.4258
6.0	0.181	0.4258
1.0	0.163	0.4258
1.0	0.1691	0.4258
1.0	0.1949	0.4258
1.0	0.1437	0.4258
2.0	0.1495	0.4258
1.0	0.1484	0.4258
1.0	0.1739	0.4258
2.0	0.1824	0.4258
1.0	0.1938	0.4258
2.0	0.1559	0.4258
4.0	0.1827	0.4258
1.0	0.1673	0.4258
1.0	0.1505	0.4258
4.0	0.1784	0.4258
1.0	0.1615	0.4258
1.0	0.1719	0.4258
2.0	0.1804	0.4258
3.0	0.17	0.4258
3.0	0.1586	0.4192
1.0	0.1525	0.4192
1.0	0.1635	0.4192
3.0	0.1777	0.4192
1.0	0.1702	0.4192
2.0	0.1862	0.4192
2.0	0.1552	0.4192
4.0	0.1683	0.4192
2.0	0.1592	0.4192
5.0	0.1758	0.4192
1.0	0.1607	0.4192
2.0	0.1673	0.4192
1.0	0.1666	0.4192
2.0	0.1738	0.4192
1.0	0.1577	0.4192
1.0	0.1805	0.4192
2.0	0.1875	0.4192
3.0	0.1969	0.4192
1.0	0.1542	0.4192
1.0	0.1838	0.4192
2.0	0.1518	0.4192
4.0	0.1661	0.4192
1.0	0.1495	0.4192
2.0	0.1551	0.4192
1.0	0.1615	0.4192
2.0	0.1829	0.4192
1.0	0.1571	0.4192
3.0	0.1769	0.4192
2.0	0.1887	0.4192
2.0	0.167	0.4192
3.0	0.1749	0.4192
1.0	0.1758	0.4192
4.0	0.1809	0.4192
1.0	0.1542	0.4191
2.0	0.1587	0.4191
2.0	0.1531	0.4191
5.0	0.173	0.4191
3.0	0.1656	0.4191
3.0	0.1886	0.4191
1.0	0.1865	0.4191
1.0	0.1532	0.4191
1.0	0.1592	0.4191
1.0	0.1715	0.4191
1.0	0.1367	0.4191
4.0	0.1654	0.4191
1.0	0.1734	0.4191
1.0	0.1931	0.4191
2.0	0.1512	0.4191
3.0	0.1586	0.4191
3.0	0.1615	0.4191
2.0	0.1642	0.4191
1.0	0.1683	0.4191
2.0	0.1755	0.4191
2.0	0.1585	0.4191
3.0	0.1651	0.4191
1.0	0.1514	0.4191
2.0	0.1713	0.4191
1.0	0.199	0.4191
2.0	0.1543	0.4191
1.0	0.1597	0.4191
4.0	0.1674	0.4191
2.0	0.1575	0.4191
2.0	0.1973	0.4191
2.0	0.1583	0.4191
1.0	0.157	0.4191
3.0	0.1713	0.4191
4.0	0.1778	0.4191
1.0	0.1899	0.4191
2.0	0.2025	0.4191
1.0	0.1622	0.4191
1.0	0.1764	0.4191
3.0	0.1748	0.4191
1.0	0.1726	0.4191
2.0	0.1805	0.4191
2.0	0.1568	0.4169
2.0	0.1729	0.4169
3.0	0.1818	0.4169
2.0	0.1708	0.4169
2.0	0.1436	0.4169
5.0	0.1625	0.4169
1.0	0.1475	0.4169
2.0	0.154	0.4169
2.0	0.1603	0.4169
3.0	0.1685	0.4169
2.0	0.1638	0.4169
4.0	0.1818	0.4169
3.0	0.1735	0.4169
1.0	0.1749	0.4169
3.0	0.196	0.4169
1.0	0.1991	0.4169
1.0	0.137	0.4169
3.0	0.1472	0.4169
4.0	0.1684	0.4169
4.0	0.16	0.4169
4.0	0.1755	0.4169
1.0	0.1692	0.4169
2.0	0.1762	0.4169
1.0	0.1874	0.4169
2.0	0.1484	0.4169
4.0	0.1619	0.4169
1.0	0.1414	0.4169
4.0	0.1803	0.4169
2.0	0.169	0.4169
2.0	0.1472	0.4169
2.0	0.1537	0.4169
2.0	0.1663	0.4169
2.0	0.167	0.4169
1.0	0.1756	0.4169
1.0	0.1933	0.4169
5.0	0.1627	0.4169
1.0	0.1533	0.4169
3.0	0.1669	0.4169
1.0	0.1578	0.4169
1.0	0.1858	0.4169
2.0	0.1622	0.4169
3.0	0.168	0.4169
1.0	0.1677	0.4169
1.0	0.1514	0.4169
2.0	0.1594	0.4169
1.0	0.1694	0.4169
3.0	0.1853	0.4169
1.0	0.1502	0.4169
1.0	0.1518	0.4169
1.0	0.1612	0.4169
2.0	0.1695	0.4169
1.0	0.1822	0.4169
2.0	0.192	0.4169
2.0	0.1822	0.4169
2.0	0.1632	0.4161
2.0	0.1634	0.4161
2.0	0.1503	0.4161
3.0	0.1635	0.4161
1.0	0.1572	0.4161
2.0	0.1673	0.4161
2.0	0.1581	0.4161
2.0	0.1723	0.4161
2.0	0.1879	0.4161
1.0	0.1836	0.4161
3.0	0.1622	0.4161
2.0	0.1633	0.4161
3.0	0.1826	0.4161
4.0	0.1961	0.4161
1.0	0.1461	0.4161
3.0	0.1576	0.4161
3.0	0.1662	0.4161
1.0	0.1518	0.4161
4.0	0.1759	0.4161
1.0	0.1543	0.4161
1.0	0.1634	0.4161
2.0	0.1804	0.4161
1.0	0.18	0.4161
1.0	0.1642	0.4161
1.0	0.1962	0.4161
3.0	0.1924	0.4161
2.0	0.1619	0.4159
2.0	0.1515	0.4159
3.0	0.1578	0.4159
5.0	0.1751	0.4159
6.0	0.1829	0.4159
1.0	0.1562	0.4159
1.0	0.1624	0.4159
2.0	0.1737	0.4159
1.0	0.1882	0.4159
2.0	0.2054	0.4159
4.0	0.158	0.4159
6.0	0.1663	0.4159
2.0	0.1594	0.4159
1.0	0.1789	0.4159
5.0	0.1611	0.4159
1.0	0.1558	0.4159
2.0	0.1747	0.4159
2.0	0.1516	0.4159
2.0	0.1528	0.4159
3.0	0.1836	0.4159
3.0	0.1661	0.4159
2.0	0.1712	0.4159
2.0	0.177	0.4159
2.0	0.1531	0.4159
5.0	0.1802	0.4159
1.0	0.1721	0.4159
1.0	0.1911	0.4159
2.0	0.2076	0.4159
1.0	0.1538	0.4159
3.0	0.1739	0.4159
2.0	0.1729	0.4159
1.0	0.1941	0.4159
3.0	0.1735	0.4147
2.0	0.1574	0.4147
3.0	0.163	0.4147
1.0	0.161	0.4147
2.0	0.1664	0.4147
1.0	0.1421	0.4147
2.0	0.1555	0.4147
3.0	0.1629	0.4147
4.0	0.1711	0.4147
3.0	0.1802	0.4147
2.0	0.1678	0.4147
2.0	0.1835	0.4147
1.0	0.1966	0.4147
3.0	0.1547	0.4147
1.0	0.1605	0.4147
2.0	0.1675	0.4147
1.0	0.1655	0.4147
2.0	0.1486	0.4147
3.0	0.1531	0.4147
1.0	0.159	0.4147
1.0	0.1675	0.4147
1.0	0.1733	0.4147
1.0	0.1883	0.4147
1.0	0.1466	0.4147
2.0	0.17	0.4147
3.0	0.1766	0.4147
1.0	0.1713	0.4147
2.0	0.1666	0.4147
2.0	0.1838	0.4147
3.0	0.1982	0.4147
2.0	0.1967	0.4147
3.0	0.1584	0.412
2.0	0.1605	0.412
3.0	0.1667	0.412
4.0	0.1736	0.412
3.0	0.1758	0.412
3.0	0.1509	0.412
4.0	0.1575	0.412
1.0	0.1502	0.412
3.0	0.1616	0.412
2.0	0.1668	0.412
1.0	0.1741	0.412
1.0	0.203	0.412
7.0	0.1747	0.412
3.0	0.1591	0.412
3.0	0.1761	0.412
2.0	0.1844	0.412
3.0	0.1639	0.412
4.0	0.1709	0.412
1.0	0.1595	0.412
1.0	0.1605	0.412
4.0	0.1618	0.412
4.0	0.1701	0.412
2.0	0.1506	0.412
1.0	0.1542	0.412
5.0	0.175	0.412
1.0	0.1412	0.412
5.0	0.1578	0.412
1.0	0.1681	0.412
3.0	0.1617	0.412
2.0	0.1594	0.412
3.0	0.166	0.412
1.0	0.1566	0.412
1.0	0.1735	0.412
1.0	0.155	0.412
3.0	0.1709	0.412
1.0	0.1585	0.412
3.0	0.1825	0.412
1.0	0.1831	0.412
2.0	0.1931	0.412
2.0	0.1661	0.2898
1.0	0.1482	0.2898
3.0	0.1632	0.2898
3.0	0.1617	0.2898
2.0	0.1841	0.2898
3.0	0.1965	0.2898
1.0	0.1462	0.2898
2.0	0.1825	0.2898
3.0	0.1958	0.2898
1.0	0.189	0.2898
2.0	0.1473	0.2898
4.0	0.1732	0.2898
1.0	0.1819	0.2898
2.0	0.1926	0.2898
3.0	0.1536	0.2898
4.0	0.1591	0.2898
3.0	0.155	0.2898
3.0	0.1732	0.2898
2.0	0.1695	0.2898
3.0	0.1549	0.2898
1.0	0.1486	0.2898
3.0	0.16	0.2898
1.0	0.1552	0.2898
2.0	0.1662	0.2898
1.0	0.1631	0.2898
3.0	0.1848	0.2898
1.0	0.2085	0.2898
1.0	0.1552	0.2898
1.0	0.1894	0.2898
1.0	0.1705	0.2898
2.0	0.2076	0.2898
1.0	0.1581	0.2854
2.0	0.1655	0.2854
1.0	0.1462	0.2854
1.0	0.1501	0.2854
2.0	0.1612	0.2854
1.0	0.1733	0.2854
2.0	0.1822	0.2854
1.0	0.1469	0.2854
1.0	0.1551	0.2854
3.0	0.2065	0.2854
1.0	0.1453	0.2854
1.0	0.1584	0.2854
2.0	0.1728	0.2854
1.0	0.1431	0.2854
3.0	0.1534	0.2854
4.0	0.1641	0.2854
2.0	0.1575	0.2854
1.0	0.1635	0.2854
3.0	0.1812	0.2854
2.0	0.1909	0.2854
1.0	0.1495	0.2854
4.0	0.1709	0.2854
1.0	0.1509	0.2854
1.0	0.1606	0.2854
3.0	0.1722	0.2854
1.0	0.1799	0.2854
4.0	0.1834	0.2854
1.0	0.1844	0.2854
2.0	0.1952	0.2854
3.0	0.1851	0.2854
2.0	0.1968	0.2854
1.0	0.1559	0.2838
3.0	0.1498	0.2838
5.0	0.1615	0.2838
1.0	0.1462	0.2838
2.0	0.1529	0.2838
2.0	0.1568	0.2838
3.0	0.1637	0.2838
1.0	0.152	0.2838
4.0	0.1798	0.2838
2.0	0.1656	0.2838
2.0	0.1813	0.2838
3.0	0.1915	0.2838
3.0	0.1507	0.2838
1.0	0.1443	0.2838
3.0	0.1768	0.2838
3.0	0.1617	0.2838
2.0	0.1622	0.2838
2.0	0.1613	0.2838
3.0	0.168	0.2838
5.0	0.1847	0.2838
1.0	0.157	0.2838
3.0	0.1712	0.2838
3.0	0.1937	0.2838
3.0	0.178	0.2838
1.0	0.191	0.2838
2.0	0.2087	0.2838
1.0	0.1522	0.2838
2.0	0.1574	0.2838
3.0	0.1626	0.2838
5.0	0.1745	0.2838
2.0	0.169	0.2838
4.0	0.1884	0.2838
3.0	0.1915	0.2838
1.0	0.1778	0.2838
1.0	0.1598	0.2838
1.0	0.1669	0.2838
1.0	0.1539	0.2794
3.0	0.1657	0.2794
5.0	0.1821	0.2794
4.0	0.1707	0.2794
1.0	0.1597	0.2794
2.0	0.1442	0.2794
4.0	0.1575	0.2794
2.0	0.1445	0.2794
3.0	0.15	0.2794
4.0	0.1606	0.2794
1.0	0.1542	0.2794
3.0	0.1823	0.2794
2.0	0.1813	0.2794
1.0	0.1954	0.2794
2.0	0.1582	0.2794
3.0	0.1653	0.2794
5.0	0.1824	0.2794
3.0	0.1753	0.2794
2.0	0.1662	0.2794
3.0	0.1729	0.2794
4.0	0.1809	0.2794
1.0	0.1694	0.2794
3.0	0.1915	0.2794
3.0	0.1716	0.2794
1.0	0.1694	0.2794
3.0	0.1526	0.2794
4.0	0.1652	0.2794
2.0	0.1935	0.2794
3.0	0.1617	0.2794
4.0	0.1666	0.2794
1.0	0.1517	0.2794
3.0	0.1714	0.2794
1.0	0.1476	0.2794
3.0	0.1604	0.2794
4.0	0.1716	0.2794
4.0	0.1861	0.2794
2.0	0.1823	0.2794
1.0	0.193	0.2794
1.0	0.1485	0.2794
2.0	0.1539	0.2794
3.0	0.1593	0.2794
2.0	0.16	0.2794
4.0	0.1804	0.2794
3.0	0.1652	0.2794
2.0	0.1722	0.2794
2.0	0.1847	0.2794
1.0	0.1627	0.2794
2.0	0.1799	0.2794
3.0	0.19	0.2794
1.0	0.1846	0.2794
2.0	0.146	0.2794
2.0	0.1665	0.2794
2.0	0.1795	0.2794
5.0	0.1703	0.2794
4.0	0.1647	0.2794
2.0	0.1562	0.2794
4.0	0.1671	0.2794
2.0	0.1654	0.2794
3.0	0.1722	0.2794
1.0	0.1615	0.2794
2.0	0.1663	0.2794
2.0	0.18	0.2794
3.0	0.1909	0.2794
2.0	0.1905	0.2794
2.0	0.1425	0.2794
3.0	0.1481	0.2794
1.0	0.1407	0.2794
1.0	0.1443	0.2794
4.0	0.1661	0.2794
1.0	0.1459	0.2794
4.0	0.1608	0.2794
1.0	0.1544	0.2794
3.0	0.1677	0.2794
2.0	0.1623	0.2794
1.0	0.1608	0.2794
1.0	0.1658	0.2794
2.0	0.1717	0.2794
2.0	0.2089	0.2794
3.0	0.151	0.2794
3.0	0.1568	0.2794
5.0	0.1727	0.2794
1.0	0.1623	0.2794
3.0	0.1771	0.2794
3.0	0.1844	0.2794
1.0	0.1442	0.2794
1.0	0.1521	0.2794
1.0	0.158	0.2794
1.0	0.1652	0.2794
1.0	0.1753	0.2794
4.0	0.1677	0.2794
1.0	0.1559	0.2794
2.0	0.1629	0.2794
3.0	0.1705	0.2794
3.0	0.1739	0.2794
4.0	0.1828	0.2794
2.0	0.1684	0.2794
4.0	0.1812	0.2794
2.0	0.1744	0.2794
1.0	0.1896	0.2794
5.0	0.1741	0.2794
4.0	0.1786	0.2794
1.0	0.1701	0.2794
1.0	0.1839	0.2794
2.0	0.1626	0.2794
5.0	0.1857	0.2794
2.0	0.173	0.2794
1.0	0.1721	0.2794
2.0	0.1778	0.2794
3.0	0.1701	0.2794
1.0	0.1631	0.2794
3.0	0.1906	0.2794
2.0	0.1965	0.2794
5.0	0.1694	0.278
3.0	0.1589	0.278
2.0	0.156	0.278
3.0	0.163	0.278
4.0	0.1707	0.278
2.0	0.1682	0.278
3.0	0.1782	0.278
5.0	0.1837	0.278
1.0	0.1653	0.278
1.0	0.1666	0.278
2.0	0.1886	0.278
3.0	0.1499	0.278
1.0	0.1402	0.278
3.0	0.1601	0.278
6.0	0.1904	0.278
4.0	0.1673	0.278
2.0	0.1644	0.278
3.0	0.1697	0.278
3.0	0.1846	0.278
3.0	0.1551	0.278
2.0	0.1724	0.278
2.0	0.1887	0.278
3.0	0.2006	0.278
4.0	0.1594	0.278
1.0	0.1554	0.278
5.0	0.1929	0.278
1.0	0.1646	0.278
2.0	0.1781	0.278
1.0	0.2119	0.278
7.0	0.1741	0.278
1.0	0.1477	0.278
2.0	0.1531	0.278
3.0	0.1654	0.278
4.0	0.1715	0.278
1.0	0.1672	0.278
2.0	0.1735	0.278
2.0	0.1836	0.278
4.0	0.1755	0.278
2.0	0.1798	0.278
3.0	0.1689	0.278
2.0	0.1593	0.278
5.0	0.1806	0.278
1.0	0.1822	0.278
4.0	0.1747	0.278
2.0	0.1766	0.278
5.0	0.1724	0.278
1.0	0.1645	0.278
2.0	0.1701	0.278
1.0	0.1745	0.278
3.0	0.1922	0.278
3.0	0.1701	0.2774
2.0	0.1523	0.2774
3.0	0.1759	0.2774
2.0	0.1858	0.2774
1.0	0.1371	0.2774
2.0	0.144	0.2774
3.0	0.1505	0.2774
2.0	0.1476	0.2774
3.0	0.1538	0.2774
5.0	0.1635	0.2774
3.0	0.1558	0.2774
1.0	0.1536	0.2774
5.0	0.1855	0.2774
1.0	0.1678	0.2774
2.0	0.1754	0.2774
1.0	0.1733	0.2774
2.0	0.1807	0.2774
2.0	0.2051	0.2774
2.0	0.1665	0.2774
3.0	0.1808	0.2774
3.0	0.2063	0.2774
1.0	0.1489	0.2774
1.0	0.153	0.2774
1.0	0.1587	0.2774
2.0	0.1743	0.2774
1.0	0.174	0.2774
1.0	0.2064	0.2774
4.0	0.1649	0.2774
2.0	0.1629	0.2774
3.0	0.1692	0.2774
1.0	0.1625	0.2774
3.0	0.1758	0.2774
2.0	0.1897	0.2774
3.0	0.1682	0.2774
3.0	0.179	0.2774
4.0	0.1897	0.2774
3.0	0.1923	0.2774
2.0	0.1606	0.2774
3.0	0.1655	0.2774
2.0	0.1709	0.2774
4.0	0.1883	0.2774
3.0	0.1909	0.2774
1.0	0.177	0.2774
2.0	0.1513	0.2773
4.0	0.1744	0.2773
1.0	0.1681	0.2773
4.0	0.1716	0.2773
1.0	0.1637	0.2773
4.0	0.1772	0.2773
2.0	0.1877	0.2773
1.0	0.1384	0.2773
4.0	0.1555	0.2773
2.0	0.1532	0.2773
3.0	0.1603	0.2773
2.0	0.1525	0.2773
4.0	0.1636	0.2773
3.0	0.1712	0.2773
4.0	0.1821	0.2773
2.0	0.1649	0.2773
1.0	0.1783	0.2773
1.0	0.1424	0.2773
2.0	0.1488	0.2773
3.0	0.1551	0.2773
3.0	0.1577	0.2773
1.0	0.151	0.2773
4.0	0.1661	0.2773
1.0	0.1687	0.2773
2.0	0.1755	0.2773
2.0	0.1871	0.2773
4.0	0.1596	0.2773
2.0	0.1546	0.2773
3.0	0.1609	0.2773
1.0	0.1544	0.2773
1.0	0.1529	0.2773
2.0	0.1589	0.2773
1.0	0.1521	0.2773
2.0	0.1579	0.2773
1.0	0.1604	0.2773
4.0	0.1823	0.2773
2.0	0.1832	0.2773
3.0	0.1947	0.2773
3.0	0.1811	0.2773
1.0	0.1758	0.2773
2.0	0.1826	0.2773
2.0	0.1583	0.2765
3.0	0.1723	0.2765
2.0	0.1799	0.2765
1.0	0.1952	0.2765
1.0	0.1387	0.2765
3.0	0.1524	0.2765
2.0	0.1468	0.2765
4.0	0.1587	0.2765
1.0	0.1482	0.2765
2.0	0.1586	0.2765
2.0	0.1625	0.2765
3.0	0.1689	0.2765
3.0	0.1944	0.2765
2.0	0.1496	0.2765
1.0	0.1475	0.2765
2.0	0.1521	0.2765
1.0	0.154	0.2765
3.0	0.1753	0.2765
2.0	0.1861	0.2765
3.0	0.1975	0.2765
7.0	0.1753	0.2765
1.0	0.144	0.2765
1.0	0.1535	0.2765
2.0	0.1646	0.2765
3.0	0.1671	0.2765
1.0	0.1642	0.2765
3.0	0.184	0.2765
1.0	0.1904	0.2765
2.0	0.2031	0.2765
2.0	0.1747	0.2765
2.0	0.19	0.2765
1.0	0.1469	0.2747
3.0	0.1563	0.2747
5.0	0.1817	0.2747
2.0	0.1675	0.2747
4.0	0.1861	0.2747
1.0	0.16	0.2747
4.0	0.1654	0.2747
6.0	0.1828	0.2747
4.0	0.1677	0.2747
2.0	0.1567	0.2747
3.0	0.1612	0.2747
3.0	0.1906	0.2747
1.0	0.1609	0.2747
3.0	0.1945	0.2747
2.0	0.1575	0.2747
3.0	0.1746	0.2747
4.0	0.1753	0.2747
1.0	0.1783	0.2747
3.0	0.1954	0.2747
3.0	0.155	0.2747
1.0	0.1503	0.2747
5.0	0.1737	0.2747
3.0	0.167	0.2747
1.0	0.1552	0.2747
1.0	0.1623	0.2747
2.0	0.1744	0.2747
2.0	0.2112	0.2747
1.0	0.1533	0.2747
2.0	0.1749	0.2747
3.0	0.183	0.2747
1.0	0.1805	0.2747
2.0	0.1899	0.2747
2.0	0.1598	0.2747
1.0	0.1722	0.2747
3.0	0.1705	0.2747
3.0	0.1792	0.2747
2.0	0.1751	0.2747
1.0	0.1575	0.2747
2.0	0.1622	0.2747
1.0	0.1584	0.1449
5.0	0.1814	0.1449
5.0	0.1745	0.1449
2.0	0.1575	0.1449
3.0	0.1616	0.1449
2.0	0.1463	0.1449
3.0	0.1523	0.1449
1.0	0.1484	0.1449
3.0	0.1593	0.1449
2.0	0.2021	0.1449
1.0	0.1401	0.1449
2.0	0.1591	0.1449
3.0	0.1658	0.1449
5.0	0.182	0.1449
6.0	0.1937	0.1449
2.0	0.166	0.1449
3.0	0.1719	0.1449
1.0	0.1691	0.1449
3.0	0.1855	0.1449
4.0	0.1979	0.1449
3.0	0.2097	0.1449
1.0	0.1425	0.1449
4.0	0.1586	0.1449
1.0	0.1537	0.1449
2.0	0.1654	0.1449
3.0	0.1755	0.1449
1.0	0.1729	0.1449
3.0	0.1909	0.1449
2.0	0.1929	0.1449
3.0	0.2069	0.1449
2.0	0.1501	0.1449
2.0	0.1543	0.1449
1.0	0.1499	0.1449
3.0	0.1696	0.1449
4.0	0.1782	0.1449
2.0	0.1613	0.1449
3.0	0.1671	0.1449
4.0	0.1735	0.1449
3.0	0.1755	0.1449
2.0	0.1884	0.1449
4.0	0.1708	0.1449
2.0	0.1678	0.1449
2.0	0.1747	0.1449
3.0	0.1737	0.1427
4.0	0.1648	0.1427
3.0	0.1673	0.1427
4.0	0.174	0.1427
1.0	0.1619	0.1427
3.0	0.1746	0.1427
4.0	0.1825	0.1427
3.0	0.194	0.1427
2.0	0.2097	0.1427
5.0	0.1745	0.1427
3.0	0.1683	0.1427
3.0	0.1798	0.1427
4.0	0.1923	0.1427
2.0	0.1694	0.1427
3.0	0.1748	0.1427
2.0	0.1459	0.1427
3.0	0.1513	0.1427
2.0	0.1518	0.1427
3.0	0.1617	0.1427
4.0	0.1687	0.1427
3.0	0.1625	0.1427
6.0	0.1832	0.1427
3.0	0.1747	0.1427
4.0	0.1851	0.1427
3.0	0.1794	0.1427
4.0	0.1876	0.1427
2.0	0.1969	0.1427
2.0	0.1484	0.1427
3.0	0.1635	0.1427
4.0	0.17	0.1427
2.0	0.1603	0.1427
2.0	0.1785	0.1427
3.0	0.1892	0.1427
4.0	0.2056	0.1427
5.0	0.1797	0.1427
6.0	0.1913	0.1427
1.0	0.1564	0.1427
3.0	0.1689	0.1427
4.0	0.1763	0.1427
2.0	0.1662	0.1427
3.0	0.2008	0.1427
4.0	0.1809	0.1427
5.0	0.193	0.1427
1.0	0.1615	0.1427
2.0	0.1678	0.1427
3.0	0.1749	0.1427
2.0	0.1764	0.1427
4.0	0.1745	0.1419
1.0	0.1447	0.1419
4.0	0.1733	0.1419
3.0	0.1669	0.1419
4.0	0.1748	0.1419
1.0	0.1552	0.1419
3.0	0.1816	0.1419
4.0	0.1945	0.1419
1.0	0.1655	0.1419
2.0	0.1698	0.1419
5.0	0.1866	0.1419
3.0	0.1596	0.1419
4.0	0.1667	0.1419
2.0	0.1647	0.1419
5.0	0.1901	0.1419
1.0	0.1613	0.1419
2.0	0.2016	0.1419
3.0	0.1547	0.1419
4.0	0.1861	0.1419
2.0	0.1841	0.1419
2.0	0.2186	0.1419
4.0	0.1555	0.1419
1.0	0.1506	0.1419
2.0	0.156	0.1419
3.0	0.1615	0.1419
1.0	0.1548	0.1419
2.0	0.1596	0.1419
5.0	0.1759	0.1419
2.0	0.1694	0.1419
3.0	0.1794	0.1419
2.0	0.2143	0.1419
3.0	0.1551	0.1419
5.0	0.1667	0.1419
2.0	0.155	0.1419
4.0	0.1819	0.1419
2.0	0.214	0.1419
3.0	0.1744	0.1419
2.0	0.1723	0.1419
4.0	0.1849	0.1419
6.0	0.1818	0.1419
3.0	0.1703	0.1419
2.0	0.1657	0.1419
2.0	0.1842	0.1419
2.0	0.1647	0.1419
2.0	0.1722	0.1419
2.0	0.1947	0.1419
3.0	0.1523	0.1397
6.0	0.1677	0.1397
2.0	0.1569	0.1397
5.0	0.1808	0.1397
2.0	0.1589	0.1397
4.0	0.1732	0.1397
5.0	0.1774	0.1397
2.0	0.1666	0.1397
2.0	0.1701	0.1397
4.0	0.1871	0.1397
2.0	0.178	0.1397
4.0	0.1554	0.1397
1.0	0.1406	0.1397
3.0	0.1596	0.1397
4.0	0.1665	0.1397
3.0	0.1615	0.1397
3.0	0.1643	0.1397
4.0	0.1697	0.1397
3.0	0.1746	0.1397
2.0	0.2128	0.1397
4.0	0.1731	0.1397
4.0	0.187	0.1397
3.0	0.1895	0.1397
4.0	0.207	0.1397
2.0	0.1517	0.1397
3.0	0.1579	0.1397
1.0	0.1465	0.1397
2.0	0.1636	0.1397
2.0	0.177	0.1397
5.0	0.1722	0.1397
1.0	0.1499	0.1397
2.0	0.1553	0.1397
5.0	0.1727	0.1397
4.0	0.1701	0.1397
1.0	0.1587	0.1397
1.0	0.1676	0.1397
2.0	0.1731	0.1397
4.0	0.1872	0.1397
3.0	0.2088	0.1397
3.0	0.1588	0.1397
4.0	0.1692	0.1397
6.0	0.1807	0.1397
2.0	0.1662	0.1397
3.0	0.1957	0.1397
2.0	0.1961	0.1397
1.0	0.1518	0.1397
2.0	0.158	0.1397
3.0	0.1709	0.1397
5.0	0.1899	0.1397
1.0	0.1628	0.1397
3.0	0.1945	0.1397
2.0	0.2121	0.1397
1.0	0.1538	0.1397
3.0	0.1665	0.1397
4.0	0.1738	0.1397
1.0	0.1629	0.1397
3.0	0.206	0.1397
2.0	0.2181	0.1397
2.0	0.1591	0.1397
5.0	0.198	0.1397
3.0	0.1802	0.1397
3.0	0.174	0.1397
4.0	0.2052	0.1397
2.0	0.1949	0.1397
3.0	0.2119	0.1397
1.0	0.148	0.1397
1.0	0.1587	0.1397
2.0	0.1639	0.1397
3.0	0.1696	0.1397
5.0	0.1835	0.1397
1.0	0.1621	0.1397
1.0	0.1722	0.1397
2.0	0.1978	0.1397
4.0	0.1628	0.1397
2.0	0.1476	0.1397
6.0	0.1679	0.1397
2.0	0.1506	0.1397
2.0	0.1537	0.1397
3.0	0.1591	0.1397
6.0	0.1776	0.1397
1.0	0.151	0.1397
2.0	0.1577	0.1397
4.0	0.1802	0.1397
3.0	0.1715	0.1397
4.0	0.1774	0.1397
3.0	0.2049	0.1397
2.0	0.1472	0.1397
3.0	0.1535	0.1397
4.0	0.1599	0.1397
5.0	0.1667	0.1397
2.0	0.1514	0.1397
3.0	0.1585	0.1397
1.0	0.1463	0.1397
3.0	0.156	0.1397
2.0	0.1534	0.1397
3.0	0.1579	0.1397
2.0	0.1609	0.1397
4.0	0.1754	0.1397
5.0	0.1847	0.1397
3.0	0.1683	0.1397
4.0	0.175	0.1397
2.0	0.1666	0.1397
4.0	0.1805	0.1397
3.0	0.1784	0.1397
2.0	0.18	0.1397
2.0	0.145	0.1397
4.0	0.1626	0.1397
5.0	0.1687	0.1397
2.0	0.1534	0.1397
1.0	0.1513	0.1397
3.0	0.1716	0.1397
4.0	0.1801	0.1397
2.0	0.1692	0.1397
4.0	0.1869	0.1397
1.0	0.1753	0.1397
2.0	0.1814	0.1397
3.0	0.189	0.1397
3.0	0.1555	0.1397
3.0	0.1554	0.1397
2.0	0.1542	0.1397
4.0	0.1666	0.1397
4.0	0.1725	0.1397
6.0	0.1877	0.1397
3.0	0.1955	0.1397
3.0	0.1608	0.1397
1.0	0.1482	0.1397
2.0	0.1525	0.1397
1.0	0.1631	0.1397
1.0	0.1697	0.1397
3.0	0.1799	0.1397
2.0	0.2019	0.1397
1.0	0.1469	0.1397
3.0	0.1597	0.1397
2.0	0.1553	0.1397
3.0	0.1612	0.1397
1.0	0.1522	0.1397
1.0	0.1576	0.1397
2.0	0.178	0.1397
3.0	0.1879	0.1397
1.0	0.1479	0.1397
2.0	0.1535	0.1397
1.0	0.1495	0.1397
3.0	0.1687	0.1397
2.0	0.1655	0.1397
3.0	0.1847	0.1397
2.0	0.1647	0.1397
1.0	0.1587	0.1397
2.0	0.1858	0.1397
3.0	0.199	0.1397
1.0	0.2027	0.1397
5.0	0.1731	0.139
1.0	0.1491	0.139
5.0	0.1797	0.139
1.0	0.1507	0.139
3.0	0.1632	0.139
3.0	0.1572	0.139
2.0	0.1466	0.139
4.0	0.1589	0.139
5.0	0.1653	0.139
1.0	0.1527	0.139
4.0	0.178	0.139
3.0	0.172	0.139
5.0	0.1949	0.139
2.0	0.1423	0.139
4.0	0.1519	0.139
1.0	0.1451	0.139
2.0	0.151	0.139
1.0	0.1533	0.139
1.0	0.1595	0.139
4.0	0.1959	0.139
2.0	0.2023	0.139
1.0	0.1416	0.139
3.0	0.1612	0.139
2.0	0.1633	0.139
1.0	0.1665	0.139
1.0	0.1803	0.139
5.0	0.1656	0.139
6.0	0.1724	0.139
7.0	0.1804	0.139
1.0	0.1481	0.139
3.0	0.1783	0.139
4.0	0.1904	0.139
3.0	0.1781	0.139
2.0	0.1469	0.139
3.0	0.1598	0.139
5.0	0.1731	0.139
3.0	0.173	0.139
3.0	0.1809	0.139
3.0	0.1944	0.139
2.0	0.2095	0.139
2.0	0.1493	0.139
4.0	0.1582	0.139
2.0	0.1599	0.139
3.0	0.1921	0.139
2.0	0.1986	0.139
4.0	0.179	0.139
3.0	0.1656	0.139
1.0	0.1566	0.139
2.0	0.1732	0.139
3.0	0.1797	0.139
4.0	0.1723	0.139
2.0	0.1639	0.139
3.0	0.1957	0.139
3.0	0.1608	0.139
1.0	0.1563	0.139
2.0	0.1679	0.139
4.0	0.1846	0.139
1.0	0.1639	0.139
3.0	0.1758	0.139
4.0	0.1833	0.139
2.0	0.1817	0.139
3.0	0.207	0.139
1.0	0.1581	0.139
2.0	0.1631	0.139
2.0	0.2141	0.139
5.0	0.1742	0.1387
1.0	0.1579	0.1387
2.0	0.1697	0.1387
6.0	0.1693	0.1387
1.0	0.1447	0.1387
1.0	0.1492	0.1387
2.0	0.1604	0.1387
1.0	0.1555	0.1387
3.0	0.1686	0.1387
3.0	0.1682	0.1387
4.0	0.1814	0.1387
5.0	0.1913	0.1387
1.0	0.1406	0.1387
1.0	0.1485	0.1387
3.0	0.1607	0.1387
4.0	0.1672	0.1387
4.0	0.156	0.1387
3.0	0.1631	0.1387
3.0	0.1739	0.1387
4.0	0.1919	0.1387
2.0	0.1931	0.1387
4.0	0.1623	0.1387
2.0	0.155	0.1387
2.0	0.1797	0.1387
3.0	0.1867	0.1387
6.0	0.1738	0.1387
1.0	0.1571	0.1387
2.0	0.1688	0.1387
3.0	0.1836	0.1387
3.0	0.2015	0.1387
5.0	0.1871	0.1387
4.0	0.1764	0.1387
2.0	0.1611	0.1387
3.0	0.1664	0.1387
2.0	0.189	0.1387
5.0	0.1769	0.1387
2.0	0.1809	0.1387
2.0	0.2179	0.1387
2.0	0.1837	0.1387
1.0	0.1561	0.1386
3.0	0.1681	0.1386
1.0	0.1452	0.1386
1.0	0.1515	0.1386
3.0	0.1625	0.1386
4.0	0.1684	0.1386
2.0	0.1618	0.1386
2.0	0.1688	0.1386
3.0	0.1652	0.1386
5.0	0.19	0.1386
2.0	0.1656	0.1386
3.0	0.1732	0.1386
5.0	0.1941	0.1386
3.0	0.1825	0.1386
2.0	0.1866	0.1386
4.0	0.1632	0.1386
1.0	0.1794	0.1386
1.0	0.1437	0.1386
4.0	0.1925	0.1386
3.0	0.1865	0.1386
2.0	0.1897	0.1386
1.0	0.1477	0.1386
3.0	0.1584	0.1386
3.0	0.1652	0.1386
1.0	0.163	0.1386
3.0	0.1898	0.1386
5.0	0.178	0.1386
3.0	0.163	0.1386
4.0	0.1679	0.1386
2.0	0.2135	0.1386
4.0	0.1917	0.1386
2.0	0.1654	0.1382
4.0	0.1833	0.1382
1.0	0.1537	0.1382
4.0	0.1792	0.1382
3.0	0.1899	0.1382
2.0	0.2165	0.1382
2.0	0.1457	0.1382
5.0	0.1663	0.1382
3.0	0.1527	0.1382
7.0	0.1796	0.1382
1.0	0.1479	0.1382
1.0	0.1527	0.1382
1.0	0.1635	0.1382
5.0	0.1844	0.1382
2.0	0.2166	0.1382
1.0	0.1399	0.1382
3.0	0.1496	0.1382
1.0	0.1443	0.1382
3.0	0.1659	0.1382
4.0	0.1727	0.1382
7.0	0.206	0.1382
2.0	0.1714	0.1382
4.0	0.1862	0.1382
1.0	0.1778	0.1382
6.0	0.169	0.1382
1.0	0.1533	0.1382
2.0	0.1581	0.1382
3.0	0.1627	0.1382
3.0	0.1872	0.1382
3.0	0.1925	0.1382
2.0	0.2022	0.1382
5.0	0.1721	0.1382
2.0	0.1621	0.1382
4.0	0.193	0.1382
5.0	0.2067	0.1382
1.0	0.1536	0.1382
1.0	0.1674	0.1382
3.0	0.1835	0.1382
4.0	0.1954	0.1382
3.0	0.2063	0.1382
4.0	0.1671	0.1373
4.0	0.1597	0.1373
2.0	0.1523	0.1373
4.0	0.1647	0.1373
2.0	0.1642	0.1373
1.0	0.1688	0.1373
1.0	0.2199	0.1373
1.0	0.1375	0.1373
1.0	0.1408	0.1373
3.0	0.1538	0.1373
3.0	0.1542	0.1373
2.0	0.1559	0.1373
3.0	0.1743	0.1373
1.0	0.162	0.1373
2.0	0.1813	0.1373
1.0	0.1426	0.1373
2.0	0.1488	0.1373
3.0	0.1722	0.1373
2.0	0.1681	0.1373
4.0	0.186	0.1373
2.0	0.1762	0.1373
6.0	0.1892	0.1373
1.0	0.1527	0.1373
4.0	0.1842	0.1373
2.0	0.165	0.1373
3.0	0.1878	0.1373
4.0	0.2021	0.1373
2.0	0.1856	0.1373
1.0	0.1415	0.1373
1.0	0.1474	0.1373
2.0	0.1557	0.1373
3.0	0.1613	0.1373
2.0	0.1604	0.1373
4.0	0.1695	0.1373
2.0	0.1692	0.1373
3.0	0.183	0.1373
4.0	0.1946	0.1373
4.0	0.1995	0.1373
6.0	0.1738	0.1373
3.0	0.159	0.1373
3.0	0.2038	0.1373
1.0	0.145	0.1373
2.0	0.1495	0.1373
4.0	0.1674	0.1373
4.0	0.1761	0.1373
2.0	0.178	0.1373
4.0	0.1943	0.1373
1.0	0.2165	0.1373
3.0	0.1564	0.1373
4.0	0.1617	0.1373
1.0	0.1488	0.1373
3.0	0.1594	0.1373
4.0	0.1649	0.1373
1.0	0.1531	0.1373
4.0	0.1788	0.1373
1.0	0.1586	0.1373
2.0	0.1642	0.1373
4.0	0.1769	0.1373
4.0	0.1893	0.1373
3.0	0.1982	0.1373
2.0	0.1969	0.1373
2.0	0.1597	0.1373
4.0	0.1695	0.1373
7.0	0.1838	0.1373
1.0	0.1689	0.1373
5.0	0.179	0.1373
1.0	0.1627	0.1373
3.0	0.2033	0.1373
2.0	0.2176	0.1373
1.0	0.1532	0.0
1.0	0.1425	0.0
7.0	0.1785	0.0
6.0	0.182	0.0
6.0	0.1687	0.0
3.0	0.1696	0.0
4.0	0.176	0.0
4.0	0.1936	0.0
3.0	0.1755	0.0
3.0	0.2013	0.0
1.0	0.1369	0.0
3.0	0.1527	0.0
5.0	0.1754	0.0
6.0	0.1851	0.0
4.0	0.1666	0.0
1.0	0.163	0.0
5.0	0.1877	0.0
2.0	0.2293	0.0
7.0	0.1661	0.0
5.0	0.1652	0.0
2.0	0.1578	0.0
2.0	0.1505	0.0
2.0	0.1543	0.0
3.0	0.16	0.0
4.0	0.1659	0.0
1.0	0.1519	0.0
2.0	0.1566	0.0
1.0	0.1582	0.0
3.0	0.1791	0.0
4.0	0.1875	0.0
2.0	0.1475	0.0
1.0	0.1434	0.0
3.0	0.1586	0.0
3.0	0.1709	0.0
2.0	0.1709	0.0
4.0	0.194	0.0
1.0	0.1408	0.0
1.0	0.142	0.0
4.0	0.1575	0.0
4.0	0.1661	0.0
1.0	0.1476	0.0
1.0	0.1493	0.0
3.0	0.1568	0.0
1.0	0.1545	0.0
3.0	0.1739	0.0
4.0	0.18	0.0
1.0	0.1447	0.0
4.0	0.1748	0.0
2.0	0.1632	0.0
3.0	0.169	0.0
4.0	0.2127	0.0
6.0	0.1924	0.0
1.0	0.1595	0.0
5.0	0.1785	0.0
4.0	0.1876	0.0
3.0	0.2096	0.0
2.0	0.158	0.0
3.0	0.1649	0.0
4.0	0.1707	0.0
1.0	0.1592	0.0
4.0	0.2095	0.0
2.0	0.1555	0.0
2.0	0.1563	0.0
2.0	0.1618	0.0
3.0	0.1676	0.0
4.0	0.1741	0.0
3.0	0.1754	0.0
3.0	0.1934	0.0
4.0	0.1742	0.0
6.0	0.1896	0.0
3.0	0.1764	0.0
4.0	0.184	0.0
4.0	0.175	0.0
5.0	0.1715	0.0
7.0	0.1905	0.0
1.0	0.1465	0.0
2.0	0.157	0.0
3.0	0.1678	0.0
4.0	0.185	0.0
3.0	0.1803	0.0
8.0	0.1911	0.0
1.0	0.1407	0.0
2.0	0.146	0.0
2.0	0.1487	0.0
4.0	0.1802	0.0
3.0	0.1722	0.0
5.0	0.1831	0.0
3.0	0.2002	0.0
2.0	0.1443	0.0
5.0	0.1765	0.0
1.0	0.1469	0.0
5.0	0.1697	0.0
4.0	0.1806	0.0
5.0	0.1931	0.0
1.0	0.1602	0.0
4.0	0.1926	0.0
5.0	0.2085	0.0
3.0	0.1981	0.0
4.0	0.1641	0.0
5.0	0.1709	0.0
1.0	0.1476	0.0
5.0	0.1688	0.0
6.0	0.1782	0.0
4.0	0.1637	0.0
4.0	0.1944	0.0
3.0	0.1977	0.0
2.0	0.1491	0.0
1.0	0.1528	0.0
2.0	0.1593	0.0
4.0	0.1736	0.0
2.0	0.1591	0.0
3.0	0.2033	0.0
6.0	0.1764	0.0
6.0	0.1906	0.0
4.0	0.2046	0.0
4.0	0.1705	0.0
6.0	0.1873	0.0
3.0	0.181	0.0
4.0	0.1915	0.0
4.0	0.2141	0.0
3.0	0.1912	0.0
3.0	0.154	0.0
4.0	0.1711	0.0
5.0	0.1734	0.0
4.0	0.1592	0.0
6.0	0.1743	0.0
5.0	0.1649	0.0
5.0	0.1807	0.0
2.0	0.1528	0.0
4.0	0.1627	0.0
5.0	0.1793	0.0
5.0	0.1651	0.0
4.0	0.1848	0.0
1.0	0.1422	0.0
2.0	0.1476	0.0
3.0	0.1529	0.0
4.0	0.158	0.0
5.0	0.1633	0.0
4.0	0.1575	0.0
5.0	0.162	0.0
1.0	0.1464	0.0
2.0	0.1507	0.0
2.0	0.1601	0.0
3.0	0.1673	0.0
5.0	0.1854	0.0
3.0	0.1706	0.0
4.0	0.1775	0.0
4.0	0.2034	0.0
4.0	0.2101	0.0
5.0	0.1675	0.0
2.0	0.1538	0.0
1.0	0.1528	0.0
2.0	0.1574	0.0
4.0	0.1725	0.0
5.0	0.1952	0.0
3.0	0.1642	0.0
4.0	0.17	0.0
3.0	0.2154	0.0
4.0	0.178	0.0
1.0	0.1474	0.0
3.0	0.157	0.0
2.0	0.1574	0.0
3.0	0.1694	0.0
4.0	0.1761	0.0
1.0	0.164	0.0
3.0	0.1988	0.0
4.0	0.1571	0.0
4.0	0.16	0.0
5.0	0.1665	0.0
6.0	0.1738	0.0
3.0	0.1529	0.0
4.0	0.1582	0.0
4.0	0.1745	0.0
5.0	0.182	0.0
4.0	0.1975	0.0
4.0	0.2038	0.0
1.0	0.1393	0.0
3.0	0.1511	0.0
2.0	0.1545	0.0
5.0	0.1744	0.0
5.0	0.1947	0.0
3.0	0.2077	0.0
1.0	0.1451	0.0
3.0	0.1612	0.0
4.0	0.1677	0.0
2.0	0.1595	0.0
4.0	0.1739	0.0
5.0	0.1829	0.0
3.0	0.1682	0.0
4.0	0.1936	0.0
3.0	0.1585	0.0
5.0	0.1719	0.0
1.0	0.1478	0.0
4.0	0.1626	0.0
1.0	0.1534	0.0
5.0	0.182	0.0
4.0	0.1938	0.0
3.0	0.202	0.0
3.0	0.1786	0.0
2.0	0.1473	0.0
1.0	0.1539	0.0
3.0	0.1647	0.0
3.0	0.1744	0.0
4.0	0.1837	0.0
3.0	0.1877	0.0
3.0	0.1968	0.0
3.0	0.1509	0.0
5.0	0.1644	0.0
3.0	0.1502	0.0
5.0	0.1743	0.0
1.0	0.149	0.0
5.0	0.1759	0.0
6.0	0.1831	0.0
7.0	0.1925	0.0
4.0	0.1834	0.0
4.0	0.1935	0.0
1.0	0.1741	0.0
1.0	0.137	0.0
7.0	0.174	0.0
2.0	0.1831	0.0
4.0	0.204	0.0
1.0	0.1397	0.0
4.0	0.1643	0.0
5.0	0.1712	0.0
6.0	0.1793	0.0
4.0	0.181	0.0
5.0	0.1936	0.0
1.0	0.1587	0.0
2.0	0.1635	0.0
4.0	0.1744	0.0
4.0	0.2123	0.0
2.0	0.1472	0.0
5.0	0.1634	0.0
7.0	0.1757	0.0
1.0	0.1466	0.0
3.0	0.1588	0.0
3.0	0.1608	0.0
4.0	0.1665	0.0
2.0	0.1592	0.0
3.0	0.1645	0.0
6.0	0.1841	0.0
5.0	0.1778	0.0
3.0	0.1794	0.0
5.0	0.1744	0.0
3.0	0.1606	0.0
3.0	0.1642	0.0
4.0	0.1772	0.0
3.0	0.214	0.0
5.0	0.1748	0.0
3.0	0.1645	0.0
5.0	0.199	0.0
1.0	0.1563	0.0
5.0	0.1763	0.0
2.0	0.1681	0.0
1.0	0.1533	0.0
4.0	0.1717	0.0
4.0	0.1846	0.0
3.0	0.1968	0.0
4.0	0.1836	0.0
2.0	0.1523	0.0
3.0	0.1584	0.0
2.0	0.1557	0.0
3.0	0.1615	0.0
4.0	0.1675	0.0
6.0	0.1837	0.0
3.0	0.1605	0.0
4.0	0.1663	0.0
5.0	0.1854	0.0
4.0	0.1811	0.0
5.0	0.1619	0.0
4.0	0.1652	0.0
5.0	0.1767	0.0
2.0	0.1661	0.0
4.0	0.1854	0.0
3.0	0.176	0.0
3.0	0.2225	0.0
2.0	0.1529	0.0
3.0	0.1584	0.0
5.0	0.1703	0.0
1.0	0.155	0.0
3.0	0.1659	0.0
5.0	0.1788	0.0
4.0	0.194	0.0
3.0	0.2062	0.0
3.0	0.1611	0.0
4.0	0.1666	0.0
4.0	0.1792	0.0
5.0	0.1878	0.0
3.0	0.1848	0.0
4.0	0.1968	0.0
2.0	0.1886	0.0
3.0	0.1718	0.0
3.0	0.2131	0.0
2.0	0.1556	0.0
4.0	0.1715	0.0
1.0	0.1535	0.0
1.0	0.1594	0.0
2.0	0.2218	0.0
1.0	0.14	0.0
4.0	0.1686	0.0
5.0	0.1777	0.0
2.0	0.1538	0.0
4.0	0.1649	0.0
5.0	0.171	0.0
2.0	0.1605	0.0
3.0	0.1668	0.0
4.0	0.2206	0.0
5.0	0.1606	0.0
4.0	0.1787	0.0
1.0	0.144	0.0
4.0	0.173	0.0
4.0	0.1785	0.0
4.0	0.2064	0.0
4.0	0.166	0.0
5.0	0.1726	0.0
4.0	0.1651	0.0
1.0	0.1558	0.0
3.0	0.1731	0.0
4.0	0.1812	0.0
4.0	0.1833	0.0
5.0	0.1936	0.0
4.0	0.1964	0.0
3.0	0.2023	0.0
4.0	0.1819	0.0
2.0	0.1755	0.0
3.0	0.1825	0.0
2.0	0.2033	0.0
3.0	0.1794	0.0
4.0	0.1851	0.0
1.0	0.1538	0.0
3.0	0.1625	0.0
6.0	0.1718	0.0
4.0	0.1616	0.0
4.0	0.1947	0.0
2.0	0.1444	0.0
3.0	0.1583	0.0
5.0	0.1733	0.0
4.0	0.1587	0.0
4.0	0.1832	0.0
3.0	0.1548	0.0
5.0	0.1674	0.0
1.0	0.1445	0.0
4.0	0.1819	0.0
5.0	0.1952	0.0
3.0	0.1862	0.0
4.0	0.2004	0.0
1.0	0.1375	0.0
6.0	0.1617	0.0
2.0	0.1525	0.0
3.0	0.1579	0.0
5.0	0.179	0.0
2.0	0.1577	0.0
4.0	0.1681	0.0
5.0	0.1741	0.0
2.0	0.1781	0.0
5.0	0.1692	0.0
4.0	0.1672	0.0
4.0	0.1743	0.0
2.0	0.1597	0.0
3.0	0.1772	0.0
4.0	0.1871	0.0
2.0	0.1797	0.0
2.0	0.1516	0.0
4.0	0.1621	0.0
2.0	0.1623	0.0
3.0	0.1666	0.0
5.0	0.1764	0.0
4.0	0.1937	0.0
2.0	0.1563	0.0
3.0	0.1646	0.0
4.0	0.1697	0.0
5.0	0.1754	0.0
6.0	0.1821	0.0
3.0	0.1707	0.0
5.0	0.1824	0.0
1.0	0.146	0.0
2.0	0.1513	0.0
2.0	0.1541	0.0
5.0	0.1894	0.0
3.0	0.1702	0.0
5.0	0.1851	0.0
5.0	0.2043	0.0
5.0	0.1939	0.0
1.0	0.155	0.0
5.0	0.1752	0.0
4.0	0.1921	0.0
5.0	0.2068	0.0
3.0	0.2089	0.0
3.0	0.1673	0.0
4.0	0.1727	0.0
6.0	0.1868	0.0
2.0	0.1617	0.0
3.0	0.1678	0.0
6.0	0.1931	0.0
5.0	0.1695	0.0
5.0	0.1787	0.0
6.0	0.1871	0.0
3.0	0.2112	0.0
2.0	0.1439	0.0
4.0	0.1556	0.0
5.0	0.1747	0.0
4.0	0.1681	0.0
4.0	0.2071	0.0
1.0	0.14	0.0
6.0	0.1709	0.0
1.0	0.1549	0.0
5.0	0.18	0.0
6.0	0.1893	0.0
3.0	0.1975	0.0
1.0	0.1458	0.0
4.0	0.1672	0.0
5.0	0.1736	0.0
3.0	0.1646	0.0
4.0	0.1699	0.0
6.0	0.183	0.0
3.0	0.1767	0.0
4.0	0.1857	0.0
2.0	0.1739	0.0
4.0	0.1689	0.0
5.0	0.1771	0.0
5.0	0.1968	0.0
4.0	0.1756	0.0
4.0	0.1718	0.0
5.0	0.1777	0.0
1.0	0.162	0.0
2.0	0.1664	0.0
4.0	0.1688	0.0
1.0	0.1531	0.0
5.0	0.194	0.0
4.0	0.1687	0.0
5.0	0.1759	0.0
4.0	0.1682	0.0
3.0	0.1702	0.0
4.0	0.1753	0.0
4.0	0.2091	0.0
3.0	0.1926	0.0
4.0	0.176	0.0
3.0	0.1781	0.0
4.0	0.1854	0.0
3.0	0.214	0.0
3.0	0.1634	0.0
4.0	0.1683	0.0
3.0	0.1581	0.0
4.0	0.1633	0.0
5.0	0.1688	0.0
1.0	0.1512	0.0
2.0	0.1563	0.0
2.0	0.1601	0.0
4.0	0.1759	0.0
3.0	0.1711	0.0
3.0	0.2181	0.0
1.0	0.1425	0.0
1.0	0.1454	0.0
1.0	0.1484	0.0
4.0	0.167	0.0
5.0	0.1904	0.0
4.0	0.2081	0.0
7.0	0.1832	0.0
2.0	0.1523	0.0
3.0	0.1587	0.0
7.0	0.1789	0.0
1.0	0.1567	0.0
5.0	0.1829	0.0
3.0	0.173	0.0
1.0	0.1392	0.0
4.0	0.1561	0.0
5.0	0.1616	0.0
1.0	0.1455	0.0
6.0	0.1755	0.0
1.0	0.1482	0.0
4.0	0.164	0.0
5.0	0.1698	0.0
4.0	0.1668	0.0
5.0	0.1912	0.0
4.0	0.1998	0.0
4.0	0.1622	0.0
2.0	0.1499	0.0
4.0	0.1609	0.0
3.0	0.1602	0.0
2.0	0.1548	0.0
2.0	0.1628	0.0
3.0	0.1783	0.0
4.0	0.1869	0.0
2.0	0.2253	0.0
3.0	0.1567	0.0
5.0	0.1906	0.0
2.0	0.1664	0.0
5.0	0.1948	0.0
5.0	0.1954	0.0
2.0	0.1533	0.0
4.0	0.1665	0.0
1.0	0.1494	0.0
7.0	0.1937	0.0
3.0	0.163	0.0
2.0	0.1639	0.0
3.0	0.1707	0.0
3.0	0.1697	0.0
4.0	0.1753	0.0
3.0	0.159	0.0
5.0	0.1711	0.0
6.0	0.1783	0.0
6.0	0.1752	0.0
1.0	0.1531	0.0
5.0	0.1836	0.0
4.0	0.1937	0.0
4.0	0.1835	0.0
3.0	0.1704	0.0
4.0	0.182	0.0
5.0	0.1914	0.0
4.0	0.206	0.0
3.0	0.2137	0.0
1.0	0.1428	-0.1373
2.0	0.1485	-0.1373
8.0	0.1883	-0.1373
4.0	0.161	-0.1373
6.0	0.1712	-0.1373
5.0	0.201	-0.1373
3.0	0.1687	-0.1373
5.0	0.1792	-0.1373
3.0	0.2019	-0.1373
5.0	0.1643	-0.1373
2.0	0.1474	-0.1373
5.0	0.1672	-0.1373
1.0	0.1449	-0.1373
2.0	0.1496	-0.1373
1.0	0.1523	-0.1373
5.0	0.1707	-0.1373
3.0	0.1701	-0.1373
4.0	0.2042	-0.1373
1.0	0.1372	-0.1373
4.0	0.1609	-0.1373
4.0	0.1589	-0.1373
6.0	0.169	-0.1373
2.0	0.154	-0.1373
5.0	0.17	-0.1373
6.0	0.1764	-0.1373
5.0	0.2002	-0.1373
4.0	0.2107	-0.1373
3.0	0.1477	-0.1373
4.0	0.1635	-0.1373
6.0	0.1763	-0.1373
7.0	0.1898	-0.1373
5.0	0.1816	-0.1373
4.0	0.2111	-0.1373
6.0	0.1777	-0.1373
3.0	0.162	-0.1373
5.0	0.1795	-0.1373
6.0	0.1918	-0.1373
3.0	0.1551	-0.1373
5.0	0.1641	-0.1373
7.0	0.1744	-0.1373
6.0	0.1813	-0.1373
5.0	0.183	-0.1373
6.0	0.1816	-0.1373
5.0	0.2142	-0.1373
3.0	0.188	-0.1373
2.0	0.1543	-0.1373
5.0	0.1691	-0.1373
3.0	0.1621	-0.1373
4.0	0.1667	-0.1373
6.0	0.1773	-0.1373
7.0	0.1841	-0.1373
1.0	0.1582	-0.1373
5.0	0.1738	-0.1373
1.0	0.1552	-0.1373
1.0	0.1614	-0.1373
3.0	0.185	-0.1373
5.0	0.2089	-0.1373
6.0	0.1777	-0.1373
6.0	0.1933	-0.1373
6.0	0.1963	-0.1373
3.0	0.2218	-0.1373
4.0	0.1807	-0.1373
6.0	0.1819	-0.1373
7.0	0.1904	-0.1373
3.0	0.1656	-0.1373
6.0	0.1916	-0.1373
5.0	0.1636	-0.1382
5.0	0.1793	-0.1382
6.0	0.1899	-0.1382
5.0	0.1876	-0.1382
4.0	0.205	-0.1382
2.0	0.1473	-0.1382
3.0	0.1523	-0.1382
5.0	0.1623	-0.1382
6.0	0.1936	-0.1382
5.0	0.168	-0.1382
4.0	0.1715	-0.1382
4.0	0.1763	-0.1382
5.0	0.1852	-0.1382
4.0	0.1926	-0.1382
6.0	0.1927	-0.1382
4.0	0.2125	-0.1382
4.0	0.1598	-0.1382
6.0	0.1708	-0.1382
6.0	0.1906	-0.1382
4.0	0.2177	-0.1382
3.0	0.1549	-0.1382
4.0	0.1676	-0.1382
2.0	0.1517	-0.1382
3.0	0.1568	-0.1382
3.0	0.1584	-0.1382
4.0	0.1631	-0.1382
5.0	0.1681	-0.1382
6.0	0.1736	-0.1382
3.0	0.162	-0.1382
4.0	0.1668	-0.1382
4.0	0.1845	-0.1382
3.0	0.2311	-0.1382
5.0	0.1765	-0.1382
4.0	0.1822	-0.1382
5.0	0.1934	-0.1382
5.0	0.1834	-0.1386
6.0	0.1944	-0.1386
4.0	0.1606	-0.1386
4.0	0.1886	-0.1386
3.0	0.1517	-0.1386
5.0	0.1646	-0.1386
5.0	0.1611	-0.1386
3.0	0.1533	-0.1386
4.0	0.1579	-0.1386
6.0	0.2049	-0.1386
2.0	0.1678	-0.1386
3.0	0.1499	-0.1386
6.0	0.167	-0.1386
1.0	0.1402	-0.1386
4.0	0.155	-0.1386
4.0	0.1679	-0.1386
6.0	0.1873	-0.1386
3.0	0.158	-0.1386
6.0	0.1766	-0.1386
3.0	0.1699	-0.1386
4.0	0.1754	-0.1386
4.0	0.2186	-0.1386
4.0	0.1615	-0.1386
6.0	0.1789	-0.1386
3.0	0.1579	-0.1386
6.0	0.1751	-0.1386
5.0	0.1717	-0.1386
1.0	0.153	-0.1386
2.0	0.1566	-0.1386
4.0	0.2161	-0.1386
3.0	0.1543	-0.1386
7.0	0.1775	-0.1386
4.0	0.1674	-0.1386
6.0	0.1837	-0.1386
5.0	0.1826	-0.1386
3.0	0.1639	-0.1386
4.0	0.2	-0.1386
5.0	0.1698	-0.1386
4.0	0.1721	-0.1386
1.0	0.154	-0.1386
3.0	0.1761	-0.1386
4.0	0.1846	-0.1386
5.0	0.196	-0.1386
3.0	0.164	-0.1386
2.0	0.1583	-0.1386
5.0	0.1934	-0.1386
4.0	0.204	-0.1386
5.0	0.1879	-0.1387
2.0	0.146	-0.1387
7.0	0.1644	-0.1387
6.0	0.1724	-0.1387
3.0	0.1626	-0.1387
6.0	0.1814	-0.1387
5.0	0.1841	-0.1387
4.0	0.1835	-0.1387
5.0	0.1638	-0.1387
6.0	0.1712	-0.1387
7.0	0.1798	-0.1387
1.0	0.1369	-0.1387
4.0	0.1613	-0.1387
5.0	0.1671	-0.1387
6.0	0.1736	-0.1387
4.0	0.1714	-0.1387
5.0	0.1808	-0.1387
3.0	0.1676	-0.1387
4.0	0.1757	-0.1387
5.0	0.1858	-0.1387
6.0	0.2064	-0.1387
3.0	0.19	-0.1387
2.0	0.1453	-0.1387
7.0	0.1761	-0.1387
2.0	0.1457	-0.1387
1.0	0.1443	-0.1387
3.0	0.155	-0.1387
5.0	0.1658	-0.1387
6.0	0.1718	-0.1387
4.0	0.1683	-0.1387
2.0	0.1508	-0.1387
3.0	0.1565	-0.1387
5.0	0.1751	-0.1387
3.0	0.1663	-0.1387
1.0	0.1536	-0.1387
5.0	0.1717	-0.1387
4.0	0.1736	-0.1387
2.0	0.1527	-0.1387
2.0	0.1597	-0.1387
4.0	0.1734	-0.1387
4.0	0.1763	-0.1387
5.0	0.1849	-0.1387
6.0	0.2037	-0.1387
2.0	0.1611	-0.1387
4.0	0.1722	-0.1387
6.0	0.1872	-0.1387
5.0	0.206	-0.1387
1.0	0.1559	-0.1387
4.0	0.1709	-0.1387
4.0	0.2062	-0.1387
4.0	0.2054	-0.1387
2.0	0.1482	-0.139
2.0	0.1525	-0.139
6.0	0.1914	-0.139
2.0	0.1535	-0.139
5.0	0.1646	-0.139
4.0	0.1913	-0.139
2.0	0.1639	-0.139
6.0	0.1939	-0.139
5.0	0.2136	-0.139
4.0	0.181	-0.139
5.0	0.1877	-0.139
6.0	0.1694	-0.139
3.0	0.1486	-0.139
4.0	0.1676	-0.139
5.0	0.1902	-0.139
2.0	0.1591	-0.139
6.0	0.1753	-0.139
2.0	0.168	-0.139
4.0	0.2176	-0.139
5.0	0.178	-0.139
2.0	0.1501	-0.139
3.0	0.1624	-0.139
3.0	0.1563	-0.139
4.0	0.1623	-0.139
7.0	0.1846	-0.139
5.0	0.1713	-0.139
4.0	0.1745	-0.139
5.0	0.1993	-0.139
2.0	0.1483	-0.139
3.0	0.153	-0.139
4.0	0.1641	-0.139
5.0	0.2097	-0.139
3.0	0.1528	-0.139
2.0	0.1473	-0.139
7.0	0.1681	-0.139
6.0	0.1814	-0.139
4.0	0.183	-0.139
5.0	0.1887	-0.139
4.0	0.1903	-0.139
5.0	0.2044	-0.139
3.0	0.1538	-0.139
5.0	0.1833	-0.139
3.0	0.2238	-0.139
5.0	0.1921	-0.139
7.0	0.2073	-0.139
4.0	0.1746	-0.139
5.0	0.1823	-0.139
3.0	0.1681	-0.139
7.0	0.1938	-0.139
5.0	0.1812	-0.139
5.0	0.1774	-0.139
3.0	0.169	-0.139
5.0	0.1813	-0.139
4.0	0.1974	-0.139
4.0	0.1663	-0.139
3.0	0.1608	-0.139
6.0	0.1762	-0.139
5.0	0.1818	-0.139
5.0	0.1971	-0.139
4.0	0.2127	-0.139
4.0	0.2077	-0.139
2.0	0.1582	-0.1397
5.0	0.1723	-0.1397
4.0	0.165	-0.1397
4.0	0.1717	-0.1397
6.0	0.194	-0.1397
2.0	0.1592	-0.1397
6.0	0.1856	-0.1397
4.0	0.2017	-0.1397
4.0	0.2149	-0.1397
1.0	0.1387	-0.1397
5.0	0.1608	-0.1397
6.0	0.1665	-0.1397
2.0	0.1455	-0.1397
2.0	0.1528	-0.1397
5.0	0.1645	-0.1397
3.0	0.1906	-0.1397
4.0	0.2045	-0.1397
1.0	0.1402	-0.1397
6.0	0.162	-0.1397
4.0	0.1586	-0.1397
5.0	0.1912	-0.1397
5.0	0.16	-0.1397
3.0	0.1687	-0.1397
5.0	0.1811	-0.1397
4.0	0.1997	-0.1397
4.0	0.1579	-0.1397
6.0	0.1692	-0.1397
6.0	0.1804	-0.1397
3.0	0.1674	-0.1397
4.0	0.1723	-0.1397
5.0	0.1979	-0.1397
5.0	0.1777	-0.1397
6.0	0.1886	-0.1397
5.0	0.1731	-0.1397
5.0	0.1703	-0.1397
1.0	0.1556	-0.1397
2.0	0.1599	-0.1397
4.0	0.2189	-0.1397
4.0	0.1672	-0.1397
5.0	0.1798	-0.1397
6.0	0.2061	-0.1397
4.0	0.2158	-0.1397
6.0	0.1937	-0.1397
3.0	0.1655	-0.1397
4.0	0.1904	-0.1397
5.0	0.206	-0.1397
4.0	0.2188	-0.1397
2.0	0.1612	-0.1397
2.0	0.168	-0.1397
5.0	0.1737	-0.1397
7.0	0.1876	-0.1397
1.0	0.1413	-0.1397
4.0	0.1547	-0.1397
1.0	0.144	-0.1397
3.0	0.1615	-0.1397
6.0	0.18	-0.1397
6.0	0.187	-0.1397
4.0	0.1763	-0.1397
5.0	0.1824	-0.1397
4.0	0.2019	-0.1397
2.0	0.1412	-0.1397
4.0	0.1522	-0.1397
9.0	0.1835	-0.1397
4.0	0.1576	-0.1397
3.0	0.1558	-0.1397
4.0	0.161	-0.1397
6.0	0.1724	-0.1397
5.0	0.1707	-0.1397
3.0	0.1614	-0.1397
5.0	0.1845	-0.1397
5.0	0.1587	-0.1397
5.0	0.1728	-0.1397
6.0	0.1815	-0.1397
7.0	0.1931	-0.1397
2.0	0.1512	-0.1397
6.0	0.1712	-0.1397
1.0	0.1487	-0.1397
6.0	0.1976	-0.1397
5.0	0.1983	-0.1397
3.0	0.1882	-0.1397
4.0	0.1996	-0.1397
3.0	0.1506	-0.1397
1.0	0.1412	-0.1397
5.0	0.1604	-0.1397
7.0	0.1841	-0.1397
2.0	0.1564	-0.1397
2.0	0.1491	-0.1397
6.0	0.1774	-0.1397
5.0	0.1668	-0.1397
5.0	0.1737	-0.1397
6.0	0.1821	-0.1397
5.0	0.1811	-0.1397
3.0	0.1678	-0.1397
4.0	0.1733	-0.1397
4.0	0.2156	-0.1397
6.0	0.185	-0.1397
3.0	0.1743	-0.1397
4.0	0.1865	-0.1397
6.0	0.1827	-0.1397
5.0	0.1818	-0.1397
4.0	0.2024	-0.1397
3.0	0.2237	-0.1397
4.0	0.1648	-0.1397
2.0	0.1543	-0.1397
3.0	0.1591	-0.1397
5.0	0.1693	-0.1397
3.0	0.1637	-0.1397
4.0	0.1695	-0.1397
5.0	0.1759	-0.1397
4.0	0.1755	-0.1397
6.0	0.1944	-0.1397
4.0	0.1902	-0.1397
5.0	0.2046	-0.1397
5.0	0.2075	-0.1397
3.0	0.2292	-0.1397
5.0	0.1978	-0.1397
4.0	0.1768	-0.1397
5.0	0.1848	-0.1397
2.0	0.1662	-0.1397
5.0	0.1804	-0.1397
2.0	0.2404	-0.1397
3.0	0.1568	-0.1419
7.0	0.1863	-0.1419
5.0	0.1835	-0.1419
5.0	0.1844	-0.1419
6.0	0.1978	-0.1419
2.0	0.1605	-0.1419
4.0	0.1719	-0.1419
3.0	0.1745	-0.1419
1.0	0.1399	-0.1419
5.0	0.1802	-0.1419
3.0	0.1625	-0.1419
5.0	0.1743	-0.1419
6.0	0.1816	-0.1419
3.0	0.1701	-0.1419
5.0	0.1811	-0.1419
3.0	0.2216	-0.1419
5.0	0.1651	-0.1419
2.0	0.152	-0.1419
3.0	0.1562	-0.1419
2.0	0.1604	-0.1419
4.0	0.1726	-0.1419
3.0	0.156	-0.1419
5.0	0.198	-0.1419
4.0	0.1862	-0.1419
5.0	0.1951	-0.1419
6.0	0.1874	-0.1419
2.0	0.1616	-0.1419
3.0	0.1665	-0.1419
5.0	0.183	-0.1419
6.0	0.1912	-0.1419
4.0	0.2123	-0.1419
3.0	0.1622	-0.1419
2.0	0.158	-0.1419
3.0	0.1631	-0.1419
4.0	0.1684	-0.1419
5.0	0.1938	-0.1419
6.0	0.208	-0.1419
2.0	0.1563	-0.1419
6.0	0.1846	-0.1419
5.0	0.1885	-0.1419
5.0	0.2046	-0.1419
5.0	0.1831	-0.1419
5.0	0.1717	-0.1427
7.0	0.1901	-0.1427
5.0	0.1929	-0.1427
4.0	0.2141	-0.1427
2.0	0.1453	-0.1427
4.0	0.1575	-0.1427
4.0	0.1634	-0.1427
5.0	0.1708	-0.1427
7.0	0.1906	-0.1427
2.0	0.1549	-0.1427
5.0	0.1726	-0.1427
4.0	0.176	-0.1427
5.0	0.2133	-0.1427
4.0	0.1565	-0.1427
6.0	0.1676	-0.1427
5.0	0.1727	-0.1427
6.0	0.1816	-0.1427
4.0	0.1685	-0.1427
5.0	0.1752	-0.1427
7.0	0.1939	-0.1427
5.0	0.2008	-0.1427
1.0	0.1473	-0.1427
6.0	0.1773	-0.1427
5.0	0.1775	-0.1427
5.0	0.1725	-0.1427
6.0	0.2001	-0.1427
5.0	0.1948	-0.1427
4.0	0.1967	-0.1427
4.0	0.197	-0.1427
3.0	0.2212	-0.1427
4.0	0.1678	-0.1449
6.0	0.1825	-0.1449
4.0	0.1658	-0.1449
3.0	0.1666	-0.1449
4.0	0.219	-0.1449
4.0	0.1583	-0.1449
5.0	0.1645	-0.1449
6.0	0.1892	-0.1449
6.0	0.1933	-0.1449
2.0	0.1638	-0.1449
3.0	0.169	-0.1449
3.0	0.2303	-0.1449
4.0	0.1563	-0.1449
6.0	0.1721	-0.1449
3.0	0.1639	-0.1449
6.0	0.1814	-0.1449
5.0	0.1872	-0.1449
2.0	0.149	-0.1449
3.0	0.1538	-0.1449
2.0	0.1506	-0.1449
5.0	0.164	-0.1449
1.0	0.1499	-0.1449
2.0	0.1553	-0.1449
4.0	0.1664	-0.1449
7.0	0.1891	-0.1449
5.0	0.1812	-0.1449
4.0	0.1826	-0.1449
3.0	0.1715	-0.1449
5.0	0.1871	-0.1449
4.0	0.1827	-0.1449
5.0	0.192	-0.1449
5.0	0.1707	-0.1449
6.0	0.2059	-0.1449
5.0	0.1809	-0.1449
5.0	0.1918	-0.1449
3.0	0.1652	-0.1449
5.0	0.177	-0.1449
7.0	0.1945	-0.1449
5.0	0.1917	-0.1449
4.0	0.1914	-0.1449
2.0	0.1581	-0.2747
7.0	0.1844	-0.2747
3.0	0.1541	-0.2747
5.0	0.1655	-0.2747
5.0	0.1716	-0.2747
6.0	0.1797	-0.2747
8.0	0.1844	-0.2747
7.0	0.176	-0.2747
6.0	0.1923	-0.2747
4.0	0.1736	-0.2747
5.0	0.2128	-0.2747
7.0	0.1805	-0.2747
4.0	0.1604	-0.2747
7.0	0.1843	-0.2747
8.0	0.1798	-0.2747
5.0	0.1745	-0.2747
6.0	0.1826	-0.2747
4.0	0.1658	-0.2747
5.0	0.1953	-0.2747
2.0	0.1659	-0.2747
2.0	0.2462	-0.2747
2.0	0.1426	-0.2747
7.0	0.1669	-0.2747
2.0	0.1494	-0.2747
3.0	0.1542	-0.2747
4.0	0.1643	-0.2747
1.0	0.1392	-0.2747
1.0	0.1427	-0.2747
2.0	0.1473	-0.2747
3.0	0.1518	-0.2747
3.0	0.1628	-0.2747
5.0	0.1977	-0.2747
6.0	0.169	-0.2747
7.0	0.1911	-0.2747
6.0	0.1947	-0.2747
7.0	0.1899	-0.2747
5.0	0.2015	-0.2747
3.0	0.1498	-0.2747
1.0	0.1464	-0.2747
3.0	0.1568	-0.2747
1.0	0.1496	-0.2747
4.0	0.1639	-0.2747
2.0	0.1577	-0.2747
4.0	0.1712	-0.2747
6.0	0.1825	-0.2747
7.0	0.1902	-0.2747
5.0	0.2111	-0.2747
6.0	0.1674	-0.2747
7.0	0.1725	-0.2747
6.0	0.1812	-0.2747
7.0	0.1907	-0.2747
5.0	0.1709	-0.2747
5.0	0.1819	-0.2747
6.0	0.2054	-0.2747
4.0	0.2292	-0.2747
3.0	0.1644	-0.2747
2.0	0.162	-0.2747
4.0	0.1694	-0.2747
5.0	0.1735	-0.2747
4.0	0.1771	-0.2747
5.0	0.1834	-0.2747
5.0	0.1968	-0.2765
1.0	0.1443	-0.2765
2.0	0.1492	-0.2765
4.0	0.168	-0.2765
6.0	0.1797	-0.2765
6.0	0.1996	-0.2765
6.0	0.1717	-0.2765
8.0	0.1897	-0.2765
4.0	0.1572	-0.2765
6.0	0.1676	-0.2765
7.0	0.1734	-0.2765
3.0	0.1577	-0.2765
6.0	0.1738	-0.2765
8.0	0.1891	-0.2765
6.0	0.1892	-0.2765
5.0	0.2134	-0.2765
3.0	0.1725	-0.2765
7.0	0.1683	-0.2765
3.0	0.1566	-0.2765
5.0	0.1805	-0.2765
5.0	0.198	-0.2765
3.0	0.178	-0.2765
5.0	0.1973	-0.2765
6.0	0.2169	-0.2765
6.0	0.1676	-0.2765
4.0	0.1755	-0.2765
6.0	0.179	-0.2765
7.0	0.1865	-0.2765
5.0	0.1859	-0.2765
6.0	0.1976	-0.2765
3.0	0.2354	-0.2765
6.0	0.1735	-0.2765
7.0	0.1854	-0.2765
5.0	0.1787	-0.2765
6.0	0.1863	-0.2765
7.0	0.1965	-0.2765
2.0	0.1589	-0.2765
6.0	0.1844	-0.2765
6.0	0.2118	-0.2765
5.0	0.2162	-0.2765
4.0	0.2291	-0.2765
6.0	0.1798	-0.2773
8.0	0.1837	-0.2773
5.0	0.1823	-0.2773
6.0	0.1926	-0.2773
5.0	0.1971	-0.2773
5.0	0.2002	-0.2773
6.0	0.1718	-0.2773
4.0	0.156	-0.2773
1.0	0.1439	-0.2773
5.0	0.1625	-0.2773
1.0	0.1471	-0.2773
3.0	0.1552	-0.2773
4.0	0.1592	-0.2773
5.0	0.1788	-0.2773
6.0	0.1879	-0.2773
6.0	0.1907	-0.2773
4.0	0.225	-0.2773
7.0	0.1735	-0.2773
5.0	0.1819	-0.2773
6.0	0.1761	-0.2773
7.0	0.1889	-0.2773
8.0	0.2038	-0.2773
2.0	0.1559	-0.2773
3.0	0.1609	-0.2773
6.0	0.1715	-0.2773
9.0	0.1877	-0.2773
4.0	0.1679	-0.2773
5.0	0.2122	-0.2773
5.0	0.165	-0.2773
4.0	0.169	-0.2773
5.0	0.2126	-0.2773
4.0	0.2364	-0.2773
4.0	0.1639	-0.2773
3.0	0.1614	-0.2773
5.0	0.1733	-0.2773
6.0	0.1795	-0.2773
6.0	0.2115	-0.2773
5.0	0.2078	-0.2773
5.0	0.2084	-0.2773
4.0	0.1618	-0.2774
4.0	0.1681	-0.2774
6.0	0.1949	-0.2774
5.0	0.1934	-0.2774
6.0	0.2089	-0.2774
4.0	0.2245	-0.2774
8.0	0.1909	-0.2774
3.0	0.1469	-0.2774
8.0	0.1704	-0.2774
2.0	0.1477	-0.2774
6.0	0.1933	-0.2774
6.0	0.1643	-0.2774
9.0	0.1766	-0.2774
6.0	0.1985	-0.2774
6.0	0.1916	-0.2774
4.0	0.1569	-0.2774
6.0	0.169	-0.2774
3.0	0.1504	-0.2774
7.0	0.1696	-0.2774
2.0	0.1497	-0.2774
3.0	0.1531	-0.2774
5.0	0.2096	-0.2774
2.0	0.1446	-0.2774
4.0	0.1532	-0.2774
5.0	0.1573	-0.2774
5.0	0.1684	-0.2774
6.0	0.1753	-0.2774
6.0	0.184	-0.2774
2.0	0.1579	-0.2774
4.0	0.1668	-0.2774
5.0	0.1799	-0.2774
5.0	0.2115	-0.2774
5.0	0.2113	-0.2774
5.0	0.1679	-0.2774
6.0	0.1934	-0.2774
6.0	0.1966	-0.2774
4.0	0.1842	-0.2774
5.0	0.1957	-0.2774
5.0	0.2101	-0.2774
4.0	0.2246	-0.2774
5.0	0.1865	-0.2774
4.0	0.212	-0.2774
4.0	0.2299	-0.2774
2.0	0.1571	-0.278
4.0	0.1651	-0.278
4.0	0.1593	-0.278
4.0	0.17	-0.278
6.0	0.1876	-0.278
1.0	0.1497	-0.278
5.0	0.2135	-0.278
4.0	0.2277	-0.278
4.0	0.1561	-0.278
6.0	0.1724	-0.278
1.0	0.1403	-0.278
5.0	0.1708	-0.278
4.0	0.1798	-0.278
6.0	0.1987	-0.278
5.0	0.1565	-0.278
6.0	0.1612	-0.278
8.0	0.1714	-0.278
4.0	0.1582	-0.278
5.0	0.1725	-0.278
6.0	0.1914	-0.278
5.0	0.2155	-0.278
3.0	0.2467	-0.278
5.0	0.1693	-0.278
6.0	0.1777	-0.278
7.0	0.1884	-0.278
5.0	0.1687	-0.278
5.0	0.1724	-0.278
4.0	0.1661	-0.278
6.0	0.1903	-0.278
4.0	0.2237	-0.278
3.0	0.1534	-0.278
4.0	0.1577	-0.278
5.0	0.1625	-0.278
5.0	0.1699	-0.278
6.0	0.1765	-0.278
4.0	0.1869	-0.278
5.0	0.1993	-0.278
5.0	0.208	-0.278
4.0	0.1587	-0.278
5.0	0.1648	-0.278
6.0	0.1715	-0.278
3.0	0.1524	-0.278
8.0	0.1812	-0.278
2.0	0.152	-0.278
3.0	0.1563	-0.278
4.0	0.1606	-0.278
7.0	0.1726	-0.278
7.0	0.199	-0.278
6.0	0.2013	-0.278
4.0	0.2121	-0.278
8.0	0.1785	-0.278
5.0	0.1844	-0.278
6.0	0.1935	-0.278
1.0	0.1439	-0.278
2.0	0.1483	-0.278
3.0	0.1526	-0.278
7.0	0.1702	-0.278
6.0	0.1911	-0.278
2.0	0.1637	-0.278
6.0	0.1851	-0.278
6.0	0.193	-0.278
6.0	0.1855	-0.278
5.0	0.2196	-0.278
4.0	0.1655	-0.278
5.0	0.1932	-0.278
3.0	0.1683	-0.278
5.0	0.1941	-0.278
6.0	0.2103	-0.278
3.0	0.1627	-0.2794
4.0	0.1673	-0.2794
1.0	0.1421	-0.2794
6.0	0.1801	-0.2794
6.0	0.1929	-0.2794
5.0	0.1966	-0.2794
6.0	0.172	-0.2794
7.0	0.1809	-0.2794
7.0	0.198	-0.2794
1.0	0.1489	-0.2794
5.0	0.1953	-0.2794
5.0	0.212	-0.2794
3.0	0.147	-0.2794
4.0	0.1516	-0.2794
6.0	0.195	-0.2794
5.0	0.2046	-0.2794
6.0	0.207	-0.2794
2.0	0.1451	-0.2794
3.0	0.1501	-0.2794
7.0	0.1706	-0.2794
7.0	0.1895	-0.2794
8.0	0.1836	-0.2794
6.0	0.1801	-0.2794
5.0	0.1764	-0.2794
7.0	0.1941	-0.2794
2.0	0.1561	-0.2794
4.0	0.1689	-0.2794
5.0	0.1739	-0.2794
6.0	0.1798	-0.2794
5.0	0.1841	-0.2794
6.0	0.1932	-0.2794
6.0	0.1839	-0.2794
6.0	0.1904	-0.2794
7.0	0.1864	-0.2794
5.0	0.1823	-0.2794
4.0	0.1706	-0.2794
6.0	0.1831	-0.2794
5.0	0.1886	-0.2794
6.0	0.2003	-0.2794
6.0	0.189	-0.2794
3.0	0.1659	-0.2794
4.0	0.1709	-0.2794
5.0	0.1766	-0.2794
5.0	0.1896	-0.2794
6.0	0.1799	-0.2794
5.0	0.1589	-0.2794
5.0	0.1613	-0.2794
6.0	0.1658	-0.2794
4.0	0.167	-0.2794
4.0	0.1716	-0.2794
5.0	0.1785	-0.2794
7.0	0.1989	-0.2794
6.0	0.1934	-0.2794
1.0	0.1352	-0.2794
3.0	0.1468	-0.2794
2.0	0.1413	-0.2794
3.0	0.1459	-0.2794
6.0	0.1789	-0.2794
3.0	0.1526	-0.2794
5.0	0.1664	-0.2794
5.0	0.173	-0.2794
3.0	0.1623	-0.2794
6.0	0.2059	-0.2794
6.0	0.1938	-0.2794
4.0	0.1534	-0.2794
8.0	0.1955	-0.2794
5.0	0.1745	-0.2794
6.0	0.1848	-0.2794
5.0	0.1658	-0.2794
7.0	0.1773	-0.2794
8.0	0.1847	-0.2794
4.0	0.1626	-0.2794
4.0	0.1867	-0.2794
5.0	0.2211	-0.2794
6.0	0.1675	-0.2794
7.0	0.174	-0.2794
4.0	0.1557	-0.2794
6.0	0.1794	-0.2794
6.0	0.2087	-0.2794
5.0	0.2011	-0.2794
4.0	0.1964	-0.2794
5.0	0.2192	-0.2794
5.0	0.1693	-0.2794
6.0	0.1732	-0.2794
8.0	0.1903	-0.2794
6.0	0.1924	-0.2794
5.0	0.1797	-0.2794
7.0	0.1987	-0.2794
5.0	0.199	-0.2794
2.0	0.1468	-0.2794
4.0	0.1559	-0.2794
5.0	0.1755	-0.2794
7.0	0.1983	-0.2794
4.0	0.161	-0.2794
5.0	0.1899	-0.2794
6.0	0.2093	-0.2794
3.0	0.2274	-0.2794
6.0	0.1831	-0.2794
5.0	0.1744	-0.2794
4.0	0.1688	-0.2794
5.0	0.1752	-0.2794
6.0	0.1829	-0.2794
5.0	0.1885	-0.2794
4.0	0.1641	-0.2794
4.0	0.175	-0.2794
4.0	0.2255	-0.2794
6.0	0.2054	-0.2794
5.0	0.1826	-0.2838
4.0	0.1629	-0.2838
3.0	0.1659	-0.2838
4.0	0.1799	-0.2838
7.0	0.2092	-0.2838
7.0	0.1747	-0.2838
2.0	0.1451	-0.2838
6.0	0.1918	-0.2838
2.0	0.1572	-0.2838
6.0	0.2059	-0.2838
4.0	0.1752	-0.2838
2.0	0.1455	-0.2838
4.0	0.1558	-0.2838
5.0	0.161	-0.2838
1.0	0.1477	-0.2838
4.0	0.1604	-0.2838
3.0	0.1662	-0.2838
5.0	0.1991	-0.2838
4.0	0.2238	-0.2838
1.0	0.1411	-0.2838
2.0	0.1461	-0.2838
6.0	0.1649	-0.2838
2.0	0.1509	-0.2838
4.0	0.1611	-0.2838
6.0	0.1723	-0.2838
8.0	0.1874	-0.2838
4.0	0.1607	-0.2838
8.0	0.1909	-0.2838
7.0	0.1945	-0.2838
5.0	0.1764	-0.2838
5.0	0.1812	-0.2838
6.0	0.1885	-0.2838
4.0	0.2051	-0.2838
6.0	0.1923	-0.2838
5.0	0.1951	-0.2838
5.0	0.1973	-0.2854
5.0	0.1742	-0.2854
6.0	0.1822	-0.2854
7.0	0.1925	-0.2854
5.0	0.182	-0.2854
6.0	0.2093	-0.2854
3.0	0.1514	-0.2854
5.0	0.1638	-0.2854
6.0	0.1706	-0.2854
6.0	0.1795	-0.2854
5.0	0.189	-0.2854
5.0	0.1977	-0.2854
5.0	0.1991	-0.2854
5.0	0.1636	-0.2854
6.0	0.1692	-0.2854
7.0	0.1753	-0.2854
8.0	0.1827	-0.2854
7.0	0.186	-0.2854
6.0	0.1867	-0.2854
7.0	0.1997	-0.2854
4.0	0.1719	-0.2854
6.0	0.1874	-0.2854
5.0	0.2167	-0.2854
6.0	0.1793	-0.2854
5.0	0.1852	-0.2854
6.0	0.1975	-0.2854
5.0	0.2183	-0.2854
4.0	0.2253	-0.2854
5.0	0.2173	-0.2854
5.0	0.2001	-0.2898
2.0	0.163	-0.2898
5.0	0.1749	-0.2898
6.0	0.1713	-0.2898
5.0	0.1822	-0.2898
4.0	0.1747	-0.2898
2.0	0.1454	-0.2898
3.0	0.1506	-0.2898
1.0	0.1426	-0.2898
7.0	0.1702	-0.2898
3.0	0.1565	-0.2898
4.0	0.1614	-0.2898
5.0	0.1665	-0.2898
2.0	0.1591	-0.2898
4.0	0.169	-0.2898
6.0	0.199	-0.2898
7.0	0.1779	-0.2898
1.0	0.146	-0.2898
4.0	0.1595	-0.2898
6.0	0.1799	-0.2898
6.0	0.1918	-0.2898
6.0	0.2061	-0.2898
5.0	0.1647	-0.2898
6.0	0.17	-0.2898
8.0	0.183	-0.2898
6.0	0.1802	-0.2898
7.0	0.1899	-0.2898
3.0	0.1599	-0.2898
8.0	0.1949	-0.2898
5.0	0.1891	-0.2898
6.0	0.2102	-0.2898
5.0	0.2167	-0.2898
6.0	0.1845	-0.2898
5.0	0.2048	-0.2898
3.0	0.2378	-0.2898
5.0	0.1924	-0.2898
5.0	0.172	-0.412
7.0	0.1899	-0.412
5.0	0.1659	-0.412
1.0	0.149	-0.412
5.0	0.166	-0.412
7.0	0.209	-0.412
6.0	0.186	-0.412
4.0	0.2319	-0.412
6.0	0.1717	-0.412
8.0	0.1919	-0.412
6.0	0.175	-0.412
7.0	0.1957	-0.412
5.0	0.1633	-0.412
7.0	0.1933	-0.412
6.0	0.2163	-0.412
4.0	0.1746	-0.412
5.0	0.1799	-0.412
6.0	0.1863	-0.412
7.0	0.1948	-0.412
4.0	0.1524	-0.412
5.0	0.1571	-0.412
6.0	0.1619	-0.412
6.0	0.1747	-0.412
9.0	0.1901	-0.412
7.0	0.1841	-0.412
8.0	0.1943	-0.412
5.0	0.2326	-0.412
2.0	0.1427	-0.412
4.0	0.1524	-0.412
4.0	0.1517	-0.412
4.0	0.1561	-0.412
7.0	0.1698	-0.412
9.0	0.1814	-0.412
7.0	0.1844	-0.412
8.0	0.1953	-0.412
7.0	0.2045	-0.412
6.0	0.181	-0.412
3.0	0.1699	-0.412
5.0	0.2369	-0.412
7.0	0.1883	-0.412
8.0	0.2042	-0.412
4.0	0.1495	-0.412
1.0	0.146	-0.412
4.0	0.1596	-0.412
3.0	0.1644	-0.412
5.0	0.2211	-0.412
2.0	0.1456	-0.412
7.0	0.166	-0.412
5.0	0.1677	-0.412
6.0	0.1748	-0.412
5.0	0.1717	-0.412
4.0	0.2399	-0.412
3.0	0.1539	-0.412
4.0	0.1583	-0.412
5.0	0.1627	-0.412
9.0	0.1853	-0.412
6.0	0.1905	-0.412
6.0	0.1732	-0.412
7.0	0.1802	-0.412
7.0	0.212	-0.412
6.0	0.2174	-0.412
8.0	0.2027	-0.412
7.0	0.1974	-0.412
9.0	0.1897	-0.4147
7.0	0.206	-0.4147
7.0	0.2038	-0.4147
6.0	0.1975	-0.4147
4.0	0.1779	-0.4147
2.0	0.1449	-0.4147
6.0	0.1634	-0.4147
4.0	0.1612	-0.4147
6.0	0.171	-0.4147
6.0	0.224	-0.4147
6.0	0.1667	-0.4147
9.0	0.1845	-0.4147
4.0	0.159	-0.4147
8.0	0.1779	-0.4147
6.0	0.1996	-0.4147
5.0	0.1729	-0.4147
4.0	0.162	-0.4147
7.0	0.1805	-0.4147
6.0	0.1781	-0.4147
7.0	0.1948	-0.4147
3.0	0.1559	-0.4159
7.0	0.1933	-0.4159
7.0	0.2089	-0.4159
7.0	0.1802	-0.4159
3.0	0.1511	-0.4159
7.0	0.172	-0.4159
6.0	0.1674	-0.4159
2.0	0.1512	-0.4159
5.0	0.1633	-0.4159
7.0	0.1722	-0.4159
7.0	0.2014	-0.4159
3.0	0.1503	-0.4159
5.0	0.1598	-0.4159
7.0	0.17	-0.4159
8.0	0.1759	-0.4159
7.0	0.2033	-0.4159
7.0	0.1849	-0.4159
6.0	0.2146	-0.4159
7.0	0.2022	-0.4159
5.0	0.1684	-0.4159
7.0	0.1856	-0.4159
7.0	0.1825	-0.4159
3.0	0.1601	-0.4159
5.0	0.1675	-0.4159
7.0	0.176	-0.4159
1.0	0.1577	-0.4159
2.0	0.161	-0.4159
6.0	0.176	-0.4159
6.0	0.1708	-0.4159
5.0	0.1748	-0.4159
7.0	0.1957	-0.4159
5.0	0.1747	-0.4159
7.0	0.1897	-0.4159
5.0	0.2284	-0.4159
7.0	0.1845	-0.4159
7.0	0.2065	-0.4159
2.0	0.1577	-0.4159
4.0	0.1652	-0.4159
5.0	0.1693	-0.4159
6.0	0.1737	-0.4159
9.0	0.1929	-0.4159
6.0	0.2158	-0.4159
7.0	0.1871	-0.4159
5.0	0.2328	-0.4159
6.0	0.2023	-0.4161
7.0	0.2127	-0.4161
7.0	0.1811	-0.4161
1.0	0.1464	-0.4161
2.0	0.1501	-0.4161
7.0	0.168	-0.4161
6.0	0.2001	-0.4161
7.0	0.2063	-0.4161
5.0	0.2218	-0.4161
5.0	0.1627	-0.4161
8.0	0.1847	-0.4161
5.0	0.1597	-0.4161
8.0	0.1753	-0.4161
4.0	0.1603	-0.4161
7.0	0.1947	-0.4161
1.0	0.147	-0.4161
6.0	0.1617	-0.4161
10.0	0.1745	-0.4161
6.0	0.2151	-0.4161
1.0	0.14	-0.4161
3.0	0.149	-0.4161
7.0	0.1835	-0.4161
8.0	0.1945	-0.4161
7.0	0.196	-0.4161
6.0	0.1951	-0.4161
6.0	0.1772	-0.4161
7.0	0.1839	-0.4161
6.0	0.1876	-0.4161
7.0	0.1982	-0.4161
6.0	0.1801	-0.4161
7.0	0.1806	-0.4161
6.0	0.2154	-0.4161
7.0	0.1986	-0.4161
6.0	0.1841	-0.4161
8.0	0.2082	-0.4161
5.0	0.2025	-0.4161
3.0	0.1611	-0.4169
7.0	0.1796	-0.4169
9.0	0.195	-0.4169
8.0	0.1874	-0.4169
7.0	0.1939	-0.4169
7.0	0.2103	-0.4169
5.0	0.1778	-0.4169
7.0	0.2017	-0.4169
6.0	0.1968	-0.4169
7.0	0.1772	-0.4169
7.0	0.1807	-0.4169
7.0	0.1985	-0.4169
6.0	0.2099	-0.4169
1.0	0.1554	-0.4169
3.0	0.1628	-0.4169
7.0	0.2104	-0.4169
3.0	0.1551	-0.4169
7.0	0.177	-0.4169
8.0	0.1846	-0.4169
1.0	0.1473	-0.4169
5.0	0.1618	-0.4169
6.0	0.1786	-0.4169
7.0	0.1859	-0.4169
8.0	0.1957	-0.4169
6.0	0.1759	-0.4169
8.0	0.1965	-0.4169
6.0	0.18	-0.4169
7.0	0.1896	-0.4169
5.0	0.1815	-0.4169
7.0	0.2032	-0.4169
8.0	0.1906	-0.4169
6.0	0.1674	-0.4169
7.0	0.1844	-0.4169
6.0	0.2143	-0.4169
6.0	0.2234	-0.4169
5.0	0.1626	-0.4169
5.0	0.165	-0.4169
7.0	0.175	-0.4169
4.0	0.1605	-0.4169
5.0	0.1784	-0.4169
5.0	0.1952	-0.4169
6.0	0.2169	-0.4169
9.0	0.1858	-0.4169
6.0	0.1977	-0.4169
4.0	0.1569	-0.4169
6.0	0.1655	-0.4169
6.0	0.2149	-0.4169
4.0	0.173	-0.4169
5.0	0.1987	-0.4169
7.0	0.1965	-0.4169
7.0	0.2016	-0.4169
6.0	0.1794	-0.4169
5.0	0.1706	-0.4169
6.0	0.1917	-0.4169
7.0	0.207	-0.4169
6.0	0.2086	-0.4169
5.0	0.181	-0.4169
6.0	0.1633	-0.4191
7.0	0.1679	-0.4191
8.0	0.1729	-0.4191
2.0	0.1485	-0.4191
6.0	0.175	-0.4191
7.0	0.1822	-0.4191
7.0	0.1887	-0.4191
6.0	0.1901	-0.4191
7.0	0.2011	-0.4191
5.0	0.2308	-0.4191
5.0	0.1576	-0.4191
6.0	0.1631	-0.4191
10.0	0.1779	-0.4191
7.0	0.1901	-0.4191
5.0	0.1626	-0.4191
7.0	0.1859	-0.4191
6.0	0.1801	-0.4191
7.0	0.189	-0.4191
5.0	0.1723	-0.4191
6.0	0.1783	-0.4191
7.0	0.1855	-0.4191
8.0	0.1952	-0.4191
7.0	0.2084	-0.4191
6.0	0.1643	-0.4191
8.0	0.1769	-0.4191
6.0	0.1742	-0.4191
7.0	0.1994	-0.4191
5.0	0.1674	-0.4191
6.0	0.1934	-0.4191
5.0	0.19	-0.4191
6.0	0.2193	-0.4191
2.0	0.1462	-0.4191
8.0	0.1763	-0.4191
7.0	0.1838	-0.4191
6.0	0.1763	-0.4191
5.0	0.218	-0.4191
7.0	0.1807	-0.4191
7.0	0.1932	-0.4191
5.0	0.1649	-0.4191
5.0	0.1604	-0.4191
7.0	0.1701	-0.4191
5.0	0.1654	-0.4191
6.0	0.1701	-0.4191
6.0	0.2085	-0.4191
6.0	0.2156	-0.4191
6.0	0.203	-0.4191
6.0	0.19	-0.4191
6.0	0.1837	-0.4191
7.0	0.1939	-0.4191
8.0	0.2101	-0.4191
6.0	0.1965	-0.4191
6.0	0.1957	-0.4191
6.0	0.1869	-0.4191
6.0	0.178	-0.4192
7.0	0.1849	-0.4192
4.0	0.1573	-0.4192
5.0	0.1623	-0.4192
7.0	0.1736	-0.4192
5.0	0.172	-0.4192
8.0	0.2068	-0.4192
7.0	0.2132	-0.4192
5.0	0.2004	-0.4192
4.0	0.1548	-0.4192
6.0	0.164	-0.4192
6.0	0.1838	-0.4192
6.0	0.1851	-0.4192
3.0	0.1567	-0.4192
9.0	0.1849	-0.4192
6.0	0.2159	-0.4192
2.0	0.1422	-0.4192
6.0	0.1607	-0.4192
7.0	0.1664	-0.4192
1.0	0.1445	-0.4192
2.0	0.1493	-0.4192
3.0	0.154	-0.4192
6.0	0.1684	-0.4192
5.0	0.2316	-0.4192
6.0	0.1651	-0.4192
2.0	0.1504	-0.4192
3.0	0.1541	-0.4192
5.0	0.1616	-0.4192
6.0	0.1895	-0.4192
5.0	0.2271	-0.4192
7.0	0.1909	-0.4192
7.0	0.1893	-0.4192
2.0	0.1629	-0.4192
6.0	0.1845	-0.4192
7.0	0.1931	-0.4192
8.0	0.2062	-0.4192
6.0	0.1844	-0.4192
7.0	0.2051	-0.4192
7.0	0.1904	-0.4192
4.0	0.1653	-0.4192
6.0	0.1759	-0.4192
7.0	0.1825	-0.4192
7.0	0.187	-0.4192
7.0	0.1965	-0.4192
7.0	0.2067	-0.4192
4.0	0.1649	-0.4192
6.0	0.1779	-0.4192
7.0	0.1919	-0.4192
5.0	0.1794	-0.4192
6.0	0.1834	-0.4192
6.0	0.2024	-0.4192
6.0	0.1771	-0.4258
6.0	0.1977	-0.4258
5.0	0.2176	-0.4258
6.0	0.1954	-0.4258
6.0	0.1678	-0.4258
9.0	0.194	-0.4258
3.0	0.15	-0.4258
5.0	0.1596	-0.4258
6.0	0.1646	-0.4258
7.0	0.1699	-0.4258
8.0	0.1758	-0.4258
6.0	0.1844	-0.4258
7.0	0.1979	-0.4258
6.0	0.1885	-0.4258
6.0	0.1664	-0.4258
7.0	0.1774	-0.4258
8.0	0.1853	-0.4258
5.0	0.1647	-0.4258
6.0	0.1693	-0.4258
7.0	0.203	-0.4258
3.0	0.1509	-0.4258
5.0	0.1601	-0.4258
7.0	0.1701	-0.4258
5.0	0.1665	-0.4258
7.0	0.1922	-0.4258
6.0	0.2092	-0.4258
6.0	0.1733	-0.4258
7.0	0.2025	-0.4258
6.0	0.1973	-0.4258
6.0	0.1849	-0.4258
4.0	0.1766	-0.4258
6.0	0.1856	-0.4258
5.0	0.1742	-0.4258
6.0	0.1811	-0.4258
7.0	0.1898	-0.4258
6.0	0.2119	-0.4258
7.0	0.1965	-0.4258
7.0	0.1913	-0.4258
6.0	0.2035	-0.4258
5.0	0.2337	-0.4258
7.0	0.2062	-0.4258
6.0	0.2106	-0.4258
6.0	0.1798	-0.4281
6.0	0.1924	-0.4281
7.0	0.1784	-0.4281
7.0	0.1964	-0.4281
6.0	0.1986	-0.4281
6.0	0.2002	-0.4281
8.0	0.1813	-0.4281
7.0	0.1934	-0.4281
6.0	0.1865	-0.4281
6.0	0.2201	-0.4281
7.0	0.1995	-0.4281
7.0	0.1878	-0.4281
6.0	0.214	-0.4281
5.0	0.2185	-0.4281
6.0	0.1948	-0.4346
7.0	0.1929	-0.4346
5.0	0.1703	-0.4346
7.0	0.1811	-0.4346
5.0	0.1814	-0.4346
6.0	0.1898	-0.4346
5.0	0.1607	-0.4346
7.0	0.1784	-0.4346
5.0	0.1747	-0.4346
5.0	0.2212	-0.4346
5.0	0.1647	-0.4346
5.0	0.1635	-0.4346
6.0	0.1687	-0.4346
6.0	0.1688	-0.4346
5.0	0.1727	-0.4346
5.0	0.1953	-0.4346
6.0	0.1992	-0.4346
4.0	0.1597	-0.4346
7.0	0.1759	-0.4346
7.0	0.1847	-0.4346
6.0	0.1904	-0.4346
7.0	0.2046	-0.4346
6.0	0.2083	-0.4346
4.0	0.2351	-0.4346
6.0	0.2068	-0.4346
6.0	0.203	-0.4346
6.0	0.1777	-0.5493
7.0	0.1791	-0.5493
8.0	0.2055	-0.5493
7.0	0.1772	-0.5493
3.0	0.1574	-0.5493
6.0	0.1707	-0.5493
7.0	0.1951	-0.5493
8.0	0.1973	-0.5493
6.0	0.1682	-0.5493
10.0	0.1981	-0.5493
8.0	0.2105	-0.5493
6.0	0.1763	-0.5493
7.0	0.1829	-0.5493
5.0	0.2388	-0.5493
3.0	0.1476	-0.5493
8.0	0.1724	-0.5493
7.0	0.1834	-0.5493
5.0	0.1638	-0.5493
8.0	0.1815	-0.5493
6.0	0.2195	-0.5493
6.0	0.232	-0.5493
5.0	0.157	-0.5493
7.0	0.1666	-0.5493
8.0	0.1719	-0.5493
9.0	0.1779	-0.5493
2.0	0.1437	-0.5493
3.0	0.1478	-0.5493
5.0	0.1605	-0.5493
8.0	0.1751	-0.5493
10.0	0.1893	-0.5493
6.0	0.224	-0.5493
6.0	0.1896	-0.5493
7.0	0.2009	-0.5493
7.0	0.2122	-0.5493
7.0	0.2146	-0.5493
8.0	0.2018	-0.5493
6.0	0.236	-0.5493
4.0	0.1538	-0.5493
7.0	0.181	-0.5493
8.0	0.1901	-0.5493
7.0	0.1816	-0.5493
8.0	0.1902	-0.5493
8.0	0.1929	-0.5493
8.0	0.2012	-0.5493
7.0	0.1907	-0.5493
7.0	0.2022	-0.5493
5.0	0.1672	-0.5493
7.0	0.2155	-0.5493
6.0	0.1782	-0.5493
8.0	0.191	-0.5493
8.0	0.2156	-0.5493
7.0	0.2034	-0.5493
6.0	0.2229	-0.5529
4.0	0.1587	-0.5529
6.0	0.1688	-0.5529
7.0	0.1745	-0.5529
7.0	0.2223	-0.5529
7.0	0.184	-0.5529
8.0	0.1973	-0.5529
9.0	0.2048	-0.5529
8.0	0.1802	-0.5529
7.0	0.2162	-0.5529
7.0	0.1806	-0.5529
7.0	0.2052	-0.5529
4.0	0.1542	-0.5529
5.0	0.1587	-0.5529
7.0	0.1773	-0.5529
8.0	0.1828	-0.5529
9.0	0.1925	-0.5529
7.0	0.1724	-0.5529
9.0	0.1844	-0.5529
8.0	0.195	-0.5529
6.0	0.2128	-0.5529
8.0	0.212	-0.5529
8.0	0.2071	-0.5545
6.0	0.1708	-0.5545
7.0	0.1767	-0.5545
8.0	0.2099	-0.5545
6.0	0.2192	-0.5545
6.0	0.2222	-0.5545
7.0	0.1728	-0.5545
9.0	0.1864	-0.5545
6.0	0.1676	-0.5545
8.0	0.1775	-0.5545
7.0	0.201	-0.5545
8.0	0.1811	-0.5545
2.0	0.1454	-0.5545
8.0	0.1962	-0.5545
1.0	0.1463	-0.5545
2.0	0.1495	-0.5545
6.0	0.2147	-0.5545
6.0	0.1902	-0.5545
8.0	0.1921	-0.5545
7.0	0.1861	-0.5545
3.0	0.1644	-0.5545
8.0	0.1856	-0.5545
9.0	0.1967	-0.5545
6.0	0.1947	-0.5545
7.0	0.2158	-0.5545
8.0	0.2019	-0.5545
8.0	0.1952	-0.5545
7.0	0.1788	-0.5545
8.0	0.1849	-0.5545
7.0	0.2005	-0.5545
4.0	0.1535	-0.5549
7.0	0.1786	-0.5549
7.0	0.1905	-0.5549
8.0	0.2042	-0.5549
9.0	0.2084	-0.5549
2.0	0.142	-0.5549
5.0	0.156	-0.5549
6.0	0.1606	-0.5549
7.0	0.1824	-0.5549
7.0	0.1757	-0.5549
7.0	0.2147	-0.5549
3.0	0.1537	-0.5549
4.0	0.1572	-0.5549
5.0	0.1607	-0.5549
11.0	0.1886	-0.5549
7.0	0.2238	-0.5549
5.0	0.2384	-0.5549
9.0	0.1964	-0.5549
4.0	0.1551	-0.5549
6.0	0.1645	-0.5549
7.0	0.1787	-0.5549
8.0	0.1873	-0.5549
6.0	0.1831	-0.5549
8.0	0.1676	-0.5549
5.0	0.1741	-0.5549
6.0	0.1808	-0.5549
7.0	0.1893	-0.5549
8.0	0.2015	-0.5549
10.0	0.1816	-0.5549
8.0	0.1925	-0.5549
7.0	0.1907	-0.5549
8.0	0.1891	-0.5549
7.0	0.212	-0.5549
6.0	0.2011	-0.5549
7.0	0.1935	-0.5549
6.0	0.2377	-0.5549
5.0	0.2374	-0.5549
5.0	0.1651	-0.5559
6.0	0.1713	-0.5559
4.0	0.1608	-0.5559
7.0	0.173	-0.5559
7.0	0.2102	-0.5559
7.0	0.2115	-0.5559
8.0	0.187	-0.5559
8.0	0.1914	-0.5559
4.0	0.1524	-0.5559
5.0	0.1561	-0.5559
7.0	0.1636	-0.5559
6.0	0.219	-0.5559
7.0	0.1806	-0.5559
7.0	0.2181	-0.5559
10.0	0.1845	-0.5559
6.0	0.1707	-0.5559
6.0	0.1656	-0.5559
8.0	0.1738	-0.5559
5.0	0.1825	-0.5559
7.0	0.2046	-0.5559
8.0	0.2043	-0.5559
6.0	0.1773	-0.5559
7.0	0.1844	-0.5559
8.0	0.1938	-0.5559
6.0	0.2213	-0.5559
7.0	0.1729	-0.5559
9.0	0.1869	-0.5559
8.0	0.195	-0.5559
7.0	0.1792	-0.5559
6.0	0.1681	-0.5559
1.0	0.1428	-0.5559
7.0	0.1921	-0.5559
8.0	0.2092	-0.5559
6.0	0.1698	-0.5559
5.0	0.1643	-0.5559
8.0	0.1775	-0.5559
6.0	0.187	-0.5559
6.0	0.1674	-0.5559
10.0	0.1954	-0.5559
7.0	0.2099	-0.5559
5.0	0.1611	-0.5559
11.0	0.2002	-0.5559
7.0	0.2082	-0.5559
6.0	0.2186	-0.5559
7.0	0.2125	-0.5559
6.0	0.1896	-0.5559
7.0	0.1882	-0.5559
7.0	0.183	-0.5559
8.0	0.1916	-0.5559
6.0	0.2204	-0.5559
7.0	0.202	-0.5559
8.0	0.1983	-0.5587
3.0	0.1504	-0.5587
3.0	0.1528	-0.5587
4.0	0.157	-0.5587
8.0	0.1915	-0.5587
9.0	0.2056	-0.5587
7.0	0.2091	-0.5587
7.0	0.169	-0.5587
8.0	0.1756	-0.5587
10.0	0.1939	-0.5587
4.0	0.1503	-0.5587
5.0	0.1545	-0.5587
8.0	0.2075	-0.5587
7.0	0.1792	-0.5587
8.0	0.1974	-0.5587
8.0	0.2018	-0.5587
7.0	0.1702	-0.5587
9.0	0.1945	-0.5587
6.0	0.1728	-0.5587
7.0	0.2224	-0.5587
7.0	0.2103	-0.5587
6.0	0.2042	-0.5587
8.0	0.1817	-0.5587
9.0	0.1832	-0.5587
8.0	0.1948	-0.5587
8.0	0.1945	-0.5587
7.0	0.1879	-0.5587
8.0	0.1997	-0.5587
6.0	0.2337	-0.5587
7.0	0.1876	-0.5587
7.0	0.2108	-0.5587
3.0	0.1581	-0.5587
4.0	0.1615	-0.5587
6.0	0.1685	-0.5587
7.0	0.1724	-0.5587
8.0	0.1768	-0.5587
6.0	0.2217	-0.5587
6.0	0.1651	-0.5587
7.0	0.1753	-0.5587
8.0	0.1814	-0.5587
9.0	0.1891	-0.5587
6.0	0.2026	-0.5587
7.0	0.1954	-0.5587
8.0	0.217	-0.5587
7.0	0.193	-0.5587
8.0	0.2089	-0.5587
7.0	0.2019	-0.5587
5.0	0.2402	-0.5587
7.0	0.1873	-0.5587
7.0	0.1821	-0.5587
9.0	0.2041	-0.5587
7.0	0.2122	-0.5587
7.0	0.2148	-0.5587
6.0	0.2279	-0.5587
7.0	0.2141	-0.5587
7.0	0.1957	-0.5587
8.0	0.194	-0.5589
7.0	0.1906	-0.5589
7.0	0.2143	-0.5589
7.0	0.1967	-0.5589
6.0	0.2204	-0.5589
6.0	0.2288	-0.5589
5.0	0.2345	-0.5589
5.0	0.1594	-0.5589
9.0	0.1809	-0.5589
7.0	0.1967	-0.5589
8.0	0.2069	-0.5589
5.0	0.241	-0.5589
5.0	0.1561	-0.5589
2.0	0.1449	-0.5589
3.0	0.1493	-0.5589
4.0	0.1535	-0.5589
5.0	0.1577	-0.5589
5.0	0.1634	-0.5589
8.0	0.1805	-0.5589
7.0	0.2174	-0.5589
4.0	0.155	-0.5589
6.0	0.1655	-0.5589
7.0	0.1696	-0.5589
6.0	0.2154	-0.5589
7.0	0.2016	-0.5589
8.0	0.2073	-0.5589
6.0	0.2164	-0.5589
7.0	0.1984	-0.5589
8.0	0.2049	-0.5589
8.0	0.1968	-0.5589
7.0	0.2072	-0.5589
6.0	0.2246	-0.5589
7.0	0.2125	-0.5589
7.0	0.2031	-0.5589
6.0	0.2247	-0.5589
7.0	0.1922	-0.5589
8.0	0.2054	-0.5589
7.0	0.2101	-0.5677
7.0	0.1989	-0.5677
8.0	0.183	-0.5677
4.0	0.1548	-0.5677
7.0	0.2106	-0.5677
7.0	0.1909	-0.5677
7.0	0.1987	-0.5677
9.0	0.196	-0.5677
7.0	0.1744	-0.5677
8.0	0.1803	-0.5677
6.0	0.2248	-0.5677
8.0	0.1758	-0.5677
9.0	0.1826	-0.5677
7.0	0.1791	-0.5677
7.0	0.1906	-0.5677
8.0	0.2049	-0.5677
8.0	0.2062	-0.5677
6.0	0.2213	-0.5677
7.0	0.181	-0.5677
6.0	0.2283	-0.5677
7.0	0.2031	-0.5677
8.0	0.2056	-0.5677
6.0	0.2244	-0.5708
7.0	0.2087	-0.5708
8.0	0.1883	-0.5708
6.0	0.18	-0.5708
7.0	0.1893	-0.5708
7.0	0.2209	-0.5708
7.0	0.1739	-0.5708
7.0	0.2006	-0.5708
6.0	0.2214	-0.5708
7.0	0.2097	-0.5708
7.0	0.2201	-0.5708
6.0	0.2133	-0.5708
6.0	0.2368	-0.5795
7.0	0.2194	-0.5795
6.0	0.1753	-0.5795
8.0	0.1883	-0.5795
4.0	0.1706	-0.5795
6.0	0.1799	-0.5795
7.0	0.1859	-0.5795
7.0	0.1792	-0.5795
8.0	0.1891	-0.5795
7.0	0.2072	-0.5795
6.0	0.1781	-0.5795
7.0	0.1867	-0.5795
8.0	0.1988	-0.5795
7.0	0.2113	-0.5795
4.0	0.1556	-0.5795
7.0	0.1715	-0.5795
3.0	0.1518	-0.5795
6.0	0.1653	-0.5795
8.0	0.1757	-0.5795
7.0	0.2132	-0.5795
7.0	0.1898	-0.5795
7.0	0.221	-0.5795
6.0	0.1709	-0.5795
7.0	0.1742	-0.5795
8.0	0.1803	-0.5795
9.0	0.188	-0.5795
8.0	0.2023	-0.5795
7.0	0.2085	-0.5795
6.0	0.2181	-0.5795
8.0	0.2044	-0.5795
6.0	0.177	-0.5795
8.0	0.1933	-0.6867
9.0	0.2016	-0.6867
9.0	0.1939	-0.6867
8.0	0.1821	-0.6867
6.0	0.2385	-0.6867
8.0	0.2094	-0.6867
8.0	0.2193	-0.6867
7.0	0.1736	-0.6867
8.0	0.208	-0.6867
9.0	0.1786	-0.6867
8.0	0.1951	-0.6867
10.0	0.2026	-0.6867
10.0	0.1853	-0.6867
7.0	0.1632	-0.6867
10.0	0.1765	-0.6867
8.0	0.2026	-0.6867
3.0	0.1463	-0.6867
8.0	0.1807	-0.6867
9.0	0.1885	-0.6867
8.0	0.206	-0.6867
6.0	0.1618	-0.6867
8.0	0.1704	-0.6867
9.0	0.1754	-0.6867
8.0	0.1783	-0.6867
10.0	0.1946	-0.6867
8.0	0.2049	-0.6867
8.0	0.2255	-0.6867
8.0	0.1891	-0.6867
7.0	0.186	-0.6867
9.0	0.201	-0.6867
7.0	0.1875	-0.6912
8.0	0.1982	-0.6912
9.0	0.1886	-0.6912
7.0	0.2202	-0.6912
8.0	0.1852	-0.6912
9.0	0.1959	-0.6912
5.0	0.1659	-0.6912
7.0	0.1767	-0.6912
8.0	0.1836	-0.6912
7.0	0.1718	-0.6912
8.0	0.1776	-0.6912
5.0	0.1632	-0.6912
8.0	0.1967	-0.6912
7.0	0.2184	-0.6912
8.0	0.1894	-0.6912
9.0	0.2022	-0.6912
7.0	0.1799	-0.6912
8.0	0.2136	-0.6912
7.0	0.2129	-0.6932
9.0	0.1929	-0.6932
8.0	0.1786	-0.6932
9.0	0.1867	-0.6932
8.0	0.1789	-0.6932
8.0	0.2213	-0.6932
9.0	0.1909	-0.6932
6.0	0.1647	-0.6932
5.0	0.1585	-0.6932
8.0	0.1989	-0.6932
9.0	0.2068	-0.6932
8.0	0.1968	-0.6932
9.0	0.2153	-0.6932
8.0	0.1813	-0.6932
5.0	0.1717	-0.6932
7.0	0.1809	-0.6932
8.0	0.1869	-0.6932
8.0	0.217	-0.6932
9.0	0.213	-0.6932
8.0	0.2284	-0.6932
8.0	0.1976	-0.6932
1.0	0.142	-0.6936
3.0	0.1499	-0.6936
5.0	0.1571	-0.6936
8.0	0.1863	-0.6936
4.0	0.1515	-0.6936
7.0	0.1653	-0.6936
8.0	0.194	-0.6936
8.0	0.1835	-0.6936
9.0	0.1937	-0.6936
8.0	0.1908	-0.6936
8.0	0.1721	-0.6936
7.0	0.2324	-0.6936
9.0	0.1993	-0.6936
8.0	0.2143	-0.6936
2.0	0.1501	-0.6936
6.0	0.1615	-0.6936
8.0	0.1704	-0.6936
8.0	0.2175	-0.6936
7.0	0.2166	-0.6936
8.0	0.207	-0.6936
7.0	0.2172	-0.6936
8.0	0.2195	-0.6936
6.0	0.1741	-0.6949
8.0	0.1862	-0.6949
8.0	0.2139	-0.6949
9.0	0.184	-0.6949
2.0	0.1446	-0.6949
6.0	0.1599	-0.6949
10.0	0.1767	-0.6949
8.0	0.1871	-0.6949
3.0	0.1547	-0.6949
7.0	0.1695	-0.6949
9.0	0.2118	-0.6949
9.0	0.2085	-0.6949
9.0	0.2062	-0.6949
8.0	0.1792	-0.6949
10.0	0.1975	-0.6949
8.0	0.189	-0.6949
9.0	0.2033	-0.6949
3.0	0.1514	-0.6949
4.0	0.1555	-0.6949
5.0	0.1596	-0.6949
8.0	0.1812	-0.6949
6.0	0.1682	-0.6949
10.0	0.1907	-0.6949
7.0	0.2269	-0.6949
6.0	0.2432	-0.6949
7.0	0.1726	-0.6949
7.0	0.2239	-0.6949
8.0	0.1755	-0.6949
8.0	0.2071	-0.6949
8.0	0.2153	-0.6949
8.0	0.2007	-0.6949
10.0	0.1855	-0.6984
7.0	0.1706	-0.6984
8.0	0.1759	-0.6984
9.0	0.1822	-0.6984
8.0	0.2013	-0.6984
8.0	0.2212	-0.6984
8.0	0.2217	-0.6984
1.0	0.1364	-0.6984
9.0	0.1723	-0.6984
7.0	0.1738	-0.6984
8.0	0.1806	-0.6984
8.0	0.1877	-0.6984
9.0	0.1996	-0.6984
8.0	0.2121	-0.6984
8.0	0.1864	-0.6984
9.0	0.1965	-0.6984
9.0	0.1916	-0.6984
10.0	0.2068	-0.6984
6.0	0.1652	-0.6984
9.0	0.2133	-0.6984
9.0	0.2113	-0.6984
8.0	0.2025	-0.6984
9.0	0.2047	-0.6984
8.0	0.2113	-0.6984
9.0	0.1819	-0.6984
3.0	0.1514	-0.6984
8.0	0.1756	-0.6984
8.0	0.1999	-0.6984
8.0	0.191	-0.6984
8.0	0.2095	-0.6984
9.0	0.2079	-0.6986
8.0	0.1804	-0.6986
8.0	0.2161	-0.6986
8.0	0.1927	-0.6986
7.0	0.1728	-0.6986
8.0	0.1801	-0.6986
8.0	0.1745	-0.6986
6.0	0.1688	-0.6986
8.0	0.1786	-0.6986
8.0	0.1704	-0.6986
8.0	0.1712	-0.6986
11.0	0.1912	-0.6986
9.0	0.1886	-0.6986
8.0	0.1768	-0.6986
8.0	0.2049	-0.6986
4.0	0.1579	-0.6986
10.0	0.1857	-0.6986
8.0	0.2259	-0.6986
8.0	0.2028	-0.6986
8.0	0.2102	-0.6986
8.0	0.191	-0.6986
8.0	0.2193	-0.6986
8.0	0.2049	-0.6986
7.0	0.2226	-0.6986
7.0	0.2295	-0.6986
8.0	0.1994	-0.7096
7.0	0.2272	-0.7096
7.0	0.224	-0.7096
9.0	0.1829	-0.7096
8.0	0.2165	-0.7096
8.0	0.1791	-0.7096
9.0	0.1875	-0.7096
9.0	0.1876	-0.7096
10.0	0.1914	-0.7096
9.0	0.206	-0.7096
7.0	0.221	-0.7096
8.0	0.2097	-0.7096
7.0	0.1986	-0.7096
8.0	0.2024	-0.7096
8.0	0.2176	-0.7096
7.0	0.1987	-0.7096
8.0	0.2163	-0.7096
8.0	0.2059	-0.7135
8.0	0.2089	-0.7135
9.0	0.2027	-0.7135
8.0	0.2081	-0.7135
8.0	0.2029	-0.7135
7.0	0.2249	-0.7135
8.0	0.2131	-0.7135
8.0	0.2112	-0.7135
6.0	0.2442	-0.7135
9.0	0.1921	-0.7135
8.0	0.1979	-0.7135
8.0	0.226	-0.7135
8.0	0.1998	-0.7135
7.0	0.224	-0.7135
8.0	0.2095	-0.7244
8.0	0.1939	-0.7244
7.0	0.2021	-0.7244
6.0	0.1658	-0.7244
8.0	0.1862	-0.7244
8.0	0.202	-0.7244
8.0	0.1865	-0.7244
7.0	0.1744	-0.7244
10.0	0.1986	-0.7244
7.0	0.2222	-0.7244
9.0	0.1922	-0.7244
10.0	0.2061	-0.7244
9.0	0.2115	-0.7244
8.0	0.2105	-0.7244
6.0	0.2386	-0.7244
7.0	0.2234	-0.7244
9.0	0.2068	-0.824
10.0	0.2087	-0.824
9.0	0.19	-0.824
10.0	0.2011	-0.824
9.0	0.2103	-0.824
9.0	0.1875	-0.824
9.0	0.2037	-0.824
9.0	0.2153	-0.824
9.0	0.2107	-0.824
11.0	0.195	-0.824
5.0	0.1556	-0.824
6.0	0.1594	-0.824
8.0	0.1673	-0.824
6.0	0.165	-0.824
9.0	0.2137	-0.824
8.0	0.2225	-0.824
10.0	0.1994	-0.824
9.0	0.2255	-0.824
9.0	0.2027	-0.824
9.0	0.2063	-0.824
8.0	0.2031	-0.824
9.0	0.2019	-0.824
8.0	0.1974	-0.824
9.0	0.2176	-0.824
8.0	0.2282	-0.824
8.0	0.1812	-0.8294
9.0	0.2169	-0.8294
9.0	0.2233	-0.8294
9.0	0.2014	-0.8294
8.0	0.1737	-0.8294
9.0	0.18	-0.8294
10.0	0.1937	-0.8294
7.0	0.2305	-0.8294
8.0	0.1878	-0.8294
9.0	0.1988	-0.8294
9.0	0.2106	-0.8294
10.0	0.2071	-0.8318
9.0	0.2082	-0.8318
10.0	0.1979	-0.8318
9.0	0.1838	-0.8318
8.0	0.2284	-0.8318
9.0	0.2158	-0.8318
3.0	0.1526	-0.8318
8.0	0.1676	-0.8318
10.0	0.1747	-0.8318
8.0	0.2263	-0.8318
10.0	0.1964	-0.8318
9.0	0.2157	-0.8318
7.0	0.2391	-0.8323
11.0	0.1914	-0.8323
9.0	0.2132	-0.8323
10.0	0.2099	-0.8323
9.0	0.2054	-0.8323
9.0	0.1821	-0.8323
7.0	0.1646	-0.8323
7.0	0.1658	-0.8323
9.0	0.2126	-0.8323
9.0	0.2053	-0.8323
8.0	0.2168	-0.8323
9.0	0.2013	-0.8323
7.0	0.2365	-0.8323
10.0	0.2086	-0.8339
9.0	0.2	-0.8339
8.0	0.178	-0.8339
10.0	0.1916	-0.8339
9.0	0.2011	-0.8339
9.0	0.2082	-0.8339
9.0	0.1719	-0.8339
11.0	0.1824	-0.8339
8.0	0.2258	-0.8339
9.0	0.1958	-0.8339
10.0	0.2095	-0.8339
9.0	0.1773	-0.8339
9.0	0.1947	-0.8339
10.0	0.2111	-0.8339
10.0	0.1847	-0.8339
8.0	0.2039	-0.8339
8.0	0.2321	-0.8339
9.0	0.2126	-0.8339
9.0	0.1902	-0.8339
6.0	0.1637	-0.8339
8.0	0.1729	-0.8339
9.0	0.1889	-0.8339
8.0	0.2216	-0.8339
9.0	0.1816	-0.8339
10.0	0.1893	-0.8339
8.0	0.2256	-0.8339
9.0	0.2045	-0.8339
9.0	0.2169	-0.8381
9.0	0.1786	-0.8381
10.0	0.1902	-0.8381
9.0	0.1892	-0.8381
10.0	0.2016	-0.8381
9.0	0.2179	-0.8381
9.0	0.2107	-0.8381
9.0	0.1851	-0.8381
10.0	0.1962	-0.8381
8.0	0.2326	-0.8381
10.0	0.2102	-0.8381
10.0	0.2133	-0.8381
7.0	0.2431	-0.8381
7.0	0.1704	-0.8381
10.0	0.1883	-0.8381
8.0	0.2184	-0.8381
8.0	0.2248	-0.8381
10.0	0.1998	-0.8381
7.0	0.2298	-0.8381
8.0	0.2116	-0.8381
7.0	0.2433	-0.8381
8.0	0.2255	-0.8381
9.0	0.1891	-0.8383
10.0	0.2015	-0.8383
9.0	0.2121	-0.8383
9.0	0.1893	-0.8383
10.0	0.189	-0.8383
8.0	0.2208	-0.8383
8.0	0.223	-0.8383
7.0	0.1734	-0.8383
10.0	0.1932	-0.8383
7.0	0.1654	-0.8383
9.0	0.1761	-0.8383
10.0	0.1828	-0.8383
9.0	0.1766	-0.8383
10.0	0.1942	-0.8383
9.0	0.1794	-0.8383
9.0	0.1939	-0.8383
8.0	0.2277	-0.8383
9.0	0.2034	-0.8383
9.0	0.213	-0.8383
8.0	0.1981	-0.8383
9.0	0.2196	-0.8383
9.0	0.2259	-0.8515
8.0	0.2208	-0.8515
8.0	0.2248	-0.8515
8.0	0.2049	-0.8515
10.0	0.1993	-0.8515
10.0	0.1976	-0.8515
9.0	0.1991	-0.8515
8.0	0.2275	-0.8515
8.0	0.2239	-0.8515
8.0	0.2198	-0.8562
9.0	0.1907	-0.8562
10.0	0.2049	-0.8562
8.0	0.2325	-0.8562
10.0	0.2066	-0.8562
9.0	0.2198	-0.8562
8.0	0.2225	-0.8562
9.0	0.1983	-0.8693
9.0	0.2057	-0.8693
9.0	0.2039	-0.8693
8.0	0.2273	-0.8693
8.0	0.178	-0.8693
9.0	0.1859	-0.8693
9.0	0.1822	-0.8693
10.0	0.1904	-0.8693
9.0	0.1968	-0.8693
10.0	0.2147	-0.8693
9.0	0.1986	-0.8693
8.0	0.1812	-0.8693
9.0	0.2217	-0.9613
8.0	0.1913	-0.9613
10.0	0.1862	-0.9613
11.0	0.1966	-0.9613
11.0	0.2004	-0.9613
9.0	0.2304	-0.9613
1.0	0.1391	-0.9613
7.0	0.1586	-0.9613
9.0	0.2036	-0.9613
9.0	0.2218	-0.9613
9.0	0.23	-0.9613
9.0	0.2286	-0.9613
10.0	0.2192	-0.9613
10.0	0.2019	-0.9676
10.0	0.2007	-0.9676
8.0	0.2338	-0.9676
10.0	0.1878	-0.9676
9.0	0.1925	-0.9676
10.0	0.2075	-0.9676
10.0	0.1929	-0.9676
11.0	0.2057	-0.9676
9.0	0.2138	-0.9676
10.0	0.2183	-0.9676
10.0	0.1966	-0.9704
11.0	0.2135	-0.9704
10.0	0.1919	-0.9704
10.0	0.2059	-0.9704
9.0	0.1829	-0.9704
10.0	0.1919	-0.9704
4.0	0.1556	-0.9704
7.0	0.1645	-0.9704
9.0	0.2256	-0.9704
9.0	0.1948	-0.9704
9.0	0.2264	-0.9704
10.0	0.2046	-0.9704
6.0	0.1607	-0.971
8.0	0.1683	-0.971
9.0	0.1726	-0.971
10.0	0.1773	-0.971
9.0	0.1968	-0.971
10.0	0.2144	-0.971
9.0	0.176	-0.971
10.0	0.1828	-0.971
10.0	0.182	-0.971
10.0	0.1906	-0.971
5.0	0.1588	-0.971
11.0	0.1786	-0.971
9.0	0.2262	-0.971
9.0	0.1756	-0.971
11.0	0.1892	-0.971
12.0	0.1997	-0.971
8.0	0.235	-0.9728
8.0	0.1676	-0.9728
11.0	0.194	-0.9728
9.0	0.1788	-0.9728
8.0	0.2371	-0.9728
9.0	0.2178	-0.9728
10.0	0.2034	-0.9728
9.0	0.1784	-0.9728
11.0	0.1935	-0.9728
9.0	0.1833	-0.9728
11.0	0.211	-0.9728
9.0	0.2258	-0.9728
8.0	0.2279	-0.9728
11.0	0.2016	-0.9778
9.0	0.227	-0.9778
11.0	0.2108	-0.9778
6.0	0.1587	-0.9778
7.0	0.163	-0.9778
11.0	0.1845	-0.9778
9.0	0.2291	-0.9778
9.0	0.2171	-0.9778
10.0	0.1922	-0.9778
9.0	0.222	-0.9778
9.0	0.1822	-0.9778
9.0	0.2252	-0.9778
10.0	0.2026	-0.9781
7.0	0.169	-0.9781
11.0	0.2004	-0.9781
10.0	0.183	-0.9781
9.0	0.1843	-0.9781
11.0	0.2101	-0.9781
8.0	0.1742	-0.9781
11.0	0.1939	-0.9781
10.0	0.2106	-0.9781
8.0	0.2394	-0.9781
10.0	0.2122	-0.9934
10.0	0.192	-0.9934
10.0	0.214	-0.9934
11.0	0.2143	-0.9934
8.0	0.236	-0.9934
11.0	0.2043	-0.9934
10.0	0.2209	-0.9934
9.0	0.229	-0.9934
9.0	0.2353	-0.9989
9.0	0.2227	-0.9989
10.0	0.2153	-1.0141
9.0	0.2216	-1.0141
10.0	0.1967	-1.0141
9.0	0.2268	-1.0141
9.0	0.1897	-1.0141
10.0	0.202	-1.0141
9.0	0.2317	-1.0141
8.0	0.2471	-1.0141
10.0	0.2305	-1.0986
11.0	0.2164	-1.0986
9.0	0.2478	-1.0986
12.0	0.2139	-1.0986
12.0	0.2106	-1.0986
9.0	0.1717	-1.0986
2.0	0.1428	-1.0986
5.0	0.1526	-1.0986
8.0	0.1616	-1.0986
12.0	0.175	-1.0986
10.0	0.1811	-1.0986
11.0	0.1883	-1.0986
10.0	0.2295	-1.0986
11.0	0.2093	-1.0986
10.0	0.2288	-1.0986
10.0	0.2261	-1.1059
11.0	0.1985	-1.1059
10.0	0.2137	-1.1059
10.0	0.2059	-1.1059
11.0	0.2077	-1.1059
10.0	0.2297	-1.1059
11.0	0.2176	-1.109
11.0	0.2037	-1.109
11.0	0.2055	-1.109
6.0	0.1615	-1.109
9.0	0.171	-1.109
11.0	0.1789	-1.109
11.0	0.2102	-1.109
10.0	0.2068	-1.109
10.0	0.2159	-1.109
11.0	0.183	-1.1097
9.0	0.2387	-1.1097
12.0	0.1975	-1.1097
10.0	0.2169	-1.1097
11.0	0.2032	-1.1097
10.0	0.2221	-1.1097
9.0	0.1709	-1.1097
14.0	0.1975	-1.1097
10.0	0.2362	-1.1097
10.0	0.226	-1.1097
10.0	0.2251	-1.1118
11.0	0.2026	-1.1118
11.0	0.1923	-1.1118
9.0	0.244	-1.1118
10.0	0.1997	-1.1118
11.0	0.2193	-1.1118
11.0	0.2011	-1.1118
9.0	0.2451	-1.1118
10.0	0.2345	-1.1118
11.0	0.1947	-1.1175
8.0	0.1674	-1.1175
10.0	0.2223	-1.1175
11.0	0.2152	-1.1175
11.0	0.2058	-1.1175
9.0	0.2459	-1.1175
11.0	0.1969	-1.1175
10.0	0.1906	-1.1175
11.0	0.2028	-1.1175
10.0	0.2349	-1.1175
11.0	0.2056	-1.1178
11.0	0.1914	-1.1178
12.0	0.2041	-1.1178
10.0	0.2	-1.1178
9.0	0.2341	-1.1178
9.0	0.2401	-1.1178
9.0	0.2362	-1.1178
9.0	0.2388	-1.1178
11.0	0.2058	-1.1353
9.0	0.2453	-1.1353
11.0	0.2215	-1.1353
11.0	0.2151	-1.159
11.0	0.2023	-1.159
10.0	0.2211	-1.159
11.0	0.217	-1.159
10.0	0.2474	-1.236
11.0	0.2219	-1.236
10.0	0.2306	-1.236
11.0	0.2292	-1.236
11.0	0.1823	-1.236
12.0	0.1895	-1.236
11.0	0.219	-1.236
12.0	0.1981	-1.236
10.0	0.2357	-1.236
10.0	0.2435	-1.236
11.0	0.2266	-1.2441
11.0	0.2244	-1.2441
12.0	0.2175	-1.2441
11.0	0.2349	-1.2477
11.0	0.2295	-1.2477
12.0	0.1901	-1.2484
13.0	0.2	-1.2484
12.0	0.2042	-1.2484
12.0	0.1834	-1.2484
10.0	0.2334	-1.2508
12.0	0.1895	-1.2508
13.0	0.1994	-1.2508
12.0	0.209	-1.2508
12.0	0.2033	-1.2508
11.0	0.2156	-1.2508
10.0	0.2425	-1.2508
11.0	0.2337	-1.2508
10.0	0.1849	-1.2508
12.0	0.2066	-1.2508
12.0	0.2203	-1.2508
12.0	0.2199	-1.2508
12.0	0.2092	-1.2572
12.0	0.1932	-1.2572
11.0	0.2271	-1.2572
12.0	0.2106	-1.2572
11.0	0.2192	-1.2572
11.0	0.2268	-1.2575
11.0	0.2331	-1.2575
12.0	0.2218	-1.2575
11.0	0.2214	-1.2575
10.0	0.2301	-1.2575
10.0	0.2401	-1.2843
10.0	0.232	-1.3039
11.0	0.2273	-1.3039
13.0	0.1996	-1.3733
14.0	0.2171	-1.3733
12.0	0.2209	-1.3733
6.0	0.1556	-1.3733
9.0	0.1646	-1.3733
10.0	0.1678	-1.3733
11.0	0.1713	-1.3733
14.0	0.1845	-1.3733
11.0	0.2418	-1.3824
12.0	0.2285	-1.3863
12.0	0.184	-1.3863
13.0	0.1903	-1.3863
14.0	0.1989	-1.3863
13.0	0.2121	-1.3871
12.0	0.2303	-1.3871
13.0	0.1894	-1.3871
13.0	0.2187	-1.3871
12.0	0.2238	-1.3898
12.0	0.2238	-1.3968
13.0	0.2063	-1.3968
12.0	0.2281	-1.3968
12.0	0.2031	-1.3972
12.0	0.2064	-1.3972
12.0	0.2264	-1.4488
13.0	0.2147	-1.5106
12.0	0.2362	-1.5206
12.0	0.2425	-1.5249
15.0	0.2132	-1.5249
15.0	0.2104	-1.5259
14.0	0.2165	-1.5288
13.0	0.2249	-1.5288
12.0	0.2433	-1.5365
12.0	0.2343	-1.5369
13.0	0.2329	-1.5369
13.0	0.2277	-1.5369
12.0	0.2471	-1.5611
12.0	0.2343	-1.5611
13.0	0.1794	-1.648
14.0	0.2175	-1.6646
13.0	0.2333	-1.6646
13.0	0.2409	-1.6677
13.0	0.2366	-1.6767
15.0	0.1911	-1.7853
16.0	0.2003	-1.7853
14.0	0.2409	-1.8159
17.0	0.216	-1.9226
