# DAUGHTER VS RLS BY REJUVENATION
# original file "wt_unlimCap_noRe_3gen_perturbed.txt" 
# genT	cycleGrowth	rejuvenation
1.5266	1.5943	1.5288
1.4884	1.5928	1.2441
1.5196	1.5956	1.2441
1.5593	1.5938	1.2441
1.4854	1.5945	1.236
1.4656	1.5954	1.1416
1.5484	1.5977	1.1416
1.5486	1.6037	1.1416
1.5522	1.5993	1.1416
1.539	1.5923	1.1178
1.6126	1.6057	1.1178
1.5289	1.5912	1.0986
1.5824	1.6044	1.0986
1.4947	1.5944	1.0141
1.5173	1.6005	1.0141
1.5065	1.6015	0.9989
1.5286	1.5965	0.9934
1.5536	1.6078	0.9781
1.5889	1.6054	0.9781
1.567	1.5967	0.9781
1.6072	1.6027	0.9781
1.655	1.606	0.9728
1.5144	1.5994	0.9728
1.5222	1.5986	0.971
1.5567	1.5939	0.971
1.5725	1.5953	0.9704
1.5269	1.5943	0.9613
1.6566	1.6044	0.9613
1.4902	1.595	0.8693
1.5918	1.6017	0.8562
1.5197	1.5996	0.8562
1.6357	1.6107	0.8515
1.5418	1.6034	0.8515
1.5413	1.6033	0.8515
1.5364	1.6007	0.8515
1.5553	1.5999	0.8515
1.5909	1.6061	0.8383
1.5006	1.6033	0.8383
1.5122	1.6024	0.8383
1.5759	1.6047	0.8383
1.5001	1.5971	0.8383
1.5687	1.6028	0.8383
1.6324	1.6089	0.8383
1.5398	1.6018	0.8383
1.5587	1.6027	0.8383
1.5252	1.6046	0.8381
1.5729	1.602	0.8381
1.5357	1.6029	0.8339
1.5374	1.6033	0.8339
1.6761	1.6089	0.8339
1.5322	1.601	0.8339
1.5502	1.5957	0.8339
1.5289	1.6007	0.8339
1.7643	1.6182	0.8339
1.5806	1.6088	0.8323
1.5571	1.6026	0.8323
1.6604	1.6093	0.8323
1.5743	1.6072	0.8318
1.5525	1.6071	0.8318
1.5968	1.608	0.8318
1.5491	1.6028	0.8294
1.6066	1.612	0.8294
1.4924	1.5938	0.824
1.5196	1.6004	0.824
1.6121	1.6049	0.824
1.5434	1.6045	0.824
1.5896	1.5976	0.824
1.5689	1.6044	0.824
1.7423	1.6114	0.7244
1.5436	1.6051	0.7244
1.6244	1.6066	0.7244
1.5354	1.6047	0.7244
1.5883	1.609	0.7244
1.7291	1.6219	0.7244
1.5685	1.6059	0.7244
1.5936	1.6057	0.7244
1.5325	1.5995	0.7244
1.5179	1.6024	0.7135
1.5395	1.6038	0.7135
1.5986	1.6097	0.7135
1.6894	1.6172	0.7135
1.5892	1.6119	0.7135
1.5804	1.6007	0.7135
1.597	1.6073	0.7135
1.579	1.6113	0.7096
1.6258	1.609	0.7096
1.5773	1.603	0.7096
1.5165	1.5965	0.7096
1.5514	1.6092	0.6986
1.5495	1.6058	0.6986
1.6954	1.6188	0.6986
1.5577	1.6111	0.6986
1.497	1.6021	0.6986
1.6219	1.6135	0.6986
1.5554	1.612	0.6984
1.5792	1.6126	0.6984
1.6369	1.609	0.6984
1.6085	1.6149	0.6984
1.4691	1.5952	0.6984
1.6071	1.6051	0.6984
1.5928	1.6056	0.6984
1.5673	1.6014	0.6949
1.5513	1.604	0.6949
1.4978	1.601	0.6949
1.558	1.6067	0.6949
1.632	1.6107	0.6949
1.5612	1.6036	0.6949
1.609	1.6101	0.6949
1.5784	1.611	0.6949
1.7295	1.6148	0.6949
1.6043	1.6087	0.6949
1.6457	1.6089	0.6949
1.6384	1.6127	0.6949
1.5138	1.5923	0.6936
1.4955	1.6021	0.6936
1.6048	1.6102	0.6936
1.5695	1.5995	0.6936
1.6154	1.6005	0.6936
1.7524	1.6229	0.6936
1.5512	1.6048	0.6936
1.6493	1.6144	0.6936
1.5528	1.6013	0.6936
1.5696	1.6077	0.6936
1.5897	1.6062	0.6936
1.6804	1.6212	0.6936
1.5732	1.6033	0.6936
1.5193	1.5935	0.6932
1.6254	1.6062	0.6932
1.551	1.6051	0.6932
1.6362	1.6079	0.6932
1.5633	1.6026	0.6932
1.5693	1.6053	0.6932
1.5822	1.6102	0.6912
1.5312	1.605	0.6912
1.5877	1.605	0.6912
1.5488	1.603	0.6912
1.6252	1.6087	0.6912
1.6154	1.6038	0.6912
1.572	1.5999	0.6912
1.5312	1.602	0.6867
1.6247	1.6024	0.6867
1.6823	1.6138	0.6867
1.7643	1.6147	0.6867
1.5922	1.6034	0.5795
1.6687	1.6082	0.5795
1.5645	1.6073	0.5795
1.6076	1.6087	0.5795
1.5949	1.6151	0.5795
1.5661	1.6063	0.5795
1.4814	1.598	0.5795
1.6032	1.6126	0.5795
1.555	1.6078	0.5795
1.5541	1.6037	0.5795
1.54	1.6031	0.5795
1.6063	1.6057	0.5795
1.5162	1.5987	0.5708
1.5656	1.6016	0.5708
1.5506	1.6069	0.5708
1.6206	1.6118	0.5708
1.6013	1.6125	0.5708
1.6378	1.6093	0.5708
1.543	1.6006	0.5708
1.6191	1.6107	0.5708
1.6407	1.6173	0.5708
1.6193	1.6125	0.5708
1.5532	1.6104	0.5677
1.5571	1.6028	0.5677
1.6519	1.6157	0.5677
1.6208	1.6077	0.5677
1.4646	1.5997	0.5677
1.5395	1.6056	0.5677
1.7825	1.6274	0.5677
1.5986	1.6116	0.5677
1.7397	1.6165	0.5677
1.5865	1.615	0.5677
1.5748	1.603	0.5677
1.5155	1.6036	0.5677
1.6031	1.6159	0.5677
1.5695	1.6069	0.5677
1.6981	1.6199	0.5677
1.6415	1.6101	0.5677
1.517	1.6053	0.5589
1.5177	1.6023	0.5589
1.6102	1.6193	0.5589
1.5643	1.6081	0.5589
1.611	1.6064	0.5589
1.5785	1.6124	0.5589
1.6344	1.6033	0.5589
1.5088	1.6037	0.5589
1.5617	1.6086	0.5589
1.5732	1.6108	0.5589
1.6128	1.6105	0.5589
1.7035	1.6179	0.5589
1.6805	1.6144	0.5589
1.5542	1.6014	0.5589
1.6372	1.6144	0.5589
1.8025	1.6266	0.5589
1.8968	1.6323	0.5589
1.5473	1.6032	0.5589
1.5665	1.6083	0.5587
1.5264	1.602	0.5587
1.5235	1.6055	0.5587
1.6983	1.6164	0.5587
1.5306	1.6066	0.5587
1.6611	1.6109	0.5587
1.5262	1.5999	0.5587
1.5332	1.6021	0.5587
1.6078	1.6123	0.5587
1.595	1.6016	0.5587
1.601	1.6154	0.5587
1.5484	1.602	0.5587
1.7282	1.6214	0.5587
1.5146	1.599	0.5559
1.4966	1.603	0.5559
1.6869	1.6177	0.5559
1.5534	1.6133	0.5559
1.5972	1.6162	0.5559
1.5426	1.5977	0.5559
1.5299	1.6023	0.5559
1.5447	1.6038	0.5559
1.6055	1.612	0.5559
1.5258	1.6071	0.5559
1.5428	1.6049	0.5559
1.6952	1.6136	0.5559
1.5266	1.6025	0.5549
1.6001	1.6067	0.5549
1.9123	1.64	0.5549
1.4783	1.5995	0.5549
1.5681	1.6059	0.5549
1.6149	1.615	0.5549
1.5544	1.606	0.5549
1.6589	1.6082	0.5549
1.5571	1.6047	0.5549
1.5939	1.6145	0.5549
1.581	1.6027	0.5549
1.5543	1.6059	0.5549
1.5818	1.5973	0.5549
1.5701	1.6044	0.5549
1.585	1.6059	0.5545
1.4752	1.602	0.5545
1.5456	1.6088	0.5545
1.6381	1.6202	0.5545
1.5727	1.606	0.5545
1.6191	1.6087	0.5545
1.5257	1.6086	0.5545
1.5494	1.6043	0.5545
1.6452	1.6171	0.5545
1.5203	1.6064	0.5545
1.6454	1.6053	0.5545
1.5808	1.6103	0.5545
1.5786	1.6064	0.5545
1.6458	1.6107	0.5545
1.6702	1.62	0.5545
1.6023	1.6083	0.5545
1.6468	1.6142	0.5545
1.632	1.6152	0.5529
1.6084	1.6109	0.5529
1.4814	1.602	0.5529
1.5433	1.6009	0.5529
1.6577	1.6161	0.5529
1.5121	1.6007	0.5529
1.6223	1.6101	0.5529
1.6027	1.609	0.5529
1.6435	1.6085	0.5529
1.5128	1.6049	0.5493
1.513	1.5997	0.5493
1.6577	1.6141	0.5493
1.6369	1.6102	0.5493
1.7066	1.6144	0.5493
1.5389	1.6095	0.5493
1.5268	1.6043	0.5493
1.5994	1.6133	0.5493
1.528	1.6044	0.5493
1.5684	1.6107	0.5493
1.5918	1.6098	0.5493
1.5949	1.6093	0.5493
1.6063	1.6055	0.5493
1.5378	1.6075	0.5493
1.5677	1.6048	0.5493
1.6936	1.6247	0.5493
1.5138	1.6041	0.5493
1.5515	1.6076	0.5493
1.5855	1.6086	0.5493
1.6218	1.6101	0.5493
1.8289	1.6357	0.5493
1.6244	1.6163	0.5493
1.5879	1.6064	0.5493
1.5616	1.601	0.5493
1.5876	1.6021	0.5493
1.6487	1.6154	0.5493
1.8121	1.6314	0.5493
1.5344	1.6074	0.4346
1.6096	1.6143	0.4346
1.6234	1.615	0.4346
1.5433	1.605	0.4346
1.6991	1.6222	0.4346
1.5241	1.6042	0.4346
1.5579	1.6038	0.4346
1.5962	1.6092	0.4346
1.5589	1.6069	0.4346
1.652	1.6135	0.4346
1.581	1.6125	0.4346
1.7249	1.6331	0.4346
1.7232	1.6268	0.4346
1.6853	1.6202	0.4346
1.6424	1.621	0.4346
1.6123	1.6111	0.4346
1.6971	1.6174	0.4346
1.5254	1.6054	0.4281
1.6222	1.6137	0.4281
1.775	1.6286	0.4281
1.5982	1.6137	0.4281
1.5113	1.6031	0.4281
1.663	1.6104	0.4281
1.544	1.6111	0.4281
1.528	1.6024	0.4281
1.5372	1.6087	0.4281
1.5586	1.6084	0.4281
1.5749	1.6098	0.4281
1.5962	1.6093	0.4281
1.6394	1.6171	0.4281
1.5483	1.6088	0.4281
1.603	1.614	0.4281
1.5292	1.6024	0.4281
1.6252	1.6161	0.4281
1.6067	1.6079	0.4281
1.6422	1.6178	0.4281
1.6163	1.6033	0.4281
1.7372	1.6274	0.4281
1.6014	1.6171	0.4258
1.5555	1.6084	0.4258
1.5831	1.611	0.4258
1.6417	1.6217	0.4258
1.6894	1.612	0.4258
1.5987	1.6195	0.4258
1.5885	1.6049	0.4258
1.6046	1.6032	0.4258
1.5316	1.5995	0.4258
1.6378	1.6153	0.4258
1.6583	1.6084	0.4258
1.5662	1.6085	0.4258
1.6124	1.6114	0.4258
1.7107	1.6169	0.4258
1.5134	1.6062	0.4258
1.5231	1.6048	0.4258
1.5352	1.6106	0.4258
1.6032	1.6113	0.4258
1.6942	1.6187	0.4258
1.7029	1.6167	0.4258
1.5487	1.6065	0.4258
1.7035	1.6169	0.4258
1.6586	1.6202	0.4258
1.5448	1.6089	0.4258
1.6191	1.6064	0.4258
1.5582	1.6106	0.4258
1.657	1.6209	0.4258
1.7354	1.6275	0.4258
1.6104	1.6089	0.4258
1.5675	1.6078	0.4192
1.535	1.6083	0.4192
1.6032	1.6136	0.4192
1.6864	1.6175	0.4192
1.708	1.6288	0.4192
1.7365	1.6229	0.4192
1.5667	1.6095	0.4192
1.6478	1.6154	0.4192
1.5277	1.6019	0.4192
1.6246	1.6063	0.4192
1.6269	1.6192	0.4192
1.6484	1.6183	0.4192
1.6191	1.6161	0.4192
1.6278	1.6126	0.4192
1.5591	1.6132	0.4192
1.7702	1.634	0.4192
1.6397	1.6068	0.4192
1.7728	1.6203	0.4192
1.5823	1.6125	0.4192
1.7237	1.6253	0.4192
1.6118	1.6193	0.4192
1.5563	1.602	0.4192
1.5419	1.609	0.4192
1.5811	1.6118	0.4192
1.5425	1.6043	0.4192
1.7737	1.6326	0.4192
1.6201	1.6205	0.4192
1.6539	1.6126	0.4192
1.8479	1.6441	0.4192
1.5638	1.6058	0.4192
1.6518	1.6136	0.4192
1.6231	1.6129	0.4192
1.6894	1.6148	0.4192
1.5109	1.6009	0.4191
1.562	1.6055	0.4191
1.599	1.6149	0.4191
1.5495	1.5963	0.4191
1.5742	1.6047	0.4191
1.6295	1.6026	0.4191
1.6482	1.6113	0.4191
1.5301	1.6039	0.4191
1.5737	1.612	0.4191
1.6445	1.6192	0.4191
1.5329	1.6097	0.4191
1.5482	1.6013	0.4191
1.658	1.6175	0.4191
1.7048	1.6176	0.4191
1.5508	1.6078	0.4191
1.5165	1.5994	0.4191
1.5706	1.6052	0.4191
1.6463	1.6201	0.4191
1.5948	1.6114	0.4191
1.7237	1.6275	0.4191
1.5381	1.6053	0.4191
1.5443	1.6025	0.4191
1.5112	1.5986	0.4191
1.6762	1.6204	0.4191
1.7279	1.6161	0.4191
1.5679	1.6102	0.4191
1.5435	1.6074	0.4191
1.5855	1.6053	0.4191
1.5972	1.613	0.4191
1.7249	1.6142	0.4191
1.5703	1.6082	0.4191
1.5332	1.6055	0.4191
1.655	1.6154	0.4191
1.6085	1.6038	0.4191
1.7695	1.6278	0.4191
1.7546	1.6145	0.4191
1.5887	1.6088	0.4191
1.651	1.6165	0.4191
1.6046	1.6067	0.4191
1.7159	1.6303	0.4191
1.6685	1.6163	0.4191
1.5468	1.6057	0.4169
1.6241	1.6126	0.4169
1.6827	1.6154	0.4169
1.6454	1.6141	0.4169
1.5173	1.6055	0.4169
1.5671	1.6031	0.4169
1.5642	1.6135	0.4169
1.5516	1.608	0.4169
1.5809	1.6123	0.4169
1.5769	1.6067	0.4169
1.6095	1.6143	0.4169
1.6148	1.6036	0.4169
1.6481	1.6126	0.4169
1.7733	1.6397	0.4169
1.7759	1.6216	0.4169
1.7376	1.6176	0.4169
1.4898	1.6019	0.4169
1.5263	1.6027	0.4169
1.5543	1.6019	0.4169
1.5407	1.6006	0.4169
1.6557	1.6117	0.4169
1.5957	1.6109	0.4169
1.6151	1.6091	0.4169
1.7021	1.6188	0.4169
1.5561	1.6117	0.4169
1.5557	1.6042	0.4169
1.5049	1.6064	0.4169
1.6007	1.6025	0.4169
1.651	1.6195	0.4169
1.4947	1.5973	0.4169
1.5377	1.6061	0.4169
1.6597	1.6211	0.4169
1.5654	1.6042	0.4169
1.7487	1.6342	0.4169
1.7544	1.6254	0.4169
1.5757	1.6036	0.4169
1.6269	1.6226	0.4169
1.5975	1.6088	0.4169
1.601	1.615	0.4169
1.7335	1.6252	0.4169
1.6139	1.6144	0.4169
1.555	1.6023	0.4169
1.6373	1.6162	0.4169
1.6284	1.6242	0.4169
1.5525	1.6051	0.4169
1.6683	1.6221	0.4169
1.7126	1.6177	0.4169
1.5461	1.6076	0.4169
1.5263	1.6027	0.4169
1.5967	1.6141	0.4169
1.5843	1.607	0.4169
1.6978	1.6223	0.4169
1.7199	1.6178	0.4169
1.7988	1.6386	0.4169
1.5678	1.6067	0.4161
1.6061	1.6123	0.4161
1.5154	1.6033	0.4161
1.5718	1.6072	0.4161
1.5668	1.6102	0.4161
1.5616	1.6053	0.4161
1.586	1.6096	0.4161
1.7065	1.6268	0.4161
1.7459	1.6255	0.4161
1.7111	1.6234	0.4161
1.5275	1.5978	0.4161
1.5569	1.6036	0.4161
1.6658	1.6122	0.4161
1.6752	1.6039	0.4161
1.5609	1.6137	0.4161
1.5419	1.602	0.4161
1.6012	1.6098	0.4161
1.6202	1.6241	0.4161
1.6171	1.6077	0.4161
1.5431	1.6084	0.4161
1.7004	1.6328	0.4161
1.6879	1.6194	0.4161
1.6841	1.619	0.4161
1.6623	1.6231	0.4161
1.7358	1.6198	0.4161
1.6925	1.6092	0.4161
1.5383	1.6035	0.4159
1.5437	1.6082	0.4159
1.5416	1.6045	0.4159
1.5628	1.598	0.4159
1.6547	1.6065	0.4159
1.5598	1.6097	0.4159
1.5766	1.6103	0.4159
1.6076	1.6077	0.4159
1.7027	1.6215	0.4159
1.8818	1.6363	0.4159
1.5153	1.5996	0.4159
1.5528	1.5982	0.4159
1.6317	1.6182	0.4159
1.6745	1.6184	0.4159
1.6043	1.6104	0.4159
1.5688	1.6132	0.4159
1.6369	1.6133	0.4159
1.508	1.6033	0.4159
1.5084	1.6012	0.4159
1.7092	1.6184	0.4159
1.5752	1.6061	0.4159
1.6448	1.6169	0.4159
1.7134	1.6243	0.4159
1.5473	1.6064	0.4159
1.6052	1.6018	0.4159
1.5985	1.6119	0.4159
1.7693	1.63	0.4159
1.8137	1.6222	0.4159
1.5793	1.6109	0.4159
1.6643	1.6165	0.4159
1.5893	1.6076	0.4159
1.9219	1.6561	0.4159
1.6122	1.6085	0.4147
1.5547	1.6082	0.4147
1.6018	1.6093	0.4147
1.6128	1.6149	0.4147
1.5865	1.6075	0.4147
1.5024	1.6026	0.4147
1.552	1.6089	0.4147
1.6138	1.6139	0.4147
1.5971	1.6062	0.4147
1.6392	1.6098	0.4147
1.5864	1.6053	0.4147
1.7397	1.6257	0.4147
1.7857	1.6277	0.4147
1.5439	1.6037	0.4147
1.545	1.6072	0.4147
1.5786	1.6075	0.4147
1.643	1.6186	0.4147
1.5129	1.601	0.4147
1.5143	1.5993	0.4147
1.5796	1.611	0.4147
1.624	1.619	0.4147
1.653	1.6192	0.4147
1.6584	1.6113	0.4147
1.5509	1.6089	0.4147
1.6375	1.6147	0.4147
1.6492	1.6121	0.4147
1.5865	1.6083	0.4147
1.6127	1.613	0.4147
1.7697	1.631	0.4147
1.7686	1.6184	0.4147
1.7945	1.6262	0.4147
1.5895	1.6113	0.412
1.629	1.618	0.412
1.6225	1.6129	0.412
1.6747	1.6176	0.412
1.6629	1.6148	0.412
1.58	1.6127	0.412
1.5374	1.6027	0.412
1.5593	1.6112	0.412
1.5546	1.6042	0.412
1.6511	1.6191	0.412
1.6549	1.6165	0.412
1.8611	1.6349	0.412
1.5718	1.5966	0.412
1.6019	1.6118	0.412
1.6868	1.6189	0.412
1.7592	1.6285	0.412
1.5775	1.6077	0.412
1.5584	1.6011	0.412
1.6407	1.6224	0.412
1.5999	1.6117	0.412
1.5794	1.6076	0.412
1.6617	1.6175	0.412
1.4979	1.5983	0.412
1.5582	1.6106	0.412
1.5751	1.5985	0.412
1.4775	1.5975	0.412
1.542	1.5993	0.412
1.6463	1.6193	0.412
1.5427	1.6026	0.412
1.5755	1.61	0.412
1.6636	1.6209	0.412
1.6155	1.6199	0.412
1.6308	1.6156	0.412
1.5735	1.6145	0.412
1.6195	1.6112	0.412
1.5269	1.5995	0.412
1.7333	1.6237	0.412
1.7857	1.6368	0.412
1.7893	1.6285	0.412
1.5867	1.6117	0.2898
1.5161	1.6105	0.2898
1.6094	1.6148	0.2898
1.566	1.6073	0.2898
1.6521	1.6137	0.2898
1.8383	1.6345	0.2898
1.5248	1.6128	0.2898
1.7165	1.6251	0.2898
1.788	1.6258	0.2898
1.803	1.6377	0.2898
1.4991	1.5999	0.2898
1.5991	1.6068	0.2898
1.7168	1.6294	0.2898
1.7675	1.6283	0.2898
1.5091	1.6009	0.2898
1.5461	1.603	0.2898
1.5329	1.602	0.2898
1.6449	1.6156	0.2898
1.6336	1.6165	0.2898
1.5901	1.6123	0.2898
1.5149	1.6078	0.2898
1.6446	1.6213	0.2898
1.5688	1.6163	0.2898
1.6353	1.619	0.2898
1.6213	1.6189	0.2898
1.6498	1.6102	0.2898
1.8025	1.6279	0.2898
1.5972	1.616	0.2898
1.7726	1.6321	0.2898
1.6027	1.609	0.2898
1.9194	1.6444	0.2898
1.5571	1.6127	0.2854
1.5831	1.6116	0.2854
1.6146	1.6249	0.2854
1.51	1.6063	0.2854
1.5992	1.6145	0.2854
1.6701	1.6251	0.2854
1.6888	1.6209	0.2854
1.5229	1.6097	0.2854
1.5973	1.6181	0.2854
1.8163	1.6236	0.2854
1.6057	1.6238	0.2854
1.5593	1.6128	0.2854
1.6223	1.6123	0.2854
1.5553	1.6129	0.2854
1.5739	1.6102	0.2854
1.5431	1.6013	0.2854
1.5431	1.6066	0.2854
1.6211	1.6214	0.2854
1.6539	1.6134	0.2854
1.6874	1.6167	0.2854
1.5449	1.6137	0.2854
1.6113	1.6101	0.2854
1.6013	1.6177	0.2854
1.6193	1.618	0.2854
1.6309	1.6121	0.2854
1.6466	1.6161	0.2854
1.7392	1.6241	0.2854
1.6733	1.6202	0.2854
1.7932	1.6303	0.2854
1.7036	1.6182	0.2854
1.7777	1.6261	0.2854
1.6112	1.6198	0.2838
1.5276	1.6052	0.2838
1.5584	1.6034	0.2838
1.5574	1.6152	0.2838
1.5427	1.6092	0.2838
1.6197	1.6207	0.2838
1.6409	1.6195	0.2838
1.552	1.609	0.2838
1.6424	1.6106	0.2838
1.5905	1.6086	0.2838
1.6335	1.6131	0.2838
1.7052	1.6159	0.2838
1.5541	1.6074	0.2838
1.5357	1.6091	0.2838
1.6886	1.62	0.2838
1.6071	1.6154	0.2838
1.6133	1.6183	0.2838
1.5976	1.6141	0.2838
1.5891	1.6086	0.2838
1.6602	1.6082	0.2838
1.5899	1.6137	0.2838
1.6243	1.6102	0.2838
1.6684	1.6086	0.2838
1.5977	1.6054	0.2838
1.7318	1.6282	0.2838
1.9165	1.6427	0.2838
1.5481	1.6103	0.2838
1.5327	1.6053	0.2838
1.5897	1.6103	0.2838
1.6168	1.607	0.2838
1.732	1.6364	0.2838
1.6677	1.6102	0.2838
1.6623	1.6094	0.2838
1.6515	1.6156	0.2838
1.6237	1.6192	0.2838
1.6646	1.6233	0.2838
1.5748	1.6116	0.2794
1.6553	1.6207	0.2794
1.7076	1.6181	0.2794
1.6324	1.612	0.2794
1.6166	1.6204	0.2794
1.5672	1.6159	0.2794
1.6036	1.6142	0.2794
1.5106	1.604	0.2794
1.5362	1.605	0.2794
1.5695	1.6038	0.2794
1.5432	1.6085	0.2794
1.6866	1.6177	0.2794
1.6299	1.6098	0.2794
1.8058	1.6366	0.2794
1.6026	1.6169	0.2794
1.6227	1.6154	0.2794
1.6115	1.6027	0.2794
1.7525	1.635	0.2794
1.5973	1.6132	0.2794
1.6054	1.6098	0.2794
1.6797	1.6155	0.2794
1.7268	1.638	0.2794
1.7011	1.6129	0.2794
1.73	1.6322	0.2794
1.659	1.6231	0.2794
1.5569	1.608	0.2794
1.5453	1.6025	0.2794
1.7331	1.6217	0.2794
1.6142	1.6165	0.2794
1.5616	1.6039	0.2794
1.5781	1.6118	0.2794
1.6826	1.6215	0.2794
1.5332	1.6109	0.2794
1.6088	1.6147	0.2794
1.6274	1.612	0.2794
1.7092	1.6165	0.2794
1.6618	1.6166	0.2794
1.8231	1.6421	0.2794
1.5049	1.6045	0.2794
1.5731	1.6113	0.2794
1.5599	1.6062	0.2794
1.5731	1.6113	0.2794
1.6538	1.6102	0.2794
1.6252	1.6143	0.2794
1.6048	1.6127	0.2794
1.6605	1.6145	0.2794
1.6537	1.6226	0.2794
1.7183	1.6275	0.2794
1.7754	1.6288	0.2794
1.7349	1.6301	0.2794
1.5557	1.6092	0.2794
1.6383	1.6156	0.2794
1.6546	1.6148	0.2794
1.5918	1.6059	0.2794
1.5778	1.6058	0.2794
1.5606	1.6081	0.2794
1.5706	1.6034	0.2794
1.5832	1.6117	0.2794
1.638	1.6152	0.2794
1.6241	1.6182	0.2794
1.557	1.6053	0.2794
1.6355	1.6144	0.2794
1.7379	1.6216	0.2794
1.7177	1.6219	0.2794
1.4913	1.6024	0.2794
1.4934	1.6002	0.2794
1.5963	1.6235	0.2794
1.5051	1.6088	0.2794
1.6165	1.6122	0.2794
1.5461	1.6136	0.2794
1.6179	1.6138	0.2794
1.5525	1.6118	0.2794
1.6147	1.6126	0.2794
1.6239	1.6177	0.2794
1.5651	1.6097	0.2794
1.6321	1.6188	0.2794
1.5927	1.6089	0.2794
1.8121	1.6241	0.2794
1.5295	1.6024	0.2794
1.5592	1.6075	0.2794
1.5675	1.5999	0.2794
1.6369	1.622	0.2794
1.6695	1.6167	0.2794
1.722	1.6219	0.2794
1.5919	1.6202	0.2794
1.5897	1.6188	0.2794
1.5578	1.6083	0.2794
1.6197	1.6172	0.2794
1.7492	1.637	0.2794
1.6015	1.6089	0.2794
1.5439	1.6123	0.2794
1.5575	1.6097	0.2794
1.5932	1.6098	0.2794
1.6094	1.6098	0.2794
1.6072	1.6035	0.2794
1.6081	1.6111	0.2794
1.6593	1.6105	0.2794
1.7134	1.6265	0.2794
1.7246	1.6239	0.2794
1.6292	1.6092	0.2794
1.6755	1.615	0.2794
1.5949	1.6128	0.2794
1.694	1.6239	0.2794
1.5613	1.6081	0.2794
1.607	1.6	0.2794
1.6329	1.6163	0.2794
1.627	1.616	0.2794
1.6111	1.6096	0.2794
1.63	1.6134	0.2794
1.6047	1.6164	0.2794
1.7129	1.6178	0.2794
1.7363	1.6196	0.2794
1.582	1.6026	0.278
1.5477	1.6064	0.278
1.5826	1.6153	0.278
1.6789	1.6272	0.278
1.5737	1.6048	0.278
1.6778	1.6273	0.278
1.6314	1.6124	0.278
1.7252	1.6203	0.278
1.6216	1.6202	0.278
1.6304	1.6159	0.278
1.6794	1.6143	0.278
1.532	1.6057	0.278
1.5091	1.6093	0.278
1.5554	1.6088	0.278
1.6734	1.6064	0.278
1.5427	1.5996	0.278
1.5991	1.6106	0.278
1.5623	1.6023	0.278
1.6412	1.6091	0.278
1.5472	1.6085	0.278
1.6705	1.6204	0.278
1.7498	1.6255	0.278
1.7024	1.6081	0.278
1.6007	1.6126	0.278
1.6778	1.6345	0.278
1.6864	1.6079	0.278
1.5921	1.6134	0.278
1.648	1.6148	0.278
1.9712	1.6548	0.278
1.6291	1.607	0.278
1.5292	1.6101	0.278
1.501	1.5977	0.278
1.6074	1.6112	0.278
1.6569	1.6157	0.278
1.583	1.6105	0.278
1.5999	1.6087	0.278
1.6967	1.621	0.278
1.6239	1.6089	0.278
1.7643	1.6358	0.278
1.5839	1.6095	0.278
1.5721	1.6116	0.278
1.6767	1.6137	0.278
1.7282	1.6311	0.278
1.597	1.604	0.278
1.6636	1.6184	0.278
1.5949	1.6038	0.278
1.6643	1.6251	0.278
1.5863	1.609	0.278
1.7139	1.6315	0.278
1.8633	1.6439	0.278
1.6775	1.6217	0.2774
1.5677	1.6099	0.2774
1.6473	1.614	0.2774
1.8129	1.6395	0.2774
1.5679	1.6202	0.2774
1.5757	1.6175	0.2774
1.5573	1.6107	0.2774
1.5436	1.6102	0.2774
1.5516	1.6081	0.2774
1.6253	1.6135	0.2774
1.5366	1.6049	0.2774
1.5938	1.6185	0.2774
1.6608	1.6078	0.2774
1.6776	1.6274	0.2774
1.6585	1.6185	0.2774
1.6297	1.6156	0.2774
1.6534	1.6138	0.2774
1.9354	1.6501	0.2774
1.601	1.6135	0.2774
1.6658	1.6155	0.2774
1.7676	1.6158	0.2774
1.5301	1.6096	0.2774
1.5296	1.6095	0.2774
1.6332	1.62	0.2774
1.6876	1.624	0.2774
1.614	1.6128	0.2774
1.8147	1.6323	0.2774
1.5876	1.6086	0.2774
1.5585	1.6075	0.2774
1.696	1.626	0.2774
1.6061	1.6169	0.2774
1.6689	1.6176	0.2774
1.6564	1.61	0.2774
1.6366	1.6156	0.2774
1.7351	1.6286	0.2774
1.753	1.6229	0.2774
1.7304	1.6192	0.2774
1.5641	1.6077	0.2774
1.6163	1.6126	0.2774
1.5937	1.6096	0.2774
1.6783	1.61	0.2774
1.6923	1.6143	0.2774
1.6361	1.6139	0.2774
1.594	1.6151	0.2773
1.6477	1.6133	0.2773
1.6662	1.6228	0.2773
1.6246	1.61	0.2773
1.5814	1.6084	0.2773
1.6538	1.6111	0.2773
1.7272	1.6226	0.2773
1.5501	1.6146	0.2773
1.5695	1.6084	0.2773
1.5646	1.6143	0.2773
1.5849	1.6128	0.2773
1.5664	1.6109	0.2773
1.6183	1.6128	0.2773
1.6436	1.6168	0.2773
1.6163	1.6052	0.2773
1.6083	1.6117	0.2773
1.6519	1.6182	0.2773
1.5185	1.6095	0.2773
1.5163	1.6058	0.2773
1.5881	1.613	0.2773
1.5347	1.6054	0.2773
1.5553	1.6101	0.2773
1.5907	1.6069	0.2773
1.6699	1.6254	0.2773
1.6593	1.6186	0.2773
1.8313	1.6421	0.2773
1.5861	1.6088	0.2773
1.63	1.6223	0.2773
1.5436	1.6048	0.2773
1.5856	1.613	0.2773
1.6428	1.6275	0.2773
1.5809	1.6132	0.2773
1.5616	1.6123	0.2773
1.5753	1.611	0.2773
1.6397	1.6238	0.2773
1.7184	1.6212	0.2773
1.6426	1.613	0.2773
1.8563	1.6399	0.2773
1.6946	1.6199	0.2773
1.6741	1.6206	0.2773
1.6343	1.6095	0.2773
1.5228	1.6018	0.2765
1.5849	1.6054	0.2765
1.6726	1.6202	0.2765
1.9173	1.6575	0.2765
1.5674	1.6191	0.2765
1.5632	1.6105	0.2765
1.5107	1.6061	0.2765
1.5595	1.6065	0.2765
1.5461	1.6146	0.2765
1.6101	1.6179	0.2765
1.5503	1.6067	0.2765
1.648	1.6171	0.2765
1.6712	1.6084	0.2765
1.5586	1.61	0.2765
1.5483	1.6081	0.2765
1.5574	1.6072	0.2765
1.5367	1.6099	0.2765
1.6314	1.6121	0.2765
1.7034	1.6201	0.2765
1.736	1.6158	0.2765
1.5566	1.596	0.2765
1.5128	1.6046	0.2765
1.6109	1.6181	0.2765
1.6235	1.616	0.2765
1.5483	1.6019	0.2765
1.5704	1.6107	0.2765
1.6319	1.6082	0.2765
1.86	1.6471	0.2765
1.8152	1.6266	0.2765
1.6648	1.62	0.2765
1.7785	1.6326	0.2765
1.5037	1.6034	0.2747
1.55	1.605	0.2747
1.6469	1.6082	0.2747
1.5686	1.6082	0.2747
1.6911	1.6136	0.2747
1.6084	1.6148	0.2747
1.6182	1.6131	0.2747
1.6349	1.6045	0.2747
1.5933	1.6077	0.2747
1.558	1.606	0.2747
1.5472	1.6021	0.2747
1.7354	1.6192	0.2747
1.6712	1.6289	0.2747
1.7027	1.6131	0.2747
1.5931	1.6159	0.2747
1.6355	1.6132	0.2747
1.6563	1.613	0.2747
1.6995	1.6258	0.2747
1.8294	1.6338	0.2747
1.5414	1.6078	0.2747
1.5724	1.6151	0.2747
1.6277	1.6092	0.2747
1.6756	1.6236	0.2747
1.5327	1.6047	0.2747
1.5954	1.6154	0.2747
1.6069	1.6115	0.2747
1.8461	1.6276	0.2747
1.5537	1.6071	0.2747
1.6407	1.6161	0.2747
1.7541	1.6287	0.2747
1.6817	1.6211	0.2747
1.7326	1.6216	0.2747
1.5469	1.6042	0.2747
1.6164	1.6145	0.2747
1.6088	1.6119	0.2747
1.6157	1.6093	0.2747
1.7447	1.6337	0.2747
1.5477	1.6072	0.2747
1.5629	1.6066	0.2747
1.6415	1.6285	0.1449
1.6883	1.6166	0.1449
1.6491	1.6135	0.1449
1.5832	1.6107	0.1449
1.5603	1.6049	0.1449
1.5126	1.6087	0.1449
1.5267	1.6073	0.1449
1.52	1.6085	0.1449
1.5482	1.6063	0.1449
1.7925	1.6276	0.1449
1.5729	1.6179	0.1449
1.6279	1.6228	0.1449
1.5643	1.6087	0.1449
1.6229	1.6062	0.1449
1.7706	1.6216	0.1449
1.5984	1.6135	0.1449
1.5903	1.6084	0.1449
1.6157	1.6198	0.1449
1.7226	1.6237	0.1449
1.7128	1.6119	0.1449
1.8624	1.632	0.1449
1.4988	1.6067	0.1449
1.5206	1.6	0.1449
1.6215	1.6256	0.1449
1.5742	1.6104	0.1449
1.6971	1.6247	0.1449
1.6481	1.626	0.1449
1.6969	1.6183	0.1449
1.7621	1.6315	0.1449
1.8004	1.6242	0.1449
1.5656	1.6123	0.1449
1.5665	1.6139	0.1449
1.5142	1.6069	0.1449
1.6407	1.6201	0.1449
1.6497	1.6151	0.1449
1.5787	1.6114	0.1449
1.6734	1.623	0.1449
1.6731	1.6183	0.1449
1.6586	1.6185	0.1449
1.7453	1.6284	0.1449
1.6715	1.6199	0.1449
1.5916	1.6139	0.1449
1.606	1.6087	0.1449
1.618	1.6136	0.1427
1.6575	1.6217	0.1427
1.6554	1.6216	0.1427
1.6552	1.6166	0.1427
1.6029	1.6198	0.1427
1.6733	1.6215	0.1427
1.7059	1.6206	0.1427
1.7682	1.6271	0.1427
1.9726	1.6576	0.1427
1.6447	1.6128	0.1427
1.6269	1.6162	0.1427
1.6475	1.6164	0.1427
1.6656	1.6093	0.1427
1.578	1.6084	0.1427
1.7196	1.6273	0.1427
1.5784	1.6168	0.1427
1.5358	1.6072	0.1427
1.5551	1.6137	0.1427
1.6161	1.6167	0.1427
1.6439	1.6167	0.1427
1.5759	1.6102	0.1427
1.6606	1.6093	0.1427
1.6896	1.6241	0.1427
1.7539	1.6269	0.1427
1.72	1.6256	0.1427
1.7175	1.6185	0.1427
1.7542	1.6262	0.1427
1.6022	1.6197	0.1427
1.5863	1.611	0.1427
1.5639	1.604	0.1427
1.5421	1.6068	0.1427
1.72	1.633	0.1427
1.7011	1.6204	0.1427
1.879	1.6355	0.1427
1.6559	1.6126	0.1427
1.6573	1.6048	0.1427
1.59	1.6187	0.1427
1.7294	1.6344	0.1427
1.6282	1.6109	0.1427
1.6272	1.6178	0.1427
1.9119	1.6468	0.1427
1.6164	1.6082	0.1427
1.6621	1.6059	0.1427
1.6587	1.6291	0.1427
1.7327	1.6375	0.1427
1.6222	1.6134	0.1427
1.6839	1.6249	0.1427
1.6493	1.6153	0.1419
1.5281	1.6116	0.1419
1.7028	1.6254	0.1419
1.5674	1.6085	0.1419
1.5876	1.6061	0.1419
1.536	1.609	0.1419
1.6763	1.6194	0.1419
1.6768	1.6092	0.1419
1.6196	1.617	0.1419
1.5756	1.6078	0.1419
1.6549	1.6077	0.1419
1.5397	1.607	0.1419
1.6295	1.6156	0.1419
1.7149	1.6367	0.1419
1.7412	1.6205	0.1419
1.6347	1.6201	0.1419
1.9981	1.6667	0.1419
1.5366	1.6055	0.1419
1.6859	1.6148	0.1419
1.682	1.6218	0.1419
1.9744	1.6475	0.1419
1.5312	1.6016	0.1419
1.55	1.6137	0.1419
1.5736	1.6139	0.1419
1.6345	1.62	0.1419
1.6573	1.6291	0.1419
1.6052	1.6164	0.1419
1.6225	1.6084	0.1419
1.6199	1.617	0.1419
1.6194	1.6097	0.1419
1.8248	1.6255	0.1419
1.5958	1.6158	0.1419
1.6142	1.6115	0.1419
1.5976	1.6207	0.1419
1.7792	1.6347	0.1419
1.8931	1.6378	0.1419
1.73	1.6315	0.1419
1.6928	1.6265	0.1419
1.654	1.6107	0.1419
1.6345	1.6064	0.1419
1.6387	1.6192	0.1419
1.5553	1.6054	0.1419
1.7621	1.6315	0.1419
1.6291	1.619	0.1419
1.5998	1.6121	0.1419
1.8318	1.6419	0.1419
1.5455	1.6064	0.1397
1.6056	1.6073	0.1397
1.5509	1.6126	0.1397
1.6819	1.616	0.1397
1.5644	1.6132	0.1397
1.6028	1.6093	0.1397
1.6046	1.6049	0.1397
1.5962	1.6154	0.1397
1.6303	1.618	0.1397
1.7083	1.6175	0.1397
1.737	1.6324	0.1397
1.5235	1.6018	0.1397
1.5638	1.6146	0.1397
1.5567	1.6093	0.1397
1.5911	1.6099	0.1397
1.6508	1.6228	0.1397
1.6721	1.6249	0.1397
1.6873	1.6239	0.1397
1.6315	1.6149	0.1397
1.8485	1.6312	0.1397
1.6402	1.6149	0.1397
1.735	1.6245	0.1397
1.8257	1.6415	0.1397
1.8956	1.6372	0.1397
1.6315	1.6263	0.1397
1.5472	1.609	0.1397
1.498	1.6001	0.1397
1.6028	1.6186	0.1397
1.6665	1.6215	0.1397
1.6463	1.6147	0.1397
1.5268	1.6086	0.1397
1.5452	1.6082	0.1397
1.6034	1.6061	0.1397
1.6039	1.6095	0.1397
1.537	1.6051	0.1397
1.5838	1.6129	0.1397
1.6987	1.6269	0.1397
1.7316	1.6213	0.1397
1.9255	1.6443	0.1397
1.6192	1.6192	0.1397
1.5873	1.6098	0.1397
1.6959	1.6171	0.1397
1.5883	1.6118	0.1397
1.8226	1.635	0.1397
1.888	1.6509	0.1397
1.5897	1.6216	0.1397
1.5534	1.6122	0.1397
1.72	1.6326	0.1397
1.6546	1.6072	0.1397
1.6126	1.6206	0.1397
1.7278	1.62	0.1397
1.8402	1.6305	0.1397
1.6174	1.6247	0.1397
1.6027	1.6137	0.1397
1.6041	1.6091	0.1397
1.6683	1.627	0.1397
1.8142	1.6274	0.1397
1.9203	1.6382	0.1397
1.5636	1.6105	0.1397
1.7991	1.624	0.1397
1.6481	1.6161	0.1397
1.5944	1.6076	0.1397
1.754	1.6147	0.1397
1.7518	1.6277	0.1397
2.0691	1.6698	0.1397
1.5135	1.6079	0.1397
1.6051	1.6194	0.1397
1.592	1.6139	0.1397
1.5902	1.6099	0.1397
1.6863	1.6147	0.1397
1.6197	1.6171	0.1397
1.7419	1.6384	0.1397
1.7436	1.6236	0.1397
1.5795	1.6105	0.1397
1.5461	1.609	0.1397
1.58	1.6031	0.1397
1.5343	1.6073	0.1397
1.556	1.6105	0.1397
1.5669	1.6089	0.1397
1.6258	1.6064	0.1397
1.5582	1.6124	0.1397
1.56	1.6088	0.1397
1.6237	1.6097	0.1397
1.6499	1.6176	0.1397
1.6681	1.6162	0.1397
1.8256	1.6304	0.1397
1.519	1.609	0.1397
1.612	1.6195	0.1397
1.6011	1.6137	0.1397
1.5598	1.6036	0.1397
1.5461	1.6127	0.1397
1.5544	1.6096	0.1397
1.5625	1.6139	0.1397
1.5439	1.6059	0.1397
1.5248	1.6047	0.1397
1.6215	1.6172	0.1397
1.6136	1.6193	0.1397
1.6524	1.6152	0.1397
1.637	1.6064	0.1397
1.6387	1.6181	0.1397
1.6995	1.6233	0.1397
1.6112	1.6149	0.1397
1.6899	1.6175	0.1397
1.6506	1.6151	0.1397
1.7425	1.6317	0.1397
1.4929	1.6047	0.1397
1.5901	1.6103	0.1397
1.5698	1.6039	0.1397
1.6287	1.6229	0.1397
1.5555	1.6118	0.1397
1.6356	1.6178	0.1397
1.6574	1.6148	0.1397
1.6807	1.6269	0.1397
1.7274	1.6207	0.1397
1.6303	1.6173	0.1397
1.7557	1.6329	0.1397
1.7485	1.625	0.1397
1.5989	1.6161	0.1397
1.5894	1.6146	0.1397
1.5452	1.6109	0.1397
1.5915	1.6098	0.1397
1.5923	1.6083	0.1397
1.6567	1.6057	0.1397
1.7735	1.6266	0.1397
1.5556	1.6084	0.1397
1.5523	1.6097	0.1397
1.559	1.6084	0.1397
1.661	1.6255	0.1397
1.5905	1.6124	0.1397
1.6145	1.6087	0.1397
1.7576	1.6219	0.1397
1.5306	1.6131	0.1397
1.5575	1.6093	0.1397
1.6236	1.6224	0.1397
1.5818	1.6119	0.1397
1.5319	1.6102	0.1397
1.5531	1.6124	0.1397
1.6743	1.622	0.1397
1.7348	1.6236	0.1397
1.5836	1.6184	0.1397
1.5799	1.6143	0.1397
1.5337	1.6079	0.1397
1.6235	1.6154	0.1397
1.5769	1.6107	0.1397
1.7731	1.6331	0.1397
1.6255	1.6212	0.1397
1.5509	1.6114	0.1397
1.666	1.6178	0.1397
1.7412	1.6182	0.1397
1.7809	1.6303	0.1397
1.5913	1.6057	0.139
1.536	1.6154	0.139
1.703	1.6203	0.139
1.5295	1.6108	0.139
1.5759	1.6098	0.139
1.5871	1.6094	0.139
1.5169	1.6091	0.139
1.5496	1.6067	0.139
1.6025	1.6106	0.139
1.551	1.6185	0.139
1.7653	1.6353	0.139
1.6468	1.6192	0.139
1.7239	1.6137	0.139
1.5289	1.6076	0.139
1.5648	1.6085	0.139
1.5596	1.6142	0.139
1.5091	1.5996	0.139
1.5178	1.6056	0.139
1.6087	1.617	0.139
1.7662	1.6219	0.139
1.7429	1.6191	0.139
1.561	1.621	0.139
1.6247	1.6168	0.139
1.6458	1.6207	0.139
1.7395	1.64	0.139
1.6987	1.6278	0.139
1.5866	1.608	0.139
1.6086	1.6071	0.139
1.5912	1.5999	0.139
1.5772	1.617	0.139
1.6372	1.616	0.139
1.7925	1.6315	0.139
1.6356	1.613	0.139
1.5023	1.605	0.139
1.6373	1.6217	0.139
1.6277	1.6111	0.139
1.6082	1.6102	0.139
1.6405	1.6117	0.139
1.7027	1.6161	0.139
2.0828	1.6798	0.139
1.5423	1.6076	0.139
1.5671	1.6065	0.139
1.6822	1.6318	0.139
1.6864	1.6156	0.139
1.7979	1.632	0.139
1.6505	1.6146	0.139
1.6443	1.6208	0.139
1.649	1.6281	0.139
1.6519	1.6191	0.139
1.683	1.6191	0.139
1.6721	1.6206	0.139
1.5704	1.6085	0.139
1.8975	1.6492	0.139
1.6137	1.6152	0.139
1.5627	1.6146	0.139
1.5982	1.6149	0.139
1.7576	1.6281	0.139
1.6761	1.6303	0.139
1.627	1.6134	0.139
1.6733	1.6148	0.139
1.6634	1.6209	0.139
1.7988	1.6238	0.139
1.6436	1.6239	0.139
1.6351	1.6189	0.139
2.0213	1.6617	0.139
1.6572	1.6138	0.1387
1.5616	1.6135	0.1387
1.7315	1.6357	0.1387
1.6013	1.6065	0.1387
1.5303	1.612	0.1387
1.5448	1.6166	0.1387
1.6661	1.6285	0.1387
1.5799	1.6176	0.1387
1.6407	1.6181	0.1387
1.6346	1.6174	0.1387
1.7711	1.6334	0.1387
1.7788	1.6262	0.1387
1.4971	1.604	0.1387
1.6202	1.6263	0.1387
1.5723	1.6108	0.1387
1.6355	1.6162	0.1387
1.5068	1.5953	0.1387
1.607	1.6126	0.1387
1.6213	1.614	0.1387
1.819	1.6351	0.1387
1.7159	1.6236	0.1387
1.5535	1.6053	0.1387
1.6174	1.6215	0.1387
1.7006	1.6248	0.1387
1.7608	1.6291	0.1387
1.597	1.6033	0.1387
1.6427	1.6268	0.1387
1.603	1.6149	0.1387
1.7644	1.6325	0.1387
1.7657	1.6199	0.1387
1.6604	1.6101	0.1387
1.6199	1.6096	0.1387
1.5714	1.6104	0.1387
1.5752	1.6078	0.1387
1.8547	1.6475	0.1387
1.6432	1.6109	0.1387
1.7241	1.6316	0.1387
1.8883	1.6326	0.1387
1.8421	1.6477	0.1387
1.5591	1.6143	0.1386
1.5918	1.6111	0.1386
1.5288	1.6139	0.1386
1.6025	1.6213	0.1386
1.552	1.6069	0.1386
1.5959	1.6094	0.1386
1.6103	1.6182	0.1386
1.5986	1.6142	0.1386
1.6128	1.6139	0.1386
1.6604	1.6078	0.1386
1.6667	1.6272	0.1386
1.6846	1.6244	0.1386
1.6753	1.607	0.1386
1.6434	1.6137	0.1386
1.7651	1.6334	0.1386
1.5862	1.6094	0.1386
1.6689	1.6238	0.1386
1.5854	1.6194	0.1386
1.7415	1.6209	0.1386
1.6603	1.6131	0.1386
1.8622	1.6483	0.1386
1.5415	1.6119	0.1386
1.5446	1.6062	0.1386
1.605	1.6149	0.1386
1.6167	1.6211	0.1386
1.8019	1.637	0.1386
1.5997	1.6039	0.1386
1.5798	1.6086	0.1386
1.6174	1.6113	0.1386
2.0015	1.6587	0.1386
1.7127	1.6169	0.1386
1.5906	1.6155	0.1382
1.6996	1.619	0.1382
1.5261	1.6064	0.1382
1.6288	1.609	0.1382
1.7547	1.6286	0.1382
1.9152	1.6391	0.1382
1.5319	1.6117	0.1382
1.5696	1.6052	0.1382
1.5413	1.6091	0.1382
1.6394	1.6071	0.1382
1.5363	1.6091	0.1382
1.5575	1.6163	0.1382
1.6136	1.6152	0.1382
1.6637	1.609	0.1382
1.9293	1.6415	0.1382
1.5212	1.6076	0.1382
1.5099	1.6015	0.1382
1.5093	1.6072	0.1382
1.6395	1.6199	0.1382
1.6303	1.6137	0.1382
1.7455	1.6071	0.1382
1.5961	1.6121	0.1382
1.6947	1.616	0.1382
1.7752	1.6434	0.1382
1.5608	1.601	0.1382
1.5732	1.6181	0.1382
1.6254	1.619	0.1382
1.6272	1.6162	0.1382
1.773	1.6343	0.1382
1.7727	1.6292	0.1382
1.8226	1.6326	0.1382
1.635	1.6114	0.1382
1.548	1.6065	0.1382
1.7008	1.614	0.1382
1.854	1.6278	0.1382
1.5915	1.6181	0.1382
1.6761	1.6309	0.1382
1.6977	1.6213	0.1382
1.7285	1.6163	0.1382
1.8307	1.6299	0.1382
1.5854	1.6055	0.1373
1.5544	1.6052	0.1373
1.5675	1.6153	0.1373
1.5712	1.6082	0.1373
1.597	1.6122	0.1373
1.6841	1.6311	0.1373
2.0952	1.6774	0.1373
1.5714	1.6225	0.1373
1.5281	1.6139	0.1373
1.5395	1.6082	0.1373
1.5727	1.6097	0.1373
1.552	1.6109	0.1373
1.7386	1.6331	0.1373
1.6625	1.6235	0.1373
1.6415	1.6143	0.1373
1.4968	1.6085	0.1373
1.5113	1.6071	0.1373
1.6111	1.6137	0.1373
1.626	1.6189	0.1373
1.6657	1.6116	0.1373
1.6262	1.6159	0.1373
1.6672	1.6076	0.1373
1.6095	1.6196	0.1373
1.7253	1.6225	0.1373
1.5879	1.6104	0.1373
1.6602	1.612	0.1373
1.8906	1.6397	0.1373
1.7143	1.6257	0.1373
1.5404	1.6178	0.1373
1.5315	1.6159	0.1373
1.5519	1.6109	0.1373
1.584	1.6121	0.1373
1.6282	1.6219	0.1373
1.6582	1.6172	0.1373
1.5936	1.6132	0.1373
1.7146	1.6244	0.1373
1.7764	1.6249	0.1373
1.8466	1.6331	0.1373
1.6435	1.6107	0.1373
1.6069	1.6138	0.1373
1.7626	1.6173	0.1373
1.4884	1.6024	0.1373
1.5724	1.6121	0.1373
1.559	1.6048	0.1373
1.6107	1.6066	0.1373
1.7686	1.6382	0.1373
1.7489	1.6205	0.1373
1.9548	1.6542	0.1373
1.5543	1.6071	0.1373
1.6173	1.614	0.1373
1.5161	1.6078	0.1373
1.5361	1.6046	0.1373
1.5846	1.6081	0.1373
1.6383	1.6288	0.1373
1.629	1.6115	0.1373
1.5841	1.6164	0.1373
1.5612	1.6093	0.1373
1.6106	1.6079	0.1373
1.6906	1.6154	0.1373
1.8194	1.632	0.1373
1.8542	1.6438	0.1373
1.6182	1.6167	0.1373
1.5662	1.6029	0.1373
1.597	1.5975	0.1373
1.6802	1.6304	0.1373
1.649	1.6104	0.1373
1.5722	1.6095	0.1373
1.9088	1.647	0.1373
1.9349	1.6414	0.1373
1.5851	1.6151	0.0
1.59	1.6229	0.0
1.5788	1.5993	0.0
1.725	1.6225	0.0
1.5709	1.6014	0.0
1.604	1.6144	0.0
1.6198	1.6122	0.0
1.7821	1.6299	0.0
1.6124	1.6115	0.0
1.7609	1.6231	0.0
1.5419	1.6181	0.0
1.6359	1.6264	0.0
1.6187	1.61	0.0
1.6438	1.6071	0.0
1.5669	1.6047	0.0
1.5817	1.6159	0.0
1.6482	1.6078	0.0
2.1358	1.6728	0.0
1.5753	1.6034	0.0
1.6284	1.6148	0.0
1.5816	1.614	0.0
1.5536	1.6143	0.0
1.5644	1.6135	0.0
1.5474	1.6078	0.0
1.5708	1.6074	0.0
1.5668	1.6154	0.0
1.5879	1.6156	0.0
1.5584	1.6128	0.0
1.673	1.6208	0.0
1.7267	1.6226	0.0
1.5881	1.6215	0.0
1.5015	1.6067	0.0
1.5424	1.6079	0.0
1.679	1.6286	0.0
1.6324	1.621	0.0
1.7273	1.6204	0.0
1.5397	1.6156	0.0
1.5811	1.6197	0.0
1.5473	1.6054	0.0
1.5718	1.6096	0.0
1.5065	1.6051	0.0
1.5384	1.6069	0.0
1.5645	1.6069	0.0
1.6063	1.6224	0.0
1.6376	1.6194	0.0
1.6491	1.6136	0.0
1.5262	1.6094	0.0
1.6554	1.6184	0.0
1.5943	1.6176	0.0
1.7203	1.6341	0.0
1.916	1.6384	0.0
1.704	1.6126	0.0
1.5415	1.6073	0.0
1.6727	1.6146	0.0
1.7341	1.6237	0.0
1.8267	1.631	0.0
1.5696	1.6176	0.0
1.6553	1.6232	0.0
1.5957	1.6099	0.0
1.595	1.6175	0.0
1.9262	1.6436	0.0
1.5696	1.6136	0.0
1.6046	1.6165	0.0
1.5925	1.6183	0.0
1.5839	1.6129	0.0
1.6006	1.6108	0.0
1.7435	1.6358	0.0
1.7738	1.6331	0.0
1.6149	1.6104	0.0
1.6641	1.607	0.0
1.729	1.6324	0.0
1.6437	1.6125	0.0
1.6213	1.6131	0.0
1.6725	1.6213	0.0
1.6843	1.6092	0.0
1.5075	1.608	0.0
1.5458	1.6118	0.0
1.6413	1.6215	0.0
1.7033	1.621	0.0
1.672	1.6197	0.0
1.6407	1.6011	0.0
1.4855	1.606	0.0
1.5205	1.6078	0.0
1.5237	1.6069	0.0
1.6942	1.6234	0.0
1.5899	1.6082	0.0
1.6549	1.6101	0.0
1.7925	1.6295	0.0
1.5246	1.6114	0.0
1.6293	1.6133	0.0
1.5229	1.6121	0.0
1.6269	1.6132	0.0
1.7875	1.6395	0.0
1.7916	1.6288	0.0
1.5751	1.6139	0.0
1.7713	1.6289	0.0
1.8262	1.6234	0.0
1.8095	1.6345	0.0
1.583	1.6125	0.0
1.5998	1.6104	0.0
1.5394	1.614	0.0
1.6052	1.6105	0.0
1.6433	1.6101	0.0
1.5658	1.6047	0.0
1.8383	1.639	0.0
1.7496	1.6246	0.0
1.5573	1.6134	0.0
1.5792	1.6227	0.0
1.5699	1.6168	0.0
1.6891	1.6249	0.0
1.5879	1.6141	0.0
1.9669	1.6582	0.0
1.642	1.611	0.0
1.6723	1.6092	0.0
1.7881	1.6244	0.0
1.7004	1.6271	0.0
1.711	1.6159	0.0
1.6587	1.6208	0.0
1.7057	1.6191	0.0
1.8465	1.6248	0.0
1.6835	1.6159	0.0
1.5684	1.6105	0.0
1.6	1.6128	0.0
1.5998	1.6068	0.0
1.631	1.621	0.0
1.6768	1.6184	0.0
1.5673	1.6075	0.0
1.672	1.6166	0.0
1.5344	1.6081	0.0
1.5934	1.6108	0.0
1.625	1.6106	0.0
1.5771	1.6069	0.0
1.7204	1.6239	0.0
1.5404	1.6149	0.0
1.6154	1.6241	0.0
1.5217	1.6063	0.0
1.6292	1.6197	0.0
1.6235	1.6153	0.0
1.5519	1.6061	0.0
1.5919	1.6095	0.0
1.5394	1.6086	0.0
1.5479	1.6076	0.0
1.6012	1.6208	0.0
1.6081	1.6167	0.0
1.6561	1.6107	0.0
1.5883	1.6115	0.0
1.6378	1.6138	0.0
1.7574	1.6205	0.0
2.0054	1.6584	0.0
1.5875	1.607	0.0
1.5755	1.6134	0.0
1.5705	1.6154	0.0
1.6584	1.6272	0.0
1.6072	1.6104	0.0
1.8631	1.6408	0.0
1.5683	1.6103	0.0
1.6119	1.6128	0.0
2.0865	1.6731	0.0
1.6452	1.6145	0.0
1.5486	1.613	0.0
1.5819	1.6124	0.0
1.5661	1.6119	0.0
1.6267	1.618	0.0
1.663	1.6187	0.0
1.6031	1.6218	0.0
1.7465	1.6231	0.0
1.5748	1.6134	0.0
1.6262	1.6196	0.0
1.623	1.6147	0.0
1.5929	1.6056	0.0
1.5788	1.6144	0.0
1.5787	1.6113	0.0
1.7148	1.6286	0.0
1.6365	1.6103	0.0
1.7209	1.6163	0.0
1.7871	1.6213	0.0
1.5576	1.6192	0.0
1.5336	1.6089	0.0
1.567	1.6164	0.0
1.6417	1.6142	0.0
1.7421	1.6191	0.0
1.8469	1.6366	0.0
1.6397	1.6326	0.0
1.6627	1.6272	0.0
1.6918	1.6276	0.0
1.5775	1.6177	0.0
1.6566	1.6194	0.0
1.6602	1.6131	0.0
1.669	1.6232	0.0
1.8801	1.648	0.0
1.5798	1.6158	0.0
1.5895	1.6083	0.0
1.5584	1.6143	0.0
1.6122	1.6139	0.0
1.6128	1.6275	0.0
1.6448	1.6115	0.0
1.8611	1.644	0.0
1.7709	1.6241	0.0
1.6379	1.6158	0.0
1.5809	1.6163	0.0
1.638	1.6282	0.0
1.564	1.6094	0.0
1.6327	1.6183	0.0
1.7469	1.6292	0.0
1.6858	1.6193	0.0
1.7365	1.6233	0.0
1.5851	1.6188	0.0
1.6665	1.6237	0.0
1.5078	1.6024	0.0
1.685	1.6213	0.0
1.5457	1.6168	0.0
1.638	1.6127	0.0
1.6662	1.6119	0.0
1.7541	1.6195	0.0
1.7087	1.6231	0.0
1.8711	1.6462	0.0
1.6377	1.6234	0.0
1.5045	1.6066	0.0
1.6107	1.6052	0.0
1.726	1.6299	0.0
1.7882	1.6212	0.0
1.5551	1.6164	0.0
1.6598	1.6245	0.0
1.6653	1.6204	0.0
1.6722	1.6155	0.0
1.7056	1.6246	0.0
1.7401	1.6197	0.0
1.6067	1.6197	0.0
1.5938	1.6145	0.0
1.6174	1.6106	0.0
1.8803	1.6324	0.0
1.5227	1.6095	0.0
1.5667	1.6065	0.0
1.6698	1.615	0.0
1.5342	1.6167	0.0
1.5585	1.6124	0.0
1.5677	1.6101	0.0
1.6156	1.6135	0.0
1.661	1.6285	0.0
1.5693	1.6103	0.0
1.6775	1.6129	0.0
1.682	1.6167	0.0
1.7594	1.6352	0.0
1.7416	1.6323	0.0
1.5898	1.6114	0.0
1.5994	1.6125	0.0
1.6827	1.621	0.0
1.9343	1.6455	0.0
1.7253	1.6286	0.0
1.5939	1.6166	0.0
1.7091	1.6104	0.0
1.5826	1.615	0.0
1.6312	1.6094	0.0
1.6153	1.6173	0.0
1.6	1.6222	0.0
1.6889	1.624	0.0
1.6501	1.613	0.0
1.7903	1.6324	0.0
1.6654	1.6161	0.0
1.5573	1.6164	0.0
1.6159	1.6213	0.0
1.5842	1.6182	0.0
1.6683	1.6281	0.0
1.5966	1.6122	0.0
1.7113	1.6188	0.0
1.6071	1.6162	0.0
1.5704	1.6072	0.0
1.6514	1.61	0.0
1.7107	1.6226	0.0
1.6177	1.6151	0.0
1.589	1.6126	0.0
1.6593	1.6154	0.0
1.6878	1.634	0.0
1.764	1.6308	0.0
1.6688	1.6227	0.0
2.2087	1.6895	0.0
1.5296	1.6096	0.0
1.6293	1.6211	0.0
1.6726	1.6206	0.0
1.5776	1.6177	0.0
1.6202	1.6168	0.0
1.6442	1.6115	0.0
1.7253	1.62	0.0
1.8756	1.6435	0.0
1.6184	1.6175	0.0
1.6131	1.6131	0.0
1.6603	1.616	0.0
1.674	1.6115	0.0
1.8324	1.6473	0.0
1.8502	1.6389	0.0
1.7874	1.6402	0.0
1.6606	1.6249	0.0
1.9674	1.6527	0.0
1.5807	1.6209	0.0
1.6265	1.6164	0.0
1.5724	1.6131	0.0
1.5302	1.6038	0.0
1.9354	1.6436	0.0
1.564	1.6224	0.0
1.5935	1.6136	0.0
1.7036	1.6241	0.0
1.565	1.614	0.0
1.6555	1.6212	0.0
1.611	1.61	0.0
1.5808	1.6175	0.0
1.596	1.6152	0.0
2.011	1.6475	0.0
1.5541	1.6047	0.0
1.6483	1.6145	0.0
1.5055	1.6068	0.0
1.6007	1.6115	0.0
1.6532	1.6154	0.0
1.8661	1.6361	0.0
1.7	1.6307	0.0
1.6119	1.611	0.0
1.554	1.6056	0.0
1.5626	1.6149	0.0
1.6191	1.6173	0.0
1.8012	1.6415	0.0
1.6622	1.6158	0.0
1.8761	1.6453	0.0
1.8469	1.6388	0.0
1.7647	1.6228	0.0
1.6821	1.6201	0.0
1.6822	1.6253	0.0
1.6708	1.6179	0.0
1.8614	1.6442	0.0
1.6505	1.6142	0.0
1.721	1.6212	0.0
1.6017	1.6176	0.0
1.5455	1.6041	0.0
1.6368	1.6118	0.0
1.5663	1.6058	0.0
1.7017	1.6157	0.0
1.6349	1.632	0.0
1.5816	1.6162	0.0
1.5952	1.6081	0.0
1.5611	1.6067	0.0
1.6736	1.6176	0.0
1.5492	1.6111	0.0
1.5911	1.6093	0.0
1.5039	1.6064	0.0
1.6367	1.6131	0.0
1.7107	1.6138	0.0
1.6845	1.6204	0.0
1.7459	1.6177	0.0
1.5025	1.6078	0.0
1.5315	1.5997	0.0
1.5459	1.612	0.0
1.5594	1.6107	0.0
1.6487	1.6143	0.0
1.5565	1.6103	0.0
1.5599	1.6046	0.0
1.6942	1.6218	0.0
1.647	1.6214	0.0
1.589	1.61	0.0
1.5697	1.6086	0.0
1.6471	1.6176	0.0
1.5691	1.6109	0.0
1.6929	1.6256	0.0
1.6785	1.6153	0.0
1.7091	1.63	0.0
1.5259	1.6075	0.0
1.6155	1.6147	0.0
1.5866	1.6119	0.0
1.5838	1.6088	0.0
1.6207	1.6078	0.0
1.812	1.6349	0.0
1.6161	1.6228	0.0
1.5984	1.6121	0.0
1.6112	1.6108	0.0
1.6359	1.6108	0.0
1.7016	1.617	0.0
1.5873	1.6088	0.0
1.6679	1.6125	0.0
1.5988	1.6221	0.0
1.5559	1.6119	0.0
1.5871	1.6171	0.0
1.6832	1.6142	0.0
1.6284	1.6177	0.0
1.6617	1.6117	0.0
1.7741	1.6187	0.0
1.7036	1.6137	0.0
1.6244	1.6226	0.0
1.5926	1.6046	0.0
1.7812	1.6311	0.0
1.8676	1.6322	0.0
1.8861	1.6424	0.0
1.5933	1.6118	0.0
1.6505	1.6168	0.0
1.7112	1.6164	0.0
1.6803	1.6327	0.0
1.6777	1.6274	0.0
1.6567	1.6051	0.0
1.6951	1.6256	0.0
1.6106	1.6067	0.0
1.7014	1.6145	0.0
1.8983	1.6421	0.0
1.4998	1.6083	0.0
1.5641	1.6107	0.0
1.7082	1.6252	0.0
1.5785	1.6071	0.0
1.874	1.6366	0.0
1.5466	1.6149	0.0
1.5792	1.6038	0.0
1.5572	1.6148	0.0
1.6882	1.6176	0.0
1.7003	1.6126	0.0
1.7544	1.6256	0.0
1.6099	1.6244	0.0
1.7173	1.6333	0.0
1.5962	1.6081	0.0
1.6445	1.6216	0.0
1.6618	1.6206	0.0
1.733	1.6232	0.0
1.7866	1.6429	0.0
1.7333	1.6253	0.0
1.6651	1.6238	0.0
1.5999	1.6144	0.0
1.6591	1.6173	0.0
1.8467	1.6358	0.0
1.6401	1.6155	0.0
1.5945	1.6091	0.0
1.6628	1.6151	0.0
1.5737	1.6125	0.0
1.5654	1.6085	0.0
1.6168	1.6143	0.0
1.5885	1.6179	0.0
1.8028	1.6302	0.0
1.6489	1.6194	0.0
1.6225	1.6104	0.0
1.6916	1.6272	0.0
1.7081	1.6287	0.0
1.6223	1.6107	0.0
1.8149	1.6245	0.0
1.8283	1.6389	0.0
1.6029	1.6098	0.0
1.6491	1.6179	0.0
1.7523	1.6288	0.0
1.9497	1.6483	0.0
1.5487	1.6059	0.0
1.6376	1.6159	0.0
1.5699	1.612	0.0
1.5716	1.609	0.0
1.6217	1.613	0.0
1.662	1.6327	0.0
1.5326	1.6079	0.0
1.6378	1.6238	0.0
1.7688	1.6379	0.0
1.5988	1.61	0.0
1.8976	1.6341	0.0
1.5204	1.6097	0.0
1.5628	1.6165	0.0
1.5349	1.613	0.0
1.6129	1.6128	0.0
1.7206	1.6192	0.0
1.7914	1.6215	0.0
1.5985	1.6004	0.0
1.6854	1.6385	0.0
1.5808	1.6158	0.0
1.6141	1.6039	0.0
1.5802	1.6201	0.0
1.662	1.6134	0.0
1.6255	1.6152	0.0
1.4945	1.61	0.0
1.5328	1.606	0.0
1.5598	1.6065	0.0
1.5613	1.6185	0.0
1.6442	1.612	0.0
1.5141	1.6102	0.0
1.6662	1.624	0.0
1.6994	1.6261	0.0
1.6245	1.6147	0.0
1.7034	1.6159	0.0
1.7765	1.6232	0.0
1.5869	1.612	0.0
1.5198	1.61	0.0
1.585	1.6126	0.0
1.6454	1.6249	0.0
1.5616	1.6076	0.0
1.5636	1.6106	0.0
1.6451	1.6172	0.0
1.7686	1.6303	0.0
2.1339	1.6778	0.0
1.5531	1.6067	0.0
1.7621	1.6259	0.0
1.6171	1.6221	0.0
1.7433	1.6192	0.0
1.7184	1.6148	0.0
1.5669	1.6172	0.0
1.5979	1.613	0.0
1.5436	1.6163	0.0
1.7011	1.6095	0.0
1.6684	1.6269	0.0
1.5934	1.617	0.0
1.7226	1.6332	0.0
1.6506	1.6189	0.0
1.6047	1.6082	0.0
1.5642	1.6107	0.0
1.671	1.6196	0.0
1.593	1.6028	0.0
1.5924	1.6031	0.0
1.5566	1.6158	0.0
1.6754	1.6149	0.0
1.8351	1.6391	0.0
1.8082	1.6408	0.0
1.6436	1.6174	0.0
1.6878	1.6209	0.0
1.7688	1.6264	0.0
1.8046	1.6258	0.0
1.8885	1.6374	0.0
1.5327	1.616	-0.1373
1.5842	1.6202	-0.1373
1.7428	1.6201	-0.1373
1.5766	1.6112	-0.1373
1.6544	1.6167	-0.1373
1.7247	1.6138	-0.1373
1.6255	1.6183	-0.1373
1.6607	1.616	-0.1373
1.7869	1.6322	-0.1373
1.6299	1.6194	-0.1373
1.5925	1.6251	-0.1373
1.6789	1.6256	-0.1373
1.5223	1.6107	-0.1373
1.5478	1.6117	-0.1373
1.593	1.6192	-0.1373
1.6348	1.6137	-0.1373
1.6651	1.6211	-0.1373
1.7933	1.6256	-0.1373
1.4913	1.6084	-0.1373
1.7016	1.635	-0.1373
1.6103	1.6157	-0.1373
1.5794	1.605	-0.1373
1.6007	1.622	-0.1373
1.6181	1.6137	-0.1373
1.5913	1.6056	-0.1373
1.7844	1.6241	-0.1373
2.1484	1.6922	-0.1373
1.5104	1.6057	-0.1373
1.6781	1.6283	-0.1373
1.6569	1.6152	-0.1373
1.7229	1.616	-0.1373
1.6569	1.6137	-0.1373
1.8989	1.6422	-0.1373
1.7599	1.6345	-0.1373
1.5884	1.6211	-0.1373
1.6363	1.6149	-0.1373
1.7241	1.6186	-0.1373
1.5351	1.6068	-0.1373
1.6596	1.6213	-0.1373
1.5938	1.6037	-0.1373
1.6387	1.6111	-0.1373
1.6718	1.6176	-0.1373
1.689	1.6167	-0.1373
1.8851	1.6314	-0.1373
1.719	1.6289	-0.1373
1.5368	1.6097	-0.1373
1.6048	1.6103	-0.1373
1.5733	1.6101	-0.1373
1.5854	1.6089	-0.1373
1.6045	1.6049	-0.1373
1.7228	1.6195	-0.1373
1.5987	1.6187	-0.1373
1.6158	1.6132	-0.1373
1.5404	1.6122	-0.1373
1.6475	1.6272	-0.1373
1.7048	1.6294	-0.1373
1.7729	1.6177	-0.1373
1.7126	1.6236	-0.1373
1.8417	1.6382	-0.1373
1.8532	1.6376	-0.1373
1.9205	1.6407	-0.1373
1.8006	1.6453	-0.1373
1.6866	1.616	-0.1373
1.6696	1.6072	-0.1373
1.5805	1.6089	-0.1373
1.6728	1.6085	-0.1373
1.6066	1.6123	-0.1382
1.7356	1.6311	-0.1382
1.7183	1.6193	-0.1382
1.6917	1.6169	-0.1382
1.818	1.6344	-0.1382
1.5884	1.6195	-0.1382
1.5898	1.6166	-0.1382
1.6216	1.6157	-0.1382
1.7951	1.6291	-0.1382
1.6184	1.6131	-0.1382
1.7182	1.6347	-0.1382
1.6631	1.6216	-0.1382
1.6638	1.6146	-0.1382
1.7873	1.6361	-0.1382
1.7042	1.6124	-0.1382
1.902	1.6412	-0.1382
1.5862	1.6134	-0.1382
1.604	1.609	-0.1382
1.6691	1.6111	-0.1382
1.8305	1.6228	-0.1382
1.5665	1.6097	-0.1382
1.5717	1.6087	-0.1382
1.5749	1.6168	-0.1382
1.542	1.6089	-0.1382
1.5707	1.6119	-0.1382
1.6672	1.6249	-0.1382
1.6898	1.6255	-0.1382
1.6361	1.612	-0.1382
1.5896	1.6148	-0.1382
1.6096	1.6146	-0.1382
1.7087	1.6258	-0.1382
2.1389	1.671	-0.1382
1.6548	1.6171	-0.1382
1.6639	1.6205	-0.1382
1.7876	1.6309	-0.1382
1.7187	1.6247	-0.1386
1.7548	1.6214	-0.1386
1.584	1.6125	-0.1386
1.6992	1.6207	-0.1386
1.6159	1.626	-0.1386
1.6052	1.6154	-0.1386
1.5504	1.6056	-0.1386
1.5314	1.6073	-0.1386
1.5584	1.6085	-0.1386
1.8324	1.6279	-0.1386
1.6537	1.6235	-0.1386
1.52	1.61	-0.1386
1.6246	1.6146	-0.1386
1.5835	1.6211	-0.1386
1.5879	1.613	-0.1386
1.6222	1.6219	-0.1386
1.67	1.6139	-0.1386
1.6546	1.6282	-0.1386
1.7086	1.6239	-0.1386
1.6147	1.6158	-0.1386
1.6737	1.621	-0.1386
1.874	1.6294	-0.1386
1.5667	1.6118	-0.1386
1.7761	1.6367	-0.1386
1.6515	1.6277	-0.1386
1.605	1.6084	-0.1386
1.5996	1.6098	-0.1386
1.6314	1.6237	-0.1386
1.5783	1.6122	-0.1386
1.8804	1.6333	-0.1386
1.5379	1.6098	-0.1386
1.6492	1.6114	-0.1386
1.7183	1.635	-0.1386
1.6322	1.6085	-0.1386
1.7798	1.6362	-0.1386
1.6531	1.6236	-0.1386
1.8103	1.6328	-0.1386
1.6107	1.6127	-0.1386
1.6108	1.6168	-0.1386
1.5243	1.6061	-0.1386
1.6575	1.6247	-0.1386
1.7494	1.6325	-0.1386
1.9201	1.6536	-0.1386
1.6132	1.6198	-0.1386
1.5477	1.6113	-0.1386
1.6985	1.6164	-0.1386
1.958	1.6558	-0.1386
1.6704	1.6134	-0.1387
1.5517	1.6094	-0.1387
1.5295	1.597	-0.1387
1.6431	1.614	-0.1387
1.6139	1.6182	-0.1387
1.6466	1.6101	-0.1387
1.6996	1.6211	-0.1387
1.6803	1.6221	-0.1387
1.6075	1.6163	-0.1387
1.6086	1.6115	-0.1387
1.6783	1.6162	-0.1387
1.4784	1.605	-0.1387
1.5932	1.6158	-0.1387
1.6598	1.6223	-0.1387
1.6124	1.6104	-0.1387
1.6494	1.6232	-0.1387
1.6319	1.6132	-0.1387
1.6261	1.6227	-0.1387
1.7702	1.6406	-0.1387
1.7773	1.6329	-0.1387
1.816	1.6236	-0.1387
1.7578	1.6336	-0.1387
1.5107	1.6114	-0.1387
1.5994	1.605	-0.1387
1.527	1.6089	-0.1387
1.5249	1.6139	-0.1387
1.598	1.6183	-0.1387
1.6074	1.6127	-0.1387
1.6452	1.6146	-0.1387
1.6045	1.6128	-0.1387
1.5707	1.6194	-0.1387
1.5667	1.6151	-0.1387
1.6554	1.6182	-0.1387
1.6586	1.629	-0.1387
1.5834	1.6169	-0.1387
1.6375	1.6134	-0.1387
1.6758	1.6226	-0.1387
1.5505	1.6125	-0.1387
1.6039	1.6254	-0.1387
1.7097	1.6316	-0.1387
1.6236	1.6155	-0.1387
1.6461	1.6122	-0.1387
1.9342	1.6483	-0.1387
1.5933	1.6226	-0.1387
1.6242	1.6156	-0.1387
1.6942	1.6151	-0.1387
1.8835	1.6395	-0.1387
1.5681	1.6189	-0.1387
1.5931	1.612	-0.1387
1.8016	1.6301	-0.1387
1.8051	1.6265	-0.1387
1.5334	1.6128	-0.139
1.5913	1.6248	-0.139
1.7438	1.6222	-0.139
1.5933	1.6147	-0.139
1.5723	1.6051	-0.139
1.7895	1.6379	-0.139
1.663	1.6316	-0.139
1.7347	1.6185	-0.139
1.7894	1.6158	-0.139
1.7205	1.6271	-0.139
1.6682	1.6133	-0.139
1.6662	1.62	-0.139
1.5687	1.611	-0.139
1.5976	1.615	-0.139
1.763	1.6297	-0.139
1.544	1.6078	-0.139
1.6183	1.6082	-0.139
1.7006	1.6346	-0.139
1.929	1.6403	-0.139
1.7318	1.6316	-0.139
1.6216	1.6255	-0.139
1.6658	1.6269	-0.139
1.6425	1.6273	-0.139
1.6432	1.623	-0.139
1.6847	1.6137	-0.139
1.5778	1.607	-0.139
1.6789	1.6225	-0.139
1.8493	1.6363	-0.139
1.5552	1.6135	-0.139
1.5646	1.6122	-0.139
1.5855	1.6128	-0.139
1.8956	1.6378	-0.139
1.5497	1.6124	-0.139
1.6073	1.6229	-0.139
1.5752	1.6023	-0.139
1.6699	1.6158	-0.139
1.683	1.6229	-0.139
1.6762	1.6136	-0.139
1.7795	1.6324	-0.139
1.8309	1.6281	-0.139
1.6256	1.6219	-0.139
1.6606	1.6156	-0.139
1.9539	1.6446	-0.139
1.7015	1.6179	-0.139
1.8114	1.6197	-0.139
1.6297	1.6177	-0.139
1.6959	1.6219	-0.139
1.5976	1.6119	-0.139
1.769	1.6212	-0.139
1.6416	1.6144	-0.139
1.7139	1.6261	-0.139
1.608	1.6154	-0.139
1.6566	1.6137	-0.139
1.7783	1.6298	-0.139
1.7002	1.6303	-0.139
1.5687	1.6102	-0.139
1.5882	1.6034	-0.139
1.6482	1.6149	-0.139
1.7188	1.6162	-0.139
1.9514	1.6501	-0.139
1.9764	1.6608	-0.139
1.5614	1.6132	-0.1397
1.6263	1.6133	-0.1397
1.6438	1.6239	-0.1397
1.6782	1.6277	-0.1397
1.7231	1.6166	-0.1397
1.5761	1.6177	-0.1397
1.6319	1.607	-0.1397
1.8485	1.6378	-0.1397
1.8777	1.6342	-0.1397
1.5312	1.6155	-0.1397
1.6542	1.6227	-0.1397
1.6236	1.6131	-0.1397
1.5638	1.6146	-0.1397
1.606	1.6174	-0.1397
1.624	1.6133	-0.1397
1.7198	1.6265	-0.1397
1.8802	1.6405	-0.1397
1.5262	1.6099	-0.1397
1.6053	1.6106	-0.1397
1.6045	1.6151	-0.1397
1.6934	1.6174	-0.1397
1.5689	1.6088	-0.1397
1.5889	1.6129	-0.1397
1.6207	1.6087	-0.1397
1.7676	1.6257	-0.1397
1.5366	1.6075	-0.1397
1.5819	1.6069	-0.1397
1.7863	1.6376	-0.1397
1.6	1.6127	-0.1397
1.6437	1.616	-0.1397
1.9105	1.6496	-0.1397
1.6714	1.6217	-0.1397
1.7564	1.6267	-0.1397
1.7173	1.6302	-0.1397
1.6323	1.6137	-0.1397
1.5659	1.6155	-0.1397
1.6621	1.6281	-0.1397
1.9569	1.6439	-0.1397
1.6494	1.6232	-0.1397
1.7497	1.6332	-0.1397
1.8787	1.635	-0.1397
1.8363	1.6258	-0.1397
1.7864	1.6275	-0.1397
1.6527	1.6223	-0.1397
1.8168	1.6435	-0.1397
1.7541	1.6174	-0.1397
1.8559	1.626	-0.1397
1.5531	1.6102	-0.1397
1.6601	1.6277	-0.1397
1.6495	1.616	-0.1397
1.6799	1.6107	-0.1397
1.5053	1.6082	-0.1397
1.5771	1.6115	-0.1397
1.5236	1.6094	-0.1397
1.5864	1.6147	-0.1397
1.6502	1.6116	-0.1397
1.7395	1.6227	-0.1397
1.6398	1.6149	-0.1397
1.6636	1.614	-0.1397
1.8995	1.6469	-0.1397
1.5879	1.6232	-0.1397
1.5397	1.6091	-0.1397
1.5959	1.5986	-0.1397
1.5821	1.6121	-0.1397
1.6429	1.6256	-0.1397
1.6519	1.6235	-0.1397
1.5904	1.6061	-0.1397
1.6279	1.6147	-0.1397
1.5823	1.6142	-0.1397
1.7308	1.6259	-0.1397
1.6434	1.6219	-0.1397
1.7197	1.6309	-0.1397
1.7188	1.6236	-0.1397
1.7321	1.6166	-0.1397
1.5317	1.6109	-0.1397
1.6254	1.612	-0.1397
1.538	1.6131	-0.1397
1.7951	1.6254	-0.1397
1.7357	1.6179	-0.1397
1.7024	1.626	-0.1397
1.7434	1.6218	-0.1397
1.5242	1.6101	-0.1397
1.5183	1.61	-0.1397
1.6189	1.615	-0.1397
1.7498	1.6256	-0.1397
1.6665	1.6316	-0.1397
1.5511	1.6176	-0.1397
1.5934	1.6051	-0.1397
1.7158	1.633	-0.1397
1.6899	1.6249	-0.1397
1.7082	1.6214	-0.1397
1.6352	1.6135	-0.1397
1.6415	1.6215	-0.1397
1.6329	1.6161	-0.1397
1.8377	1.6263	-0.1397
1.6995	1.6176	-0.1397
1.7327	1.6348	-0.1397
1.7927	1.6383	-0.1397
1.7739	1.6328	-0.1397
1.6985	1.62	-0.1397
1.8515	1.6375	-0.1397
1.9267	1.6395	-0.1397
1.6174	1.6171	-0.1397
1.5882	1.6171	-0.1397
1.6394	1.6225	-0.1397
1.653	1.6177	-0.1397
1.5866	1.6161	-0.1397
1.6112	1.6156	-0.1397
1.6097	1.6108	-0.1397
1.6339	1.6177	-0.1397
1.8405	1.6369	-0.1397
1.7469	1.6315	-0.1397
1.8888	1.642	-0.1397
1.8264	1.628	-0.1397
2.1976	1.6854	-0.1397
1.7622	1.6226	-0.1397
1.6642	1.6214	-0.1397
1.7233	1.6243	-0.1397
1.7307	1.6386	-0.1397
1.632	1.6108	-0.1397
0.0	0.0	-0.1397
1.6321	1.6251	-0.1419
1.6552	1.6079	-0.1419
1.7474	1.6295	-0.1419
1.7312	1.6259	-0.1419
1.6895	1.6085	-0.1419
1.5653	1.6152	-0.1419
1.6719	1.6234	-0.1419
1.6176	1.616	-0.1419
1.5531	1.616	-0.1419
1.6821	1.6215	-0.1419
1.6038	1.6166	-0.1419
1.5985	1.6079	-0.1419
1.6534	1.611	-0.1419
1.6238	1.617	-0.1419
1.6772	1.6171	-0.1419
2.0307	1.6623	-0.1419
1.6198	1.615	-0.1419
1.5316	1.6081	-0.1419
1.5433	1.6073	-0.1419
1.6091	1.6217	-0.1419
1.6258	1.6155	-0.1419
1.5974	1.6175	-0.1419
1.9249	1.6524	-0.1419
1.7524	1.6316	-0.1419
1.7616	1.625	-0.1419
1.7516	1.6268	-0.1419
1.5924	1.6184	-0.1419
1.5871	1.6142	-0.1419
1.6971	1.6189	-0.1419
1.7341	1.6184	-0.1419
1.8524	1.6325	-0.1419
1.6172	1.6218	-0.1419
1.5793	1.6159	-0.1419
1.6537	1.6242	-0.1419
1.6133	1.6141	-0.1419
1.7033	1.6168	-0.1419
1.9429	1.6455	-0.1419
1.5679	1.6185	-0.1419
1.7556	1.6277	-0.1419
1.7736	1.6331	-0.1419
1.9117	1.6462	-0.1419
1.6832	1.6193	-0.1419
1.6886	1.6262	-0.1427
1.7068	1.6148	-0.1427
1.7725	1.6289	-0.1427
1.8902	1.6373	-0.1427
1.5154	1.612	-0.1427
1.5665	1.6119	-0.1427
1.6497	1.6261	-0.1427
1.5922	1.6119	-0.1427
1.7212	1.6167	-0.1427
1.587	1.6192	-0.1427
1.6441	1.6159	-0.1427
1.6428	1.6186	-0.1427
2.0403	1.6618	-0.1427
1.5941	1.6166	-0.1427
1.5698	1.6062	-0.1427
1.7047	1.6282	-0.1427
1.6615	1.6143	-0.1427
1.6097	1.6161	-0.1427
1.6547	1.618	-0.1427
1.7327	1.616	-0.1427
1.7992	1.6261	-0.1427
1.6333	1.6321	-0.1427
1.6839	1.6189	-0.1427
1.7066	1.6249	-0.1427
1.6743	1.6209	-0.1427
1.7102	1.6097	-0.1427
1.7613	1.6252	-0.1427
1.8311	1.6398	-0.1427
1.77	1.6288	-0.1427
2.039	1.6645	-0.1427
1.6295	1.6195	-0.1449
1.6922	1.6185	-0.1449
1.6484	1.6194	-0.1449
1.5779	1.608	-0.1449
2.1474	1.6811	-0.1449
1.6185	1.6218	-0.1449
1.5756	1.6112	-0.1449
1.7647	1.6276	-0.1449
1.7315	1.6186	-0.1449
1.6134	1.62	-0.1449
1.6502	1.6221	-0.1449
2.2789	1.7004	-0.1449
1.5291	1.6037	-0.1449
1.6818	1.6209	-0.1449
1.6952	1.6312	-0.1449
1.6446	1.6098	-0.1449
1.7468	1.6263	-0.1449
1.5579	1.6135	-0.1449
1.534	1.6075	-0.1449
1.5149	1.6067	-0.1449
1.5468	1.6034	-0.1449
1.5646	1.6191	-0.1449
1.5773	1.6174	-0.1449
1.6288	1.6178	-0.1449
1.7001	1.6128	-0.1449
1.6337	1.6132	-0.1449
1.6582	1.6193	-0.1449
1.6106	1.6172	-0.1449
1.7195	1.6218	-0.1449
1.8523	1.6535	-0.1449
1.7284	1.6224	-0.1449
1.5828	1.6081	-0.1449
1.8619	1.6321	-0.1449
1.7327	1.6266	-0.1449
1.6913	1.6166	-0.1449
1.6442	1.6239	-0.1449
1.7195	1.6275	-0.1449
1.7084	1.6117	-0.1449
1.761	1.628	-0.1449
1.862	1.6465	-0.1449
1.5553	1.6124	-0.2747
1.6204	1.6042	-0.2747
1.6063	1.6228	-0.2747
1.5899	1.6125	-0.2747
1.6997	1.6314	-0.2747
1.7748	1.6379	-0.2747
1.6759	1.6124	-0.2747
1.6477	1.6123	-0.2747
1.7263	1.6217	-0.2747
1.6273	1.6181	-0.2747
1.8458	1.6308	-0.2747
1.6419	1.6123	-0.2747
1.6232	1.6241	-0.2747
1.7301	1.6233	-0.2747
1.6092	1.604	-0.2747
1.6225	1.6166	-0.2747
1.6447	1.6137	-0.2747
1.6091	1.6151	-0.2747
1.7211	1.6223	-0.2747
1.5967	1.616	-0.2747
0.0	0.0	-0.2747
1.5458	1.6154	-0.2747
1.5738	1.6054	-0.2747
1.5473	1.614	-0.2747
1.6431	1.6266	-0.2747
1.5781	1.6144	-0.2747
1.5396	1.6123	-0.2747
1.5226	1.612	-0.2747
1.5863	1.6191	-0.2747
1.5214	1.6069	-0.2747
1.6096	1.6202	-0.2747
1.7631	1.627	-0.2747
1.57	1.6054	-0.2747
1.7059	1.6163	-0.2747
1.7321	1.6206	-0.2747
1.7295	1.6188	-0.2747
1.9785	1.6628	-0.2747
1.5698	1.6131	-0.2747
1.5591	1.6206	-0.2747
1.6237	1.6237	-0.2747
1.5672	1.6198	-0.2747
1.62	1.6182	-0.2747
1.6795	1.633	-0.2747
1.6217	1.616	-0.2747
1.7583	1.63	-0.2747
1.7579	1.6234	-0.2747
1.8996	1.6423	-0.2747
1.6316	1.6155	-0.2747
1.5699	1.6032	-0.2747
1.6328	1.6131	-0.2747
1.6831	1.6131	-0.2747
1.6065	1.6139	-0.2747
1.678	1.6231	-0.2747
1.7708	1.6208	-0.2747
2.1269	1.6712	-0.2747
1.5802	1.6146	-0.2747
1.5922	1.6152	-0.2747
1.5777	1.6082	-0.2747
1.6719	1.6197	-0.2747
1.7081	1.6283	-0.2747
1.6606	1.6155	-0.2747
1.735	1.6231	-0.2765
1.5826	1.6226	-0.2765
1.5213	1.6106	-0.2765
1.705	1.6322	-0.2765
1.6749	1.6178	-0.2765
1.708	1.6125	-0.2765
1.6287	1.6166	-0.2765
1.774	1.6268	-0.2765
1.5605	1.6112	-0.2765
1.6104	1.6121	-0.2765
1.623	1.6102	-0.2765
1.5493	1.6119	-0.2765
1.7291	1.6302	-0.2765
1.7359	1.6188	-0.2765
1.732	1.6254	-0.2765
1.8834	1.6368	-0.2765
1.6171	1.6174	-0.2765
1.6388	1.6146	-0.2765
1.5575	1.6112	-0.2765
1.6623	1.6217	-0.2765
1.8259	1.6375	-0.2765
1.6873	1.6332	-0.2765
1.7447	1.6242	-0.2765
1.7906	1.6128	-0.2765
1.6013	1.6089	-0.2765
1.7962	1.6496	-0.2765
1.7141	1.6248	-0.2765
1.7539	1.6257	-0.2765
1.7352	1.6288	-0.2765
1.9047	1.6487	-0.2765
0.0	0.0	-0.2765
1.6134	1.6106	-0.2765
1.6544	1.6105	-0.2765
1.6415	1.6164	-0.2765
1.7232	1.623	-0.2765
1.7804	1.6239	-0.2765
1.6417	1.6321	-0.2765
1.7334	1.6264	-0.2765
1.9514	1.646	-0.2765
2.0779	1.6704	-0.2765
2.1216	1.6703	-0.2765
1.6342	1.6144	-0.2773
1.6898	1.6151	-0.2773
1.7208	1.6297	-0.2773
1.8333	1.6399	-0.2773
1.7319	1.6223	-0.2773
1.8103	1.6326	-0.2773
1.6648	1.6222	-0.2773
1.5489	1.6103	-0.2773
1.5745	1.6215	-0.2773
1.5546	1.6072	-0.2773
1.5212	1.6094	-0.2773
1.6264	1.6211	-0.2773
1.5898	1.6123	-0.2773
1.6295	1.6144	-0.2773
1.6659	1.6128	-0.2773
1.8235	1.6371	-0.2773
2.2192	1.6957	-0.2773
1.6654	1.6186	-0.2773
1.6479	1.6147	-0.2773
1.6921	1.6234	-0.2773
1.7396	1.6236	-0.2773
1.7275	1.6093	-0.2773
1.5537	1.6167	-0.2773
1.5726	1.616	-0.2773
1.6633	1.6179	-0.2773
1.6942	1.6115	-0.2773
1.569	1.6059	-0.2773
2.1051	1.681	-0.2773
1.572	1.6103	-0.2773
1.6337	1.6193	-0.2773
1.8752	1.6362	-0.2773
2.4708	1.7321	-0.2773
1.682	1.6312	-0.2773
1.6425	1.6214	-0.2773
1.6801	1.6237	-0.2773
1.6162	1.6092	-0.2773
1.837	1.6258	-0.2773
2.0054	1.6663	-0.2773
1.8749	1.6408	-0.2773
1.6	1.6165	-0.2774
1.6458	1.6219	-0.2774
1.7239	1.619	-0.2774
1.7862	1.6352	-0.2774
1.9425	1.6474	-0.2774
2.0923	1.6707	-0.2774
1.7357	1.6189	-0.2774
1.5497	1.6117	-0.2774
1.5576	1.5999	-0.2774
1.5532	1.6189	-0.2774
1.6898	1.6151	-0.2774
1.5456	1.6016	-0.2774
1.6266	1.606	-0.2774
1.8955	1.6459	-0.2774
1.8516	1.6443	-0.2774
1.5491	1.6123	-0.2774
1.5995	1.6115	-0.2774
1.553	1.612	-0.2774
1.6264	1.6115	-0.2774
1.5397	1.6156	-0.2774
1.5328	1.603	-0.2774
1.8466	1.6345	-0.2774
1.522	1.6088	-0.2774
1.5633	1.6101	-0.2774
1.5493	1.6059	-0.2774
1.5979	1.6144	-0.2774
1.6225	1.6131	-0.2774
1.7616	1.6316	-0.2774
1.6978	1.6366	-0.2774
1.5912	1.612	-0.2774
1.7502	1.6332	-0.2774
1.811	1.6261	-0.2774
2.076	1.6761	-0.2774
1.6731	1.624	-0.2774
1.8804	1.6482	-0.2774
1.8022	1.6306	-0.2774
1.7082	1.6307	-0.2774
1.7796	1.6317	-0.2774
1.8994	1.6434	-0.2774
2.0558	1.6633	-0.2774
1.6962	1.622	-0.2774
1.935	1.6561	-0.2774
2.1426	1.6733	-0.2774
1.5896	1.6181	-0.278
1.6838	1.6281	-0.278
1.6402	1.6247	-0.278
1.6698	1.6278	-0.278
1.7479	1.6261	-0.278
1.6265	1.6249	-0.278
2.0013	1.6587	-0.278
2.0254	1.6533	-0.278
1.5686	1.6156	-0.278
1.7526	1.6376	-0.278
1.5503	1.6136	-0.278
1.6071	1.6115	-0.278
1.7475	1.6365	-0.278
1.8499	1.637	-0.278
1.596	1.6149	-0.278
1.6436	1.6203	-0.278
1.6088	1.6078	-0.278
1.5658	1.6077	-0.278
1.6054	1.6126	-0.278
1.6664	1.6101	-0.278
1.8983	1.6371	-0.278
0.0	0.0	-0.278
1.7178	1.6366	-0.278
1.6557	1.6193	-0.278
1.6919	1.6163	-0.278
1.5958	1.6139	-0.278
1.666	1.622	-0.278
1.6996	1.6326	-0.278
1.8078	1.6345	-0.278
1.9538	1.6447	-0.278
1.5523	1.6182	-0.278
1.5701	1.6123	-0.278
1.5792	1.6107	-0.278
1.6473	1.6208	-0.278
1.6395	1.6148	-0.278
1.7404	1.6336	-0.278
1.7372	1.621	-0.278
1.7984	1.6277	-0.278
1.64	1.6251	-0.278
1.6548	1.6232	-0.278
1.6609	1.6195	-0.278
1.6086	1.6216	-0.278
1.6678	1.6118	-0.278
1.5452	1.6122	-0.278
1.6211	1.6213	-0.278
1.5782	1.6118	-0.278
1.6253	1.6096	-0.278
1.7597	1.6183	-0.278
1.8888	1.6417	-0.278
1.9085	1.6507	-0.278
1.6426	1.6097	-0.278
1.6805	1.6213	-0.278
1.7732	1.6284	-0.278
1.5154	1.6104	-0.278
1.5707	1.6159	-0.278
1.5356	1.6083	-0.278
1.5755	1.6037	-0.278
1.7266	1.6229	-0.278
1.6239	1.6217	-0.278
1.6606	1.6116	-0.278
1.7296	1.6216	-0.278
1.6816	1.6171	-0.278
2.0116	1.6533	-0.278
1.5665	1.6092	-0.278
1.721	1.6243	-0.278
1.6201	1.6211	-0.278
1.8496	1.6458	-0.278
1.8584	1.6307	-0.278
1.6204	1.622	-0.2794
1.6335	1.6207	-0.2794
1.5388	1.6172	-0.2794
1.6465	1.616	-0.2794
1.8263	1.6383	-0.2794
1.8195	1.6378	-0.2794
1.5922	1.6111	-0.2794
1.654	1.6137	-0.2794
1.8158	1.6288	-0.2794
1.574	1.6161	-0.2794
1.831	1.6412	-0.2794
1.8641	1.6349	-0.2794
1.4967	1.6042	-0.2794
1.5247	1.6055	-0.2794
1.8843	1.6473	-0.2794
1.9165	1.653	-0.2794
1.8018	1.6244	-0.2794
1.5397	1.6156	-0.2794
1.5439	1.6132	-0.2794
1.698	1.6252	-0.2794
1.6563	1.6101	-0.2794
1.6755	1.6129	-0.2794
1.6585	1.615	-0.2794
1.7506	1.6363	-0.2794
1.7862	1.627	-0.2794
1.553	1.6134	-0.2794
1.6732	1.6259	-0.2794
1.7402	1.6339	-0.2794
1.6365	1.6119	-0.2794
1.7372	1.6308	-0.2794
1.831	1.6388	-0.2794
1.6654	1.6158	-0.2794
1.7039	1.6198	-0.2794
1.7634	1.6276	-0.2794
1.7467	1.6341	-0.2794
1.6483	1.6204	-0.2794
1.6278	1.6083	-0.2794
1.6779	1.6172	-0.2794
1.803	1.6272	-0.2794
1.6834	1.6146	-0.2794
1.629	1.621	-0.2794
1.6415	1.6191	-0.2794
1.6739	1.62	-0.2794
1.7189	1.6229	-0.2794
1.6313	1.6111	-0.2794
1.5866	1.612	-0.2794
1.5489	1.6052	-0.2794
1.5682	1.6053	-0.2794
1.6162	1.6182	-0.2794
1.6415	1.6218	-0.2794
1.6906	1.6242	-0.2794
1.6924	1.6079	-0.2794
1.9003	1.6522	-0.2794
1.5273	1.6196	-0.2794
1.5161	1.6113	-0.2794
1.4823	1.6033	-0.2794
1.5409	1.6091	-0.2794
1.655	1.6182	-0.2794
1.5544	1.6132	-0.2794
1.6001	1.6135	-0.2794
1.6559	1.6199	-0.2794
1.6007	1.6192	-0.2794
1.8732	1.6378	-0.2794
1.7999	1.6327	-0.2794
1.6469	1.628	-0.2794
1.7984	1.6263	-0.2794
1.6859	1.6266	-0.2794
1.6867	1.6185	-0.2794
1.6345	1.6191	-0.2794
1.6007	1.6062	-0.2794
1.7264	1.6206	-0.2794
1.6392	1.6222	-0.2794
1.7255	1.6312	-0.2794
1.9785	1.6454	-0.2794
1.6606	1.6222	-0.2794
1.5911	1.6071	-0.2794
1.5629	1.6104	-0.2794
1.6569	1.6153	-0.2794
1.8723	1.6348	-0.2794
1.8427	1.6374	-0.2794
1.7781	1.6366	-0.2794
2.2159	1.6955	-0.2794
1.6911	1.6286	-0.2794
1.6296	1.6156	-0.2794
1.7328	1.619	-0.2794
1.6859	1.6152	-0.2794
1.6703	1.62	-0.2794
1.7844	1.6227	-0.2794
1.7324	1.6206	-0.2794
1.5477	1.6133	-0.2794
1.5322	1.606	-0.2794
1.6557	1.6211	-0.2794
1.8492	1.6349	-0.2794
1.585	1.6125	-0.2794
1.6983	1.6194	-0.2794
1.9853	1.6553	-0.2794
0.0	0.0	-0.2794
1.7356	1.6278	-0.2794
1.6313	1.6181	-0.2794
1.6907	1.6323	-0.2794
1.6797	1.6251	-0.2794
1.6612	1.616	-0.2794
1.698	1.6205	-0.2794
1.5716	1.6109	-0.2794
1.6457	1.6199	-0.2794
2.0965	1.6702	-0.2794
1.8646	1.6367	-0.2794
1.7521	1.6348	-0.2838
1.6086	1.62	-0.2838
1.7327	1.6422	-0.2838
1.666	1.6229	-0.2838
1.8947	1.6348	-0.2838
1.6105	1.6094	-0.2838
1.5049	1.6083	-0.2838
1.7279	1.6225	-0.2838
1.5685	1.618	-0.2838
1.82	1.6285	-0.2838
1.6465	1.6198	-0.2838
1.5946	1.6239	-0.2838
1.5368	1.6088	-0.2838
1.5781	1.6114	-0.2838
1.5585	1.6168	-0.2838
1.5651	1.6099	-0.2838
1.6917	1.6346	-0.2838
1.8045	1.6327	-0.2838
2.0245	1.6581	-0.2838
1.4916	1.6088	-0.2838
1.5723	1.6176	-0.2838
1.61	1.612	-0.2838
1.6092	1.6254	-0.2838
1.5558	1.6106	-0.2838
1.5847	1.6073	-0.2838
1.6968	1.6135	-0.2838
1.5913	1.6189	-0.2838
1.7262	1.6174	-0.2838
1.777	1.6251	-0.2838
1.7528	1.6367	-0.2838
1.6334	1.6132	-0.2838
1.6894	1.6158	-0.2838
1.7975	1.6307	-0.2838
1.7954	1.6334	-0.2838
1.736	1.6249	-0.2838
1.8065	1.6348	-0.2854
1.8173	1.6518	-0.2854
1.7278	1.6272	-0.2854
1.74	1.6206	-0.2854
1.7457	1.6342	-0.2854
1.9085	1.6406	-0.2854
1.5812	1.6206	-0.2854
1.5934	1.6142	-0.2854
1.6452	1.6174	-0.2854
1.7358	1.631	-0.2854
1.7234	1.6242	-0.2854
1.7367	1.6225	-0.2854
1.7374	1.6214	-0.2854
1.6497	1.6231	-0.2854
1.5862	1.6096	-0.2854
1.5903	1.6061	-0.2854
1.6884	1.6157	-0.2854
1.7299	1.6219	-0.2854
1.6567	1.6124	-0.2854
1.8637	1.6365	-0.2854
1.6396	1.6214	-0.2854
1.6767	1.6148	-0.2854
2.2241	1.7009	-0.2854
1.7506	1.6312	-0.2854
1.6692	1.6189	-0.2854
1.7442	1.62	-0.2854
2.0281	1.6581	-0.2854
2.1552	1.6822	-0.2854
1.9213	1.6393	-0.2854
1.8481	1.6393	-0.2898
1.5589	1.6098	-0.2898
1.7417	1.6318	-0.2898
1.6318	1.6174	-0.2898
1.6858	1.624	-0.2898
1.6234	1.6167	-0.2898
1.5803	1.6215	-0.2898
1.5254	1.6103	-0.2898
1.6023	1.6249	-0.2898
1.6031	1.6076	-0.2898
1.5446	1.612	-0.2898
1.5999	1.6168	-0.2898
1.7247	1.6353	-0.2898
1.6078	1.6225	-0.2898
1.6274	1.6184	-0.2898
1.8529	1.6373	-0.2898
1.5961	1.6052	-0.2898
1.5349	1.6143	-0.2898
1.6079	1.6169	-0.2898
1.7629	1.6331	-0.2898
1.7094	1.6194	-0.2898
1.8785	1.6386	-0.2898
1.6503	1.6225	-0.2898
1.6479	1.6183	-0.2898
1.7427	1.6251	-0.2898
1.6612	1.6182	-0.2898
1.7334	1.6217	-0.2898
1.5797	1.6178	-0.2898
1.6562	1.6037	-0.2898
1.7196	1.6279	-0.2898
1.8449	1.6285	-0.2898
1.9791	1.6506	-0.2898
1.649	1.6129	-0.2898
1.8183	1.6293	-0.2898
0.0	0.0	-0.2898
1.8475	1.6427	-0.2898
1.6165	1.6146	-0.412
1.8528	1.6462	-0.412
1.584	1.6141	-0.412
1.5351	1.6153	-0.412
1.5712	1.6096	-0.412
2.0144	1.6616	-0.412
1.6726	1.6187	-0.412
0.0	0.0	-0.412
1.6824	1.6284	-0.412
1.7999	1.6314	-0.412
1.7031	1.6292	-0.412
1.7241	1.6184	-0.412
1.661	1.6254	-0.412
1.7071	1.6178	-0.412
2.0668	1.668	-0.412
1.6183	1.616	-0.412
1.7739	1.6374	-0.412
1.767	1.6305	-0.412
1.6818	1.6096	-0.412
1.5293	1.6098	-0.412
1.6259	1.6215	-0.412
1.5508	1.6071	-0.412
1.715	1.6315	-0.412
1.6979	1.6117	-0.412
1.7291	1.6259	-0.412
1.795	1.6285	-0.412
2.1956	1.6801	-0.412
1.5699	1.6215	-0.412
1.5751	1.6163	-0.412
1.5717	1.6123	-0.412
1.6158	1.6205	-0.412
1.6044	1.6098	-0.412
1.6618	1.6107	-0.412
1.7322	1.6262	-0.412
1.6869	1.61	-0.412
1.7579	1.6195	-0.412
1.734	1.6294	-0.412
1.638	1.627	-0.412
2.448	1.7264	-0.412
1.7604	1.631	-0.412
1.7495	1.6149	-0.412
1.5061	1.5999	-0.412
1.5412	1.6182	-0.412
1.6779	1.6313	-0.412
1.5913	1.6197	-0.412
1.9309	1.6436	-0.412
1.5257	1.6108	-0.412
1.5535	1.6032	-0.412
1.5853	1.6131	-0.412
1.6946	1.6248	-0.412
1.6157	1.6147	-0.412
0.0	0.0	-0.412
1.6338	1.6274	-0.412
1.6412	1.6256	-0.412
1.6512	1.624	-0.412
1.6185	1.6034	-0.412
1.798	1.6355	-0.412
1.6183	1.614	-0.412
1.6207	1.6093	-0.412
1.8699	1.6309	-0.412
1.8841	1.6325	-0.412
1.788	1.6198	-0.412
1.9088	1.6498	-0.412
1.73	1.6174	-0.4147
1.8454	1.6328	-0.4147
1.8375	1.6336	-0.4147
1.7747	1.6291	-0.4147
1.7265	1.6346	-0.4147
1.6198	1.6288	-0.4147
1.5571	1.607	-0.4147
1.5967	1.6165	-0.4147
1.6676	1.6209	-0.4147
2.2172	1.6893	-0.4147
1.5783	1.6101	-0.4147
1.7163	1.6189	-0.4147
1.6039	1.6166	-0.4147
1.6991	1.6198	-0.4147
1.7604	1.6247	-0.4147
1.6599	1.6238	-0.4147
1.5853	1.6171	-0.4147
1.698	1.6209	-0.4147
1.7142	1.6284	-0.4147
1.8344	1.6379	-0.4147
1.5622	1.6179	-0.4159
1.7346	1.6221	-0.4159
1.9902	1.6566	-0.4159
1.742	1.6314	-0.4159
1.5439	1.6153	-0.4159
1.6943	1.6247	-0.4159
1.5929	1.6117	-0.4159
1.6091	1.6226	-0.4159
1.5975	1.6128	-0.4159
1.5706	1.6035	-0.4159
1.7551	1.6183	-0.4159
1.5417	1.6128	-0.4159
1.5898	1.6139	-0.4159
1.565	1.6041	-0.4159
1.6511	1.6129	-0.4159
1.977	1.6604	-0.4159
1.6513	1.6129	-0.4159
1.8424	1.6282	-0.4159
1.8692	1.6371	-0.4159
1.6733	1.6296	-0.4159
1.8078	1.6388	-0.4159
1.6368	1.6127	-0.4159
1.5974	1.6172	-0.4159
1.6178	1.6154	-0.4159
1.6048	1.6077	-0.4159
1.5564	1.6128	-0.4159
1.5824	1.6144	-0.4159
1.6385	1.6126	-0.4159
1.5913	1.6117	-0.4159
1.6589	1.6262	-0.4159
1.868	1.6433	-0.4159
1.6412	1.6194	-0.4159
1.6915	1.6152	-0.4159
2.5656	1.7662	-0.4159
1.6512	1.6133	-0.4159
1.9194	1.6457	-0.4159
1.6315	1.6244	-0.4159
1.6195	1.6172	-0.4159
1.5821	1.6089	-0.4159
1.647	1.6155	-0.4159
1.6379	1.601	-0.4159
1.8742	1.6324	-0.4159
1.7023	1.619	-0.4159
2.345	1.7107	-0.4159
1.8926	1.6451	-0.4161
1.9076	1.6368	-0.4161
1.7063	1.6246	-0.4161
1.5469	1.6134	-0.4161
1.624	1.6242	-0.4161
1.6487	1.6165	-0.4161
1.861	1.6416	-0.4161
1.8456	1.6325	-0.4161
1.9574	1.6478	-0.4161
1.599	1.6186	-0.4161
1.6264	1.6069	-0.4161
1.5613	1.6099	-0.4161
1.6971	1.6214	-0.4161
1.6072	1.6216	-0.4161
1.7489	1.6233	-0.4161
1.5251	1.6063	-0.4161
1.5623	1.604	-0.4161
1.6113	1.6041	-0.4161
2.183	1.6938	-0.4161
1.5016	1.6106	-0.4161
1.53	1.6096	-0.4161
1.6427	1.6128	-0.4161
1.8704	1.643	-0.4161
1.7064	1.6153	-0.4161
1.7468	1.6267	-0.4161
1.6559	1.6168	-0.4161
1.6453	1.6102	-0.4161
1.7022	1.622	-0.4161
1.7357	1.618	-0.4161
1.6815	1.6252	-0.4161
1.7944	1.6392	-0.4161
2.0551	1.6669	-0.4161
1.7196	1.6151	-0.4161
1.7095	1.6262	-0.4161
1.8301	1.6244	-0.4161
1.7887	1.6319	-0.4161
1.6044	1.6207	-0.4169
1.6358	1.612	-0.4169
1.6718	1.6059	-0.4169
1.6887	1.6141	-0.4169
1.757	1.6254	-0.4169
1.8975	1.6375	-0.4169
1.6957	1.6296	-0.4169
1.7201	1.6125	-0.4169
1.7958	1.6334	-0.4169
1.6479	1.6156	-0.4169
1.6975	1.6235	-0.4169
1.8767	1.6422	-0.4169
1.8706	1.6384	-0.4169
1.5663	1.6189	-0.4169
1.652	1.6269	-0.4169
1.9625	1.6495	-0.4169
1.5562	1.6177	-0.4169
1.6306	1.6131	-0.4169
1.696	1.6174	-0.4169
1.5389	1.6118	-0.4169
1.5392	1.6037	-0.4169
1.6407	1.6163	-0.4169
1.6727	1.6153	-0.4169
1.7476	1.6191	-0.4169
1.7132	1.6301	-0.4169
1.7585	1.6202	-0.4169
1.6353	1.6143	-0.4169
1.6704	1.6121	-0.4169
1.8276	1.6497	-0.4169
1.8459	1.6318	-0.4169
1.7244	1.6197	-0.4169
1.6436	1.6195	-0.4169
1.8074	1.6398	-0.4169
1.8357	1.6273	-0.4169
1.9785	1.6427	-0.4169
1.5965	1.6155	-0.4169
1.6643	1.6247	-0.4169
1.599	1.6076	-0.4169
1.5624	1.6096	-0.4169
1.6589	1.623	-0.4169
1.7928	1.6406	-0.4169
2.0618	1.6664	-0.4169
1.6645	1.6096	-0.4169
1.8474	1.6417	-0.4169
1.57	1.6128	-0.4169
1.654	1.6206	-0.4169
1.976	1.6522	-0.4169
1.6768	1.6264	-0.4169
1.8293	1.6434	-0.4169
1.7078	1.6152	-0.4169
1.7432	1.6162	-0.4169
1.6503	1.6171	-0.4169
1.6361	1.6186	-0.4169
1.7101	1.6239	-0.4169
1.959	1.6527	-0.4169
1.8968	1.6447	-0.4169
1.6627	1.6214	-0.4169
1.5966	1.6127	-0.4191
1.6439	1.6172	-0.4191
1.5866	1.6052	-0.4191
1.5676	1.6177	-0.4191
1.6476	1.6202	-0.4191
1.7875	1.638	-0.4191
1.7415	1.624	-0.4191
1.6803	1.6163	-0.4191
1.716	1.6124	-0.4191
2.4728	1.7414	-0.4191
1.5799	1.6163	-0.4191
1.5937	1.6147	-0.4191
1.654	1.6099	-0.4191
1.7496	1.6275	-0.4191
1.5944	1.6152	-0.4191
1.653	1.6124	-0.4191
1.6498	1.6165	-0.4191
1.7136	1.6193	-0.4191
1.6617	1.6246	-0.4191
1.7413	1.633	-0.4191
1.6537	1.6128	-0.4191
1.7631	1.6221	-0.4191
1.9188	1.6435	-0.4191
1.6768	1.6276	-0.4191
1.6726	1.6173	-0.4191
1.795	1.647	-0.4191
1.8586	1.6379	-0.4191
1.5822	1.6128	-0.4191
1.787	1.6353	-0.4191
1.7386	1.6302	-0.4191
2.1171	1.6745	-0.4191
1.5548	1.617	-0.4191
1.6456	1.6117	-0.4191
1.6538	1.6142	-0.4191
1.7305	1.6328	-0.4191
1.8848	1.6387	-0.4191
1.6764	1.6201	-0.4191
1.873	1.6469	-0.4191
1.5595	1.6065	-0.4191
1.5719	1.6109	-0.4191
1.5904	1.6076	-0.4191
1.5778	1.6109	-0.4191
1.6585	1.62	-0.4191
1.8832	1.6423	-0.4191
1.8793	1.6337	-0.4191
1.8328	1.6336	-0.4191
1.6964	1.6189	-0.4191
1.6989	1.6249	-0.4191
1.8653	1.6447	-0.4191
1.9671	1.6483	-0.4191
1.7358	1.6236	-0.4191
1.7618	1.6287	-0.4191
1.9187	1.6631	-0.4191
1.715	1.6287	-0.4192
1.7693	1.6322	-0.4192
1.6182	1.6224	-0.4192
1.6351	1.6217	-0.4192
1.5889	1.6071	-0.4192
1.6553	1.628	-0.4192
1.8778	1.6342	-0.4192
1.8112	1.6198	-0.4192
1.814	1.6387	-0.4192
1.6102	1.6204	-0.4192
1.6203	1.6159	-0.4192
1.7018	1.6253	-0.4192
1.7375	1.63	-0.4192
1.5879	1.6156	-0.4192
1.7184	1.618	-0.4192
1.8453	1.6273	-0.4192
1.5225	1.6123	-0.4192
1.5341	1.6037	-0.4192
1.6262	1.6137	-0.4192
1.5687	1.6232	-0.4192
1.6217	1.6287	-0.4192
1.5487	1.6142	-0.4192
1.6479	1.6194	-0.4192
1.9317	1.6306	-0.4192
1.6558	1.6232	-0.4192
1.5661	1.6139	-0.4192
1.5245	1.606	-0.4192
1.5382	1.6037	-0.4192
1.7151	1.6224	-0.4192
2.0848	1.6656	-0.4192
1.861	1.6468	-0.4192
1.7253	1.6209	-0.4192
1.6185	1.6252	-0.4192
1.7089	1.6222	-0.4192
1.7596	1.6233	-0.4192
1.8369	1.6251	-0.4192
1.6878	1.6225	-0.4192
1.8349	1.6319	-0.4192
1.7497	1.6273	-0.4192
1.7325	1.6397	-0.4192
1.6285	1.6136	-0.4192
1.6379	1.6102	-0.4192
1.7012	1.6189	-0.4192
1.6998	1.6139	-0.4192
1.8784	1.6379	-0.4192
1.6471	1.6281	-0.4192
1.711	1.6281	-0.4192
1.7981	1.6312	-0.4192
1.7236	1.6329	-0.4192
1.8349	1.6465	-0.4192
1.8541	1.6381	-0.4192
1.6355	1.6167	-0.4258
1.8822	1.6479	-0.4258
1.9595	1.6536	-0.4258
1.7654	1.6296	-0.4258
1.6103	1.6167	-0.4258
1.7129	1.6128	-0.4258
1.5279	1.6109	-0.4258
1.6387	1.6221	-0.4258
1.5655	1.6075	-0.4258
1.571	1.605	-0.4258
1.6418	1.6114	-0.4258
1.6786	1.621	-0.4258
1.8388	1.6357	-0.4258
1.6754	1.6169	-0.4258
1.5886	1.6118	-0.4258
1.6066	1.6093	-0.4258
1.6769	1.6138	-0.4258
1.5668	1.6098	-0.4258
1.699	1.6278	-0.4258
1.779	1.6207	-0.4258
1.5798	1.6181	-0.4258
1.6264	1.6195	-0.4258
1.6859	1.6233	-0.4258
1.5898	1.6146	-0.4258
1.7189	1.6206	-0.4258
1.8039	1.6274	-0.4258
1.6191	1.6172	-0.4258
1.897	1.6457	-0.4258
1.7806	1.6303	-0.4258
1.8524	1.6511	-0.4258
1.6725	1.6268	-0.4258
1.7194	1.6265	-0.4258
1.689	1.6275	-0.4258
1.7853	1.6386	-0.4258
1.7695	1.6279	-0.4258
1.8342	1.6297	-0.4258
1.7171	1.6166	-0.4258
1.8168	1.6381	-0.4258
1.85	1.6419	-0.4258
2.4228	1.7259	-0.4258
1.9796	1.6576	-0.4258
1.9585	1.6539	-0.4258
1.7212	1.6321	-0.4281
1.7347	1.6274	-0.4281
1.6252	1.6112	-0.4281
1.8076	1.6316	-0.4281
1.7874	1.6302	-0.4281
1.8407	1.6379	-0.4281
1.6209	1.6086	-0.4281
1.7173	1.6193	-0.4281
1.7847	1.6369	-0.4281
1.915	1.635	-0.4281
1.8211	1.6311	-0.4281
1.8309	1.6414	-0.4281
1.9223	1.6431	-0.4281
1.9627	1.6531	-0.4281
1.8541	1.6459	-0.4346
1.7906	1.6319	-0.4346
1.6112	1.615	-0.4346
1.6946	1.6199	-0.4346
1.6695	1.6222	-0.4346
1.8193	1.64	-0.4346
1.6028	1.6153	-0.4346
1.6348	1.6126	-0.4346
1.6366	1.6187	-0.4346
2.0084	1.6585	-0.4346
1.6268	1.6215	-0.4346
1.5804	1.6126	-0.4346
1.6778	1.6243	-0.4346
1.6392	1.6177	-0.4346
1.6247	1.6185	-0.4346
1.7587	1.6344	-0.4346
1.9186	1.6534	-0.4346
1.6213	1.6242	-0.4346
1.6496	1.6167	-0.4346
1.6762	1.6169	-0.4346
1.7198	1.6223	-0.4346
1.7252	1.6107	-0.4346
2.1814	1.7027	-0.4346
0.0	0.0	-0.4346
1.8061	1.6303	-0.4346
1.9614	1.6575	-0.4346
1.8001	1.6447	-0.5493
1.6961	1.6245	-0.5493
1.7894	1.6237	-0.5493
1.7319	1.6322	-0.5493
1.6072	1.6237	-0.5493
1.6412	1.6193	-0.5493
1.9179	1.6577	-0.5493
1.773	1.625	-0.5493
1.7208	1.635	-0.5493
1.6707	1.6035	-0.5493
1.7842	1.618	-0.5493
1.7072	1.6287	-0.5493
1.6506	1.6144	-0.5493
0.0	0.0	-0.5493
1.6142	1.6287	-0.5493
1.6598	1.6185	-0.5493
1.7786	1.6387	-0.5493
1.7283	1.64	-0.5493
1.7425	1.6278	-0.5493
1.9137	1.6423	-0.5493
2.0923	1.6606	-0.5493
1.6572	1.6294	-0.5493
1.5999	1.6133	-0.5493
1.6245	1.6133	-0.5493
1.7064	1.6223	-0.5493
1.5767	1.6198	-0.5493
1.5235	1.6094	-0.5493
1.6305	1.6223	-0.5493
1.6434	1.6139	-0.5493
1.684	1.6102	-0.5493
2.1602	1.685	-0.5493
1.771	1.6363	-0.5493
1.8982	1.6476	-0.5493
1.9757	1.6553	-0.5493
1.944	1.6465	-0.5493
1.8397	1.6322	-0.5493
2.1516	1.6667	-0.5493
1.5315	1.6092	-0.5493
1.6319	1.6131	-0.5493
1.7215	1.6196	-0.5493
1.8156	1.6442	-0.5493
1.7123	1.6181	-0.5493
1.7352	1.6194	-0.5493
1.8188	1.629	-0.5493
1.7725	1.6309	-0.5493
1.7917	1.6274	-0.5493
1.629	1.6235	-0.5493
1.9758	1.6514	-0.5493
1.6523	1.6183	-0.5493
1.6983	1.6153	-0.5493
1.8878	1.6303	-0.5493
1.7878	1.6255	-0.5493
2.0713	1.6686	-0.5529
1.6276	1.626	-0.5529
1.5855	1.6124	-0.5529
1.6734	1.6215	-0.5529
2.0812	1.6634	-0.5529
1.7109	1.6266	-0.5529
1.738	1.6191	-0.5529
1.8936	1.6391	-0.5529
1.7034	1.6222	-0.5529
2.2083	1.698	-0.5529
1.6325	1.6135	-0.5529
1.8823	1.6403	-0.5529
1.587	1.6197	-0.5529
1.5686	1.6139	-0.5529
1.7019	1.627	-0.5529
1.7313	1.6274	-0.5529
1.7801	1.6274	-0.5529
1.6524	1.6172	-0.5529
1.6905	1.6147	-0.5529
1.7011	1.6153	-0.5529
1.8738	1.6431	-0.5529
1.9034	1.6369	-0.5529
1.9029	1.6419	-0.5545
1.6726	1.6276	-0.5545
1.6829	1.6244	-0.5545
1.8373	1.6275	-0.5545
1.9391	1.6476	-0.5545
2.025	1.6604	-0.5545
1.6429	1.618	-0.5545
1.6568	1.61	-0.5545
1.6626	1.6225	-0.5545
1.635	1.6111	-0.5545
1.8718	1.6426	-0.5545
1.6447	1.6149	-0.5545
1.5298	1.6169	-0.5545
1.8344	1.6365	-0.5545
1.5147	1.6069	-0.5545
1.5155	1.6055	-0.5545
1.915	1.6487	-0.5545
1.7121	1.6256	-0.5545
1.8416	1.6419	-0.5545
1.8015	1.6403	-0.5545
1.6756	1.6297	-0.5545
1.7757	1.6328	-0.5545
1.7239	1.6145	-0.5545
1.7701	1.637	-0.5545
2.1682	1.6898	-0.5545
1.7266	1.6134	-0.5545
1.8006	1.6315	-0.5545
1.656	1.6156	-0.5545
1.7072	1.6189	-0.5545
1.7544	1.6228	-0.5545
1.5342	1.6076	-0.5549
1.6886	1.6237	-0.5549
1.7257	1.6232	-0.5549
1.7462	1.6144	-0.5549
1.7472	1.6108	-0.5549
1.5382	1.6172	-0.5549
1.5407	1.6092	-0.5549
1.6415	1.6218	-0.5549
1.8362	1.6505	-0.5549
1.7149	1.6305	-0.5549
2.1781	1.6933	-0.5549
1.5487	1.6118	-0.5549
1.5514	1.61	-0.5549
1.5893	1.6133	-0.5549
1.6226	1.6003	-0.5549
1.8899	1.6263	-0.5549
0.0	0.0	-0.5549
1.7537	1.6196	-0.5549
1.5716	1.6168	-0.5549
1.598	1.6144	-0.5549
1.6614	1.6194	-0.5549
1.6643	1.613	-0.5549
1.6914	1.629	-0.5549
1.5866	1.6054	-0.5549
1.6371	1.6232	-0.5549
1.7215	1.6312	-0.5549
1.7073	1.6212	-0.5549
1.7601	1.6189	-0.5549
1.6899	1.6153	-0.5549
1.798	1.6306	-0.5549
1.8646	1.6522	-0.5549
1.6605	1.611	-0.5549
1.9386	1.6485	-0.5549
1.8242	1.6398	-0.5549
1.7806	1.6341	-0.5549
2.1667	1.6674	-0.5549
0.0	0.0	-0.5549
1.6385	1.6267	-0.5559
1.6967	1.6311	-0.5559
1.5761	1.6136	-0.5559
1.6498	1.6164	-0.5559
1.8527	1.6348	-0.5559
1.8263	1.6288	-0.5559
1.6487	1.611	-0.5559
1.7123	1.6203	-0.5559
1.5163	1.6059	-0.5559
1.5246	1.6049	-0.5559
1.5941	1.6103	-0.5559
2.0675	1.6731	-0.5559
1.7325	1.6294	-0.5559
2.0512	1.6627	-0.5559
1.621	1.6043	-0.5559
1.6596	1.6255	-0.5559
1.5994	1.6117	-0.5559
1.6387	1.6122	-0.5559
1.7418	1.6383	-0.5559
1.7698	1.6213	-0.5559
1.8139	1.629	-0.5559
1.6972	1.6303	-0.5559
1.7143	1.6267	-0.5559
1.8015	1.633	-0.5559
1.9729	1.6515	-0.5559
1.6415	1.6177	-0.5559
1.6806	1.6133	-0.5559
1.713	1.6172	-0.5559
1.7404	1.632	-0.5559
1.6344	1.6201	-0.5559
1.5596	1.62	-0.5559
1.7801	1.6354	-0.5559
1.9613	1.6507	-0.5559
1.6754	1.6255	-0.5559
1.584	1.6125	-0.5559
1.7061	1.6226	-0.5559
1.7184	1.6298	-0.5559
1.705	1.6326	-0.5559
1.7564	1.6188	-0.5559
1.8357	1.6322	-0.5559
1.5961	1.6164	-0.5559
1.6726	1.6007	-0.5559
1.8052	1.6286	-0.5559
1.9035	1.6415	-0.5559
2.0567	1.6708	-0.5559
1.7308	1.6294	-0.5559
1.762	1.6314	-0.5559
1.7033	1.6225	-0.5559
1.7194	1.618	-0.5559
2.1782	1.6937	-0.5559
1.7572	1.6218	-0.5559
1.857	1.6387	-0.5587
1.5515	1.6169	-0.5587
1.653	1.6317	-0.5587
1.5824	1.617	-0.5587
1.7686	1.6295	-0.5587
1.7995	1.6217	-0.5587
1.9985	1.6634	-0.5587
1.6285	1.6185	-0.5587
1.7313	1.6307	-0.5587
1.6996	1.6108	-0.5587
1.541	1.6104	-0.5587
1.5591	1.6105	-0.5587
1.8367	1.6298	-0.5587
1.663	1.6192	-0.5587
1.7231	1.6167	-0.5587
1.7968	1.6247	-0.5587
1.6305	1.618	-0.5587
1.848	1.6383	-0.5587
1.6524	1.6227	-0.5587
1.8955	1.629	-0.5587
1.8583	1.6358	-0.5587
1.7991	1.632	-0.5587
1.7114	1.625	-0.5587
1.7231	1.6212	-0.5587
1.8269	1.6366	-0.5587
1.7245	1.6195	-0.5587
1.7363	1.6273	-0.5587
1.7231	1.6148	-0.5587
2.2218	1.6839	-0.5587
1.7083	1.623	-0.5587
1.8228	1.629	-0.5587
1.6028	1.6195	-0.5587
1.641	1.6233	-0.5587
1.6361	1.6175	-0.5587
1.6214	1.6126	-0.5587
1.6347	1.6114	-0.5587
2.1069	1.6774	-0.5587
1.6823	1.6278	-0.5587
1.6134	1.6117	-0.5587
1.6312	1.6099	-0.5587
1.784	1.6292	-0.5587
1.8273	1.6388	-0.5587
1.8041	1.6363	-0.5587
2.0608	1.6619	-0.5587
1.7366	1.6271	-0.5587
1.8942	1.6385	-0.5587
1.8119	1.6311	-0.5587
0.0	0.0	-0.5587
1.7354	1.6277	-0.5587
1.7785	1.6364	-0.5587
1.769	1.6154	-0.5587
2.0039	1.6607	-0.5587
1.8514	1.6295	-0.5587
1.9761	1.6435	-0.5587
1.868	1.6333	-0.5587
1.8953	1.6527	-0.5587
1.8704	1.6456	-0.5589
1.744	1.6306	-0.5589
1.8454	1.629	-0.5589
1.8435	1.642	-0.5589
2.0068	1.6592	-0.5589
2.0876	1.664	-0.5589
0.0	0.0	-0.5589
1.6088	1.6195	-0.5589
1.68	1.6156	-0.5589
1.853	1.6437	-0.5589
1.8752	1.6371	-0.5589
0.0	0.0	-0.5589
1.533	1.6081	-0.5589
1.533	1.6148	-0.5589
1.648	1.6313	-0.5589
1.5705	1.615	-0.5589
1.6061	1.6177	-0.5589
1.5798	1.6153	-0.5589
1.6388	1.6118	-0.5589
1.9098	1.6371	-0.5589
1.5727	1.6202	-0.5589
1.5784	1.6087	-0.5589
1.6461	1.6164	-0.5589
1.9225	1.6493	-0.5589
1.9193	1.6509	-0.5589
1.8824	1.638	-0.5589
1.907	1.6449	-0.5589
1.8244	1.6369	-0.5589
1.9488	1.653	-0.5589
1.8469	1.6382	-0.5589
1.8396	1.6358	-0.5589
2.0905	1.6701	-0.5589
1.9549	1.651	-0.5589
1.8708	1.6403	-0.5589
1.9935	1.651	-0.5589
1.7233	1.6213	-0.5589
1.906	1.6408	-0.5589
1.869	1.6379	-0.5677
1.7949	1.6312	-0.5677
1.746	1.6297	-0.5677
1.6118	1.6231	-0.5677
2.1131	1.6847	-0.5677
1.8277	1.6405	-0.5677
1.7881	1.6302	-0.5677
1.8672	1.6409	-0.5677
1.6914	1.6246	-0.5677
1.6642	1.6157	-0.5677
2.0899	1.6697	-0.5677
1.6258	1.6109	-0.5677
1.6335	1.6073	-0.5677
1.6604	1.6189	-0.5677
1.879	1.655	-0.5677
1.7879	1.624	-0.5677
2.0307	1.6682	-0.5677
1.9496	1.647	-0.5677
1.6974	1.627	-0.5677
2.201	1.6873	-0.5677
1.823	1.6319	-0.5677
1.7635	1.6193	-0.5677
1.962	1.6453	-0.5708
1.8179	1.6304	-0.5708
1.6572	1.6112	-0.5708
1.6861	1.626	-0.5708
1.7359	1.626	-0.5708
2.0381	1.6569	-0.5708
1.6421	1.6202	-0.5708
1.7399	1.6203	-0.5708
2.074	1.6712	-0.5708
1.8596	1.6367	-0.5708
1.9058	1.6332	-0.5708
1.8757	1.6428	-0.5708
2.1331	1.6621	-0.5795
2.0719	1.6652	-0.5795
1.6984	1.6281	-0.5795
1.6551	1.6108	-0.5795
1.6253	1.6202	-0.5795
1.6534	1.6172	-0.5795
1.6739	1.6156	-0.5795
1.6541	1.6216	-0.5795
1.6966	1.6198	-0.5795
1.8062	1.6299	-0.5795
1.6545	1.6226	-0.5795
1.7122	1.6244	-0.5795
1.7609	1.6215	-0.5795
2.0101	1.663	-0.5795
1.6746	1.6365	-0.5795
1.5986	1.6123	-0.5795
1.5904	1.6217	-0.5795
1.5779	1.6109	-0.5795
1.6006	1.6073	-0.5795
1.8189	1.6257	-0.5795
1.7649	1.6304	-0.5795
2.2466	1.6999	-0.5795
1.6331	1.6211	-0.5795
1.6916	1.6247	-0.5795
1.6439	1.6126	-0.5795
1.695	1.6147	-0.5795
1.8782	1.6387	-0.5795
1.8009	1.6276	-0.5795
1.9857	1.6581	-0.5795
1.8688	1.6386	-0.5795
1.6635	1.6249	-0.5795
1.7386	1.6228	-0.6867
1.9087	1.6453	-0.6867
1.8835	1.6483	-0.6867
1.7977	1.6401	-0.6867
0.0	0.0	-0.6867
1.9785	1.6592	-0.6867
2.0566	1.6623	-0.6867
1.6791	1.6263	-0.6867
1.969	1.6536	-0.6867
1.6501	1.6148	-0.6867
1.8357	1.6422	-0.6867
1.7361	1.6115	-0.6867
1.6487	1.6097	-0.6867
1.6381	1.6194	-0.6867
1.6873	1.6186	-0.6867
1.9196	1.6499	-0.6867
1.5294	1.6073	-0.6867
1.7459	1.6317	-0.6867
1.71	1.6192	-0.6867
1.9184	1.6517	-0.6867
1.5747	1.6128	-0.6867
1.6195	1.6137	-0.6867
1.6214	1.6105	-0.6867
1.7335	1.6315	-0.6867
1.778	1.6252	-0.6867
1.8634	1.6427	-0.6867
2.044	1.6524	-0.6867
1.7781	1.6334	-0.6867
1.7699	1.6398	-0.6867
1.8242	1.6301	-0.6867
1.7127	1.6284	-0.6912
1.7764	1.6287	-0.6912
1.6581	1.611	-0.6912
1.99	1.6562	-0.6912
1.6782	1.6202	-0.6912
1.805	1.6317	-0.6912
1.6033	1.6205	-0.6912
1.7231	1.6311	-0.6912
1.8298	1.6452	-0.6912
1.623	1.6188	-0.6912
1.7816	1.6411	-0.6912
1.5957	1.6178	-0.6912
1.7395	1.624	-0.6912
1.9943	1.6594	-0.6912
1.6846	1.6176	-0.6912
1.9239	1.6477	-0.6912
1.7178	1.6313	-0.6912
1.9543	1.6495	-0.6912
1.9179	1.6516	-0.6932
1.71	1.6186	-0.6932
1.6566	1.6187	-0.6932
1.6667	1.6138	-0.6932
1.6684	1.6203	-0.6932
1.9138	1.6334	-0.6932
1.8657	1.6477	-0.6932
1.6298	1.6219	-0.6932
1.6341	1.6204	-0.6932
1.7573	1.6248	-0.6932
1.9281	1.6469	-0.6932
1.895	1.6514	-0.6932
1.9177	1.636	-0.6932
1.7728	1.6361	-0.6932
1.6453	1.6224	-0.6932
1.6444	1.615	-0.6932
1.7005	1.6189	-0.6932
1.8464	1.6263	-0.6932
1.8189	1.6212	-0.6932
2.206	1.681	-0.6932
1.7576	1.6261	-0.6932
1.5247	1.6152	-0.6936
1.5556	1.615	-0.6936
1.5371	1.608	-0.6936
1.7072	1.6239	-0.6936
1.5632	1.6178	-0.6936
1.6588	1.6235	-0.6936
1.7959	1.6363	-0.6936
1.7964	1.6419	-0.6936
1.7566	1.6255	-0.6936
1.7406	1.6299	-0.6936
1.5862	1.6077	-0.6936
2.1158	1.6646	-0.6936
1.778	1.6239	-0.6936
2.107	1.6786	-0.6936
1.5947	1.6187	-0.6936
1.6416	1.6233	-0.6936
1.5935	1.6098	-0.6936
1.9819	1.6502	-0.6936
1.9043	1.6442	-0.6936
1.8277	1.6339	-0.6936
2.0072	1.6634	-0.6936
2.0444	1.6597	-0.6936
1.7142	1.6359	-0.6949
1.7325	1.6282	-0.6949
2.2326	1.7067	-0.6949
1.7213	1.622	-0.6949
1.5215	1.6133	-0.6949
1.6181	1.6183	-0.6949
1.6566	1.6131	-0.6949
1.7031	1.6226	-0.6949
1.5524	1.6143	-0.6949
1.5877	1.6096	-0.6949
1.9657	1.6486	-0.6949
1.8475	1.6306	-0.6949
1.8493	1.6332	-0.6949
1.7187	1.6283	-0.6949
1.6853	1.6081	-0.6949
1.7086	1.6218	-0.6949
1.7408	1.6143	-0.6949
1.553	1.6164	-0.6949
1.5762	1.6171	-0.6949
1.5766	1.6146	-0.6949
1.6571	1.6167	-0.6949
1.5976	1.6145	-0.6949
1.8088	1.6329	-0.6949
2.3176	1.7137	-0.6949
0.0	0.0	-0.6949
1.6156	1.6171	-0.6949
1.9376	1.6413	-0.6949
1.638	1.6153	-0.6949
1.7852	1.6215	-0.6949
1.9112	1.6397	-0.6949
2.0108	1.6705	-0.6949
1.6378	1.608	-0.6984
1.6756	1.625	-0.6984
1.6295	1.6137	-0.6984
1.7809	1.6347	-0.6984
1.8233	1.6338	-0.6984
2.0428	1.6573	-0.6984
2.0612	1.6603	-0.6984
1.4924	1.6139	-0.6984
1.6391	1.6134	-0.6984
1.7154	1.6323	-0.6984
1.6654	1.6185	-0.6984
1.8105	1.6404	-0.6984
1.7549	1.6198	-0.6984
1.8207	1.6271	-0.6984
1.7103	1.6244	-0.6984
1.7173	1.6166	-0.6984
1.7456	1.6255	-0.6984
1.8749	1.6337	-0.6984
1.6878	1.6312	-0.6984
1.8092	1.6194	-0.6984
1.9832	1.6525	-0.6984
1.9285	1.6517	-0.6984
1.8028	1.6268	-0.6984
1.9554	1.6525	-0.6984
1.6584	1.6136	-0.6984
1.5966	1.6264	-0.6984
1.6553	1.6178	-0.6984
1.7742	1.6266	-0.6984
1.8041	1.6361	-0.6984
1.8238	1.6305	-0.6984
1.8256	1.6274	-0.6986
1.696	1.6235	-0.6986
1.8999	1.6368	-0.6986
1.8558	1.6484	-0.6986
1.6157	1.617	-0.6986
1.7126	1.6265	-0.6986
1.706	1.627	-0.6986
1.6649	1.6246	-0.6986
1.6568	1.6158	-0.6986
1.6365	1.6162	-0.6986
1.6836	1.6234	-0.6986
1.6836	1.6087	-0.6986
1.6595	1.6113	-0.6986
1.6383	1.6173	-0.6986
1.8724	1.6444	-0.6986
1.5468	1.6114	-0.6986
1.7517	1.6247	-0.6986
2.13	1.6686	-0.6986
1.9561	1.6568	-0.6986
1.8256	1.63	-0.6986
1.7334	1.6241	-0.6986
1.9382	1.6401	-0.6986
1.7896	1.6243	-0.6986
1.9305	1.6416	-0.6986
2.1933	1.6841	-0.6986
1.7543	1.6238	-0.7096
2.0979	1.6681	-0.7096
2.0342	1.6599	-0.7096
1.6292	1.6086	-0.7096
2.0126	1.6572	-0.7096
1.6332	1.6148	-0.7096
1.7131	1.6205	-0.7096
1.8071	1.6369	-0.7096
1.7588	1.6225	-0.7096
1.8671	1.6366	-0.7096
1.93	1.6435	-0.7096
2.0221	1.6673	-0.7096
1.7903	1.6365	-0.7096
1.8779	1.6424	-0.7096
1.9887	1.6514	-0.7096
1.7996	1.638	-0.7096
2.0535	1.6654	-0.7096
1.8199	1.6338	-0.7135
1.9853	1.6611	-0.7135
1.7758	1.6204	-0.7135
1.8956	1.6451	-0.7135
1.8481	1.6364	-0.7135
2.091	1.6699	-0.7135
2.0584	1.6704	-0.7135
1.8863	1.6398	-0.7135
0.0	0.0	-0.7135
1.6979	1.6173	-0.7135
1.8581	1.6433	-0.7135
2.1623	1.6751	-0.7135
1.8426	1.6386	-0.7135
2.0034	1.6538	-0.7135
1.8534	1.6358	-0.7244
1.7641	1.6265	-0.7244
1.7847	1.6316	-0.7244
1.7239	1.6406	-0.7244
1.8376	1.647	-0.7244
2.0253	1.6721	-0.7244
1.8414	1.6474	-0.7244
1.6654	1.6234	-0.7244
1.7299	1.614	-0.7244
2.1281	1.681	-0.7244
1.8108	1.6362	-0.7244
1.8639	1.6323	-0.7244
1.9684	1.6494	-0.7244
1.889	1.6411	-0.7244
0.0	0.0	-0.7244
2.001	1.6542	-0.7244
1.9541	1.6519	-0.824
1.7966	1.6218	-0.824
1.7419	1.6264	-0.824
1.8036	1.6266	-0.824
1.8101	1.6273	-0.824
1.6992	1.6216	-0.824
1.9909	1.6628	-0.824
1.851	1.6289	-0.824
1.9626	1.6546	-0.824
1.7745	1.6242	-0.824
1.5462	1.6128	-0.824
1.6415	1.6248	-0.824
1.6452	1.6198	-0.824
1.6461	1.6279	-0.824
2.1611	1.6909	-0.824
1.9404	1.6437	-0.824
1.8215	1.6312	-0.824
2.0344	1.6506	-0.824
1.8269	1.6329	-0.824
1.9683	1.6551	-0.824
1.8428	1.641	-0.824
1.8822	1.6437	-0.824
1.7712	1.6344	-0.824
1.8967	1.6345	-0.824
2.262	1.7	-0.824
1.724	1.6312	-0.8294
2.122	1.6785	-0.8294
2.0664	1.6594	-0.8294
1.8279	1.6344	-0.8294
1.6404	1.62	-0.8294
1.6859	1.6222	-0.8294
1.7379	1.6224	-0.8294
0.0	0.0	-0.8294
1.7152	1.6284	-0.8294
1.8926	1.6489	-0.8294
2.046	1.671	-0.8294
1.854	1.6332	-0.8318
1.8515	1.6369	-0.8318
1.8263	1.6336	-0.8318
1.7268	1.6258	-0.8318
2.0069	1.6489	-0.8318
1.9145	1.6398	-0.8318
1.5521	1.6129	-0.8318
1.5913	1.6092	-0.8318
1.6649	1.616	-0.8318
2.1522	1.6802	-0.8318
1.7363	1.6197	-0.8318
2.0392	1.6634	-0.8318
0.0	0.0	-0.8323
1.7528	1.6214	-0.8323
2.0576	1.6701	-0.8323
1.7683	1.6159	-0.8323
1.7962	1.6301	-0.8323
1.6758	1.6189	-0.8323
1.5641	1.6073	-0.8323
1.6547	1.6251	-0.8323
1.8675	1.6348	-0.8323
1.7794	1.6222	-0.8323
1.945	1.6518	-0.8323
1.8147	1.6322	-0.8323
0.0	0.0	-0.8323
1.9257	1.6445	-0.8339
1.8375	1.6375	-0.8339
1.6966	1.6256	-0.8339
1.8484	1.6413	-0.8339
1.8523	1.6391	-0.8339
1.846	1.6359	-0.8339
1.6991	1.6257	-0.8339
1.6286	1.6068	-0.8339
2.2529	1.7016	-0.8339
1.7476	1.6262	-0.8339
1.7861	1.6193	-0.8339
1.8074	1.6466	-0.8339
1.755	1.6285	-0.8339
1.839	1.6266	-0.8339
1.7713	1.6306	-0.8339
1.9062	1.6518	-0.8339
2.265	1.695	-0.8339
2.0671	1.6727	-0.8339
1.8867	1.6527	-0.8339
1.5735	1.6142	-0.8339
1.661	1.6208	-0.8339
1.7461	1.6279	-0.8339
1.8988	1.6369	-0.8339
1.7535	1.6323	-0.8339
1.7489	1.6249	-0.8339
2.0137	1.6538	-0.8339
1.8916	1.6426	-0.8339
1.9433	1.6438	-0.8381
1.6377	1.6158	-0.8381
1.7309	1.6211	-0.8381
1.9063	1.658	-0.8381
1.8201	1.6288	-0.8381
1.8741	1.6301	-0.8381
2.1967	1.7028	-0.8381
1.6799	1.6206	-0.8381
1.8511	1.6397	-0.8381
2.2296	1.687	-0.8381
2.0494	1.6675	-0.8381
2.0082	1.6553	-0.8381
0.0	0.0	-0.8381
1.6659	1.6268	-0.8381
1.6728	1.6135	-0.8381
1.9882	1.6582	-0.8381
2.1687	1.6856	-0.8381
1.7773	1.6233	-0.8381
0.0	0.0	-0.8381
1.8675	1.6434	-0.8381
0.0	0.0	-0.8381
2.0007	1.6514	-0.8381
1.7269	1.6247	-0.8383
1.9203	1.6479	-0.8383
1.8912	1.6397	-0.8383
1.6827	1.6174	-0.8383
1.8595	1.6463	-0.8383
1.9665	1.6508	-0.8383
2.0152	1.6575	-0.8383
1.6361	1.6197	-0.8383
1.7136	1.6158	-0.8383
1.6204	1.62	-0.8383
1.7214	1.6285	-0.8383
1.6686	1.6145	-0.8383
1.7604	1.6354	-0.8383
1.7959	1.6316	-0.8383
1.6216	1.61	-0.8383
1.7706	1.6319	-0.8383
2.2376	1.6956	-0.8383
1.8303	1.6328	-0.8383
1.8787	1.6364	-0.8383
1.9047	1.6583	-0.8383
2.0835	1.6672	-0.8383
1.9839	1.6407	-0.8515
2.0363	1.6645	-0.8515
1.9216	1.6372	-0.8515
1.7981	1.631	-0.8515
1.7308	1.6163	-0.8515
1.749	1.6207	-0.8515
1.8113	1.6338	-0.8515
2.1639	1.6808	-0.8515
1.9813	1.6496	-0.8515
2.0993	1.6784	-0.8562
1.7193	1.6264	-0.8562
1.8336	1.6319	-0.8562
2.2813	1.6977	-0.8562
1.8808	1.6384	-0.8562
2.1176	1.6739	-0.8562
1.9427	1.6441	-0.8562
1.7472	1.6237	-0.8693
1.9757	1.6573	-0.8693
1.8358	1.6388	-0.8693
2.4642	1.745	-0.8693
1.6495	1.6218	-0.8693
1.6746	1.619	-0.8693
1.7323	1.628	-0.8693
1.6686	1.6112	-0.8693
1.7502	1.6257	-0.8693
1.8629	1.627	-0.8693
1.7454	1.6231	-0.8693
1.6816	1.6243	-0.8693
1.9962	1.6554	-0.9613
1.7763	1.6419	-0.9613
1.7052	1.6237	-0.9613
1.7851	1.6276	-0.9613
1.7661	1.621	-0.9613
2.1096	1.6662	-0.9613
1.539	1.6164	-0.9613
1.5579	1.608	-0.9613
1.7929	1.6314	-0.9613
1.9572	1.6477	-0.9613
2.1994	1.6845	-0.9613
1.998	1.6468	-0.9613
1.906	1.6344	-0.9613
1.7994	1.629	-0.9676
1.7718	1.6254	-0.9676
0.0	0.0	-0.9676
1.8652	1.6508	-0.9676
1.8422	1.6461	-0.9676
1.8668	1.6404	-0.9676
1.7049	1.6178	-0.9676
1.857	1.6314	-0.9676
1.8871	1.6444	-0.9676
1.924	1.6386	-0.9676
1.8365	1.6409	-0.9704
1.8783	1.6309	-0.9704
1.8068	1.6358	-0.9704
1.8636	1.6417	-0.9704
1.8175	1.6464	-0.9704
1.7169	1.6205	-0.9704
1.6834	1.6355	-0.9704
1.6136	1.6167	-0.9704
1.9437	1.6403	-0.9704
1.7746	1.6317	-0.9704
2.3298	1.717	-0.9704
1.808	1.6278	-0.9704
1.6242	1.624	-0.971
1.7132	1.6334	-0.971
1.6861	1.6251	-0.971
1.6125	1.6102	-0.971
1.8164	1.6432	-0.971
1.8345	1.627	-0.971
1.6667	1.6223	-0.971
1.6629	1.6164	-0.971
1.69	1.6213	-0.971
1.699	1.6188	-0.971
1.5721	1.6144	-0.971
1.6775	1.617	-0.971
2.1622	1.6824	-0.971
1.6339	1.6176	-0.971
1.7754	1.6295	-0.971
1.767	1.6188	-0.971
0.0	0.0	-0.9728
1.6232	1.6188	-0.9728
1.9043	1.6523	-0.9728
1.667	1.6202	-0.9728
0.0	0.0	-0.9728
1.9114	1.6441	-0.9728
1.7459	1.6186	-0.9728
1.7802	1.6401	-0.9728
1.8489	1.6394	-0.9728
1.741	1.6323	-0.9728
1.8212	1.6236	-0.9728
2.048	1.6601	-0.9728
0.0	0.0	-0.9728
1.8046	1.6263	-0.9778
2.2107	1.6911	-0.9778
1.8532	1.6292	-0.9778
1.6301	1.6264	-0.9778
1.5908	1.6172	-0.9778
1.6849	1.6157	-0.9778
2.0482	1.6558	-0.9778
1.9038	1.6434	-0.9778
1.7366	1.6235	-0.9778
1.9729	1.6505	-0.9778
1.691	1.6249	-0.9778
1.9161	1.6356	-0.9778
1.8066	1.6294	-0.9781
1.6652	1.6322	-0.9781
1.7348	1.616	-0.9781
1.7832	1.6365	-0.9781
1.7141	1.6316	-0.9781
1.8538	1.6301	-0.9781
1.6395	1.6196	-0.9781
1.8311	1.6356	-0.9781
1.8612	1.636	-0.9781
0.0	0.0	-0.9781
1.844	1.6312	-0.9934
1.697	1.6173	-0.9934
1.8622	1.6324	-0.9934
1.9855	1.6496	-0.9934
0.0	0.0	-0.9934
1.8771	1.6365	-0.9934
2.0615	1.6614	-0.9934
2.01	1.6486	-0.9934
2.3359	1.7051	-0.9989
1.9316	1.6417	-0.9989
1.8263	1.6246	-1.0141
2.1744	1.6913	-1.0141
1.7768	1.6303	-1.0141
1.9261	1.6355	-1.0141
1.7553	1.6335	-1.0141
1.8492	1.6376	-1.0141
2.2073	1.6838	-1.0141
0.0	0.0	-1.0141
2.5827	1.7667	-1.0986
1.9315	1.6422	-1.0986
0.0	0.0	-1.0986
2.0077	1.6545	-1.0986
1.9354	1.6442	-1.0986
1.6384	1.6214	-1.0986
1.5221	1.6144	-1.0986
1.5356	1.6106	-1.0986
1.5888	1.6127	-1.0986
1.7085	1.6239	-1.0986
1.6581	1.6206	-1.0986
1.7436	1.6281	-1.0986
2.0554	1.6567	-1.0986
1.8533	1.636	-1.0986
2.0495	1.6565	-1.0986
2.0401	1.6583	-1.1059
1.7836	1.6296	-1.1059
1.881	1.6433	-1.1059
1.9092	1.6501	-1.1059
1.9504	1.6557	-1.1059
2.1201	1.6692	-1.1059
2.0313	1.6595	-1.109
1.7998	1.6273	-1.109
1.9213	1.647	-1.109
1.5812	1.6168	-1.109
1.6051	1.6136	-1.109
1.6357	1.6124	-1.109
1.8566	1.6356	-1.109
1.8406	1.6364	-1.109
1.9886	1.6615	-1.109
1.6481	1.614	-1.1097
0.0	0.0	-1.1097
1.7131	1.615	-1.1097
1.8809	1.6393	-1.1097
1.8063	1.6289	-1.1097
1.9049	1.6374	-1.1097
1.6362	1.6184	-1.1097
1.7623	1.618	-1.1097
2.3549	1.7078	-1.1097
1.9301	1.6372	-1.1097
2.2826	1.7089	-1.1118
1.7971	1.6279	-1.1118
1.6869	1.6155	-1.1118
0.0	0.0	-1.1118
1.8923	1.654	-1.1118
2.1346	1.678	-1.1118
1.8263	1.6344	-1.1118
0.0	0.0	-1.1118
2.3987	1.7195	-1.1118
1.7572	1.6289	-1.1175
1.6118	1.6205	-1.1175
2.011	1.6574	-1.1175
1.8858	1.6352	-1.1175
1.82	1.6285	-1.1175
0.0	0.0	-1.1175
1.7274	1.6218	-1.1175
1.7089	1.6248	-1.1175
1.8188	1.6315	-1.1175
2.405	1.7203	-1.1175
1.7721	1.6208	-1.1178
1.8383	1.642	-1.1178
1.8057	1.6241	-1.1178
1.8304	1.6422	-1.1178
0.0	0.0	-1.1178
0.0	0.0	-1.1178
0.0	0.0	-1.1178
0.0	0.0	-1.1178
1.8555	1.6348	-1.1353
0.0	0.0	-1.1353
1.9287	1.6358	-1.1353
2.0723	1.6706	-1.159
1.8248	1.6329	-1.159
2.0862	1.6741	-1.159
1.9823	1.6508	-1.159
0.0	0.0	-1.236
1.9899	1.6539	-1.236
0.0	0.0	-1.236
2.0618	1.6584	-1.236
1.9031	1.6648	-1.236
1.8152	1.6395	-1.236
1.9082	1.6418	-1.236
1.863	1.6441	-1.236
0.0	0.0	-1.236
0.0	0.0	-1.236
2.0667	1.6628	-1.2441
1.9606	1.6451	-1.2441
1.855	1.6273	-1.2441
1.9944	1.6381	-1.2477
2.1322	1.6718	-1.2477
1.7899	1.6345	-1.2484
1.9038	1.6459	-1.2484
1.9254	1.6493	-1.2484
1.7734	1.6343	-1.2484
0.0	0.0	-1.2508
1.7581	1.6295	-1.2508
1.8433	1.6351	-1.2508
1.8042	1.6277	-1.2508
1.8912	1.6438	-1.2508
1.9452	1.6534	-1.2508
0.0	0.0	-1.2508
2.5681	1.7581	-1.2508
1.7112	1.6305	-1.2508
1.8322	1.6299	-1.2508
1.94	1.6393	-1.2508
2.0099	1.6526	-1.2508
1.8045	1.6274	-1.2572
1.8501	1.6425	-1.2572
1.998	1.6487	-1.2572
1.8202	1.6287	-1.2572
1.9003	1.6401	-1.2572
2.0059	1.6506	-1.2575
2.3123	1.7033	-1.2575
1.9446	1.6384	-1.2575
2.0941	1.6752	-1.2575
0.0	0.0	-1.2575
0.0	0.0	-1.2843
0.0	0.0	-1.3039
2.1158	1.6715	-1.3039
1.7348	1.6204	-1.3733
1.8345	1.6198	-1.3733
1.8975	1.6374	-1.3733
1.5814	1.6211	-1.3733
1.5778	1.6142	-1.3733
1.6587	1.6243	-1.3733
1.6028	1.6131	-1.3733
1.7574	1.6281	-1.3733
0.0	0.0	-1.3824
1.933	1.6347	-1.3863
1.7547	1.6341	-1.3863
1.731	1.6243	-1.3863
1.8445	1.6358	-1.3863
1.8346	1.6296	-1.3871
2.0204	1.6489	-1.3871
1.9238	1.6616	-1.3871
2.0417	1.6602	-1.3871
1.9604	1.6458	-1.3898
1.951	1.644	-1.3968
1.817	1.6276	-1.3968
1.9909	1.6462	-1.3968
1.7953	1.6324	-1.3972
1.8571	1.6399	-1.3972
1.9843	1.6471	-1.4488
1.9402	1.6535	-1.5106
0.0	0.0	-1.5206
0.0	0.0	-1.5249
1.9614	1.6463	-1.5249
2.0417	1.6657	-1.5259
1.9458	1.6447	-1.5288
2.213	1.6945	-1.5288
0.0	0.0	-1.5365
0.0	0.0	-1.5369
2.1118	1.6631	-1.5369
2.4829	1.7485	-1.5369
0.0	0.0	-1.5611
0.0	0.0	-1.5611
1.7107	1.6307	-1.648
1.9054	1.6433	-1.6646
0.0	0.0	-1.6646
0.0	0.0	-1.6677
0.0	0.0	-1.6767
1.7683	1.6344	-1.7853
1.7511	1.6225	-1.7853
0.0	0.0	-1.8159
1.8945	1.6359	-1.9226
