# HEALTH SPAN FRACTION DEPENDING ON AGE OF MOTHER CELL
# original file "wt_decCap_noRe_3gen.txt" 
# four measures for health with tau and eta: 
# product, weighted sum 0.1-0.9, 0.5-0.5, 0.9-0.1 
# mother	nCells	fraction
1.0	2302.0	0.8961772371850565	0.582971329278888	0.0069504778453518675	0.9630755864465682	0.9174630755864466	0.7771503040834057	0.9630755864465682	0.9174630755864466	0.6181581233709817	0.976107732406603	0.9122502172024327	0.343614248479583
2.0	2268.0	0.8950617283950617	0.5731922398589065	0.005731922398589065	0.966931216931217	0.9162257495590829	0.7671957671957672	0.966931216931217	0.9162257495590829	0.6062610229276896	0.982363315696649	0.91005291005291	0.3253968253968254
3.0	2129.0	0.8938468764678252	0.5683419445749178	0.007984969469234382	0.9628933771723814	0.914044152184124	0.7477689055894786	0.9628933771723814	0.914044152184124	0.6073273837482386	0.9765147956787225	0.909816815406294	0.3311413809300141
4.0	2017.0	0.8839861179970253	0.5528011898859693	0.004462072384729797	0.9583539910758553	0.9142290530490828	0.7441745166088249	0.9583539910758553	0.9142290530490828	0.5825483391175013	0.9781854238968766	0.9067922657411998	0.3034209221616262
5.0	1979.0	0.886811520970187	0.5320869125821122	0.004547751389590703	0.9570490146538656	0.9085396664982315	0.741788782213239	0.9570490146538656	0.9085396664982315	0.562910560889338	0.9727134916624558	0.9019706922688226	0.2961091460333502
6.0	1733.0	0.8770917484131564	0.514137334102712	0.004039238315060588	0.9630698211194461	0.9024812463935372	0.7293710328909405	0.9630698211194461	0.9024812463935372	0.5516445470282747	0.9734564339296018	0.8967109059434507	0.2740911713791114
7.0	1680.0	0.8785714285714286	0.5071428571428571	0.006547619047619048	0.9571428571428572	0.8994047619047619	0.7220238095238095	0.9571428571428572	0.8994047619047619	0.5464285714285714	0.9720238095238095	0.8928571428571429	0.2767857142857143
8.0	1467.0	0.8588957055214724	0.4669393319700068	0.004771642808452625	0.9468302658486708	0.8916155419222904	0.6993865030674846	0.9468302658486708	0.8916155419222904	0.5010224948875256	0.9720518064076347	0.8827539195637355	0.250852079072938
9.0	1406.0	0.852773826458037	0.4615931721194879	0.004978662873399715	0.9523470839260313	0.8862019914651493	0.666429587482219	0.9523470839260313	0.8862019914651493	0.4907539118065434	0.968705547652916	0.8726884779516358	0.23826458036984352
10.0	1123.0	0.8379341050756901	0.43187889581478184	0.003561887800534283	0.9403383793410508	0.8771148708815673	0.6527159394479074	0.9403383793410508	0.8771148708815673	0.45503116651825465	0.9590382902938558	0.8619768477292965	0.20747996438112198
11.0	941.0	0.8299681190223167	0.4165781083953241	0.0	0.9426142401700319	0.8671625929861849	0.6493092454835282	0.9426142401700319	0.8671625929861849	0.43358129649309246	0.9670563230605739	0.8575982996811902	0.21679064824654623
12.0	813.0	0.8204182041820418	0.4231242312423124	0.0024600246002460025	0.940959409594096	0.8696186961869619	0.6371463714637147	0.940959409594096	0.8696186961869619	0.4440344403444034	0.9630996309963099	0.8474784747847478	0.2140221402214022
13.0	638.0	0.8056426332288401	0.3761755485893417	0.001567398119122257	0.9388714733542319	0.8495297805642633	0.6065830721003135	0.9388714733542319	0.8495297805642633	0.40282131661442006	0.9639498432601881	0.8369905956112853	0.15517241379310345
14.0	491.0	0.8289205702647657	0.4093686354378819	0.004073319755600814	0.9389002036659878	0.8737270875763747	0.6313645621181263	0.9389002036659878	0.8737270875763747	0.43380855397148677	0.955193482688391	0.8655804480651731	0.15885947046843177
15.0	360.0	0.8305555555555556	0.39444444444444443	0.002777777777777778	0.9416666666666667	0.8694444444444445	0.5972222222222222	0.9416666666666667	0.8694444444444445	0.4222222222222222	0.9694444444444444	0.8638888888888889	0.16111111111111112
16.0	330.0	0.8424242424242424	0.41818181818181815	0.006060606060606061	0.9363636363636364	0.8787878787878788	0.6545454545454545	0.9363636363636364	0.8787878787878788	0.4484848484848485	0.9484848484848485	0.8636363636363636	0.21818181818181817
17.0	235.0	0.8212765957446808	0.3829787234042553	0.00425531914893617	0.9574468085106383	0.8723404255319149	0.5914893617021276	0.9574468085106383	0.8723404255319149	0.40425531914893614	0.9659574468085106	0.8595744680851064	0.19574468085106383
18.0	186.0	0.8225806451612904	0.3870967741935484	0.005376344086021506	0.9193548387096774	0.8602150537634409	0.6290322580645161	0.9247311827956989	0.8602150537634409	0.40860215053763443	0.967741935483871	0.8548387096774194	0.1989247311827957
19.0	137.0	0.7737226277372263	0.36496350364963503	0.0	0.9051094890510949	0.8540145985401459	0.5255474452554745	0.9051094890510949	0.8540145985401459	0.3795620437956204	0.927007299270073	0.8175182481751825	0.16058394160583941
20.0	113.0	0.8495575221238938	0.3805309734513274	0.0	0.9469026548672567	0.8761061946902655	0.5929203539823009	0.9469026548672567	0.8761061946902655	0.3893805309734513	0.9557522123893806	0.8584070796460177	0.17699115044247787
21.0	103.0	0.7961165048543689	0.36893203883495146	0.0	0.9029126213592233	0.8252427184466019	0.5825242718446602	0.9029126213592233	0.8252427184466019	0.4174757281553398	0.9320388349514563	0.8252427184466019	0.1650485436893204
22.0	82.0	0.8292682926829268	0.4024390243902439	0.012195121951219513	0.9390243902439024	0.8536585365853658	0.5853658536585366	0.9390243902439024	0.8536585365853658	0.4024390243902439	0.9634146341463414	0.8414634146341463	0.17073170731707318
23.0	59.0	0.847457627118644	0.3728813559322034	0.01694915254237288	0.9322033898305084	0.8813559322033898	0.5932203389830508	0.9322033898305084	0.8813559322033898	0.3898305084745763	0.9830508474576272	0.8813559322033898	0.1016949152542373
24.0	52.0	0.7884615384615384	0.3269230769230769	0.0	0.9230769230769231	0.8653846153846154	0.5769230769230769	0.9230769230769231	0.8653846153846154	0.3269230769230769	0.9615384615384616	0.8461538461538461	0.09615384615384616
25.0	44.0	0.7954545454545454	0.3181818181818182	0.0	0.9318181818181818	0.8181818181818182	0.5227272727272727	0.9318181818181818	0.8181818181818182	0.3181818181818182	0.9318181818181818	0.8181818181818182	0.06818181818181818
26.0	22.0	0.6363636363636364	0.045454545454545456	0.0	0.9090909090909091	0.6363636363636364	0.22727272727272727	0.9090909090909091	0.6363636363636364	0.09090909090909091	0.9090909090909091	0.6363636363636364	0.0
27.0	3.0	NaN	NaN	NaN	NaN	NaN	NaN	NaN	NaN	NaN	NaN	NaN	NaN
