# GROWTH PER CELL CYCLE IN LINEAGE
# original file "wt_decCap_noRe_3gen.txt" 
# mother	daughter	growthCycleMean	growthCycleStd
0.0	0.0	1.5981900000000002	0.006459351532640266
0.0	1.0	1.59645	0.004721875804286976
0.0	2.0	1.5972600000000001	0.00757601478351247
0.0	3.0	1.59496	0.004613073210392873
0.0	4.0	1.59354	0.005939360234907476
0.0	5.0	1.5980299999999998	0.007624820580767054
0.0	6.0	1.6009400000000003	0.007346836053703691
0.0	7.0	1.6023699999999999	0.008503339213378308
0.0	8.0	1.6027900000000002	0.008496463316515173
0.0	9.0	1.6055899999999999	0.01085627826549124
0.0	10.0	1.6113333333333333	0.017449212016592646
0.0	11.0	1.6067125	0.01339194187348711
0.0	12.0	1.6080999999999996	0.016815588006370764
0.0	13.0	1.59794	0.00992763818841119
0.0	14.0	1.6085999999999998	0.009022471945093542
0.0	15.0	1.6172000000000002	0.02318188948295629
0.0	16.0	1.6169	0.01474075981759422
0.0	17.0	NaN	NaN
0.0	18.0	NaN	NaN
1.0	1.0	1.597635915492958	0.006388313149854927
1.0	2.0	1.5974669014084506	0.006737580871825974
1.0	3.0	1.5971816901408455	0.006511752819536302
1.0	4.0	1.5975429577464786	0.006732038333659537
1.0	5.0	1.5973330985915493	0.007268661205525209
1.0	6.0	1.59795390070922	0.006373690540366439
1.0	7.0	1.5971347517730496	0.007113749120195768
1.0	8.0	1.5986892857142856	0.009842206107822533
1.0	9.0	1.599553623188406	0.007341951841961184
1.0	10.0	1.6010635036496348	0.012190521124268505
1.0	11.0	1.602072180451128	0.010198955334081269
1.0	12.0	1.6031290322580645	0.01350685928838934
1.0	13.0	1.6032660869565214	0.011225205714182063
1.0	14.0	1.5924231481481481	0.15544245177651952
1.0	15.0	1.6103923076923075	0.01610544580616708
1.0	16.0	1.6077942857142857	0.012701134101072074
1.0	17.0	1.5863693548387099	0.20573121218820783
1.0	18.0	1.5742212765957444	0.2351061868660259
1.0	19.0	1.6086000000000003	0.016385216914442512
1.0	20.0	1.6085041666666668	0.014461657826869286
1.0	21.0	1.5237	0.38062678339193906
1.0	22.0	1.6157750000000002	0.017577936842427345
1.0	23.0	1.60765	0.00783162088678235
1.0	24.0	1.6190000000000002	0.02623308979133027
1.0	25.0	1.6131666666666666	0.0044105933085394665
1.0	26.0	1.6176000000000001	0.035189629154056094
1.0	27.0	1.60155	0.004313351365237936
1.0	28.0	1.5993	0.0008485281374239206
1.0	29.0	1.60525	0.0037476659402887603
1.0	30.0	1.595	0.00014142135623729392
1.0	31.0	1.6074	0.00820243866176399
1.0	32.0	1.59885	0.0007778174593051166
1.0	33.0	1.60285	0.01039446968344236
1.0	34.0	1.59925	0.016051323932934587
1.0	35.0	1.623	0.023900209204105186
1.0	36.0	NaN	NaN
1.0	37.0	NaN	NaN
1.0	38.0	NaN	NaN
1.0	39.0	NaN	NaN
1.0	40.0	NaN	NaN
1.0	41.0	NaN	NaN
1.0	42.0	NaN	NaN
1.0	43.0	NaN	NaN
1.0	44.0	NaN	NaN
1.0	45.0	NaN	NaN
1.0	46.0	NaN	NaN
1.0	47.0	NaN	NaN
1.0	48.0	NaN	NaN
1.0	49.0	NaN	NaN
1.0	50.0	NaN	NaN
1.0	51.0	NaN	NaN
1.0	52.0	NaN	NaN
1.0	53.0	NaN	NaN
1.0	54.0	NaN	NaN
1.0	55.0	NaN	NaN
1.0	56.0	NaN	NaN
1.0	57.0	NaN	NaN
1.0	58.0	NaN	NaN
2.0	1.0	1.5975190140845072	0.006619977642380361
2.0	2.0	1.5967732394366196	0.00624983308137908
2.0	3.0	1.5974773049645388	0.005871923130996556
2.0	4.0	1.597264539007092	0.00632813597867011
2.0	5.0	1.5985170212765958	0.012375961477493428
2.0	6.0	1.5984913669064749	0.0073312165787012655
2.0	7.0	1.5990029197080295	0.0070166811914205785
2.0	8.0	1.5986257352941176	0.00834514714890151
2.0	9.0	1.5999607407407408	0.008958387184072013
2.0	10.0	1.6016895522388062	0.011220565628839094
2.0	11.0	1.6016294573643408	0.010374694295953786
2.0	12.0	1.5897175	0.1467460297732163
2.0	13.0	1.5927530973451327	0.15239289568578773
2.0	14.0	1.5901731958762884	0.16387249013807959
2.0	15.0	1.6082487804878052	0.018769217272250532
2.0	16.0	1.6046612903225808	0.011037526968776228
2.0	17.0	1.5789207547169812	0.22165610782895423
2.0	18.0	1.6114953488372095	0.015505359342104808
2.0	19.0	1.5599096774193548	0.2899162687798424
2.0	20.0	1.6031999999999995	0.012082707402805797
2.0	21.0	1.61024	0.015933030900748643
2.0	22.0	1.6077882352941177	0.012497743914050084
2.0	23.0	1.6034214285714292	0.009793025663621628
2.0	24.0	1.6102923076923075	0.014957353906939438
2.0	25.0	1.60519	0.01185649845255991
2.0	26.0	1.6134111111111111	0.015746542830447328
2.0	27.0	1.6074199999999998	0.01945577035226305
2.0	28.0	1.6067399999999998	0.00914127999789964
2.0	29.0	1.6042999999999998	0.013780420893427077
2.0	30.0	1.597975	0.005446329038903214
2.0	31.0	1.60015	0.004286801449410365
2.0	32.0	1.6151749999999998	0.020694826245545857
2.0	33.0	1.6129999999999998	0.009175510884958943
2.0	34.0	1.6578666666666664	0.06482440384094044
2.0	35.0	NaN	NaN
2.0	36.0	NaN	NaN
2.0	37.0	NaN	NaN
2.0	38.0	NaN	NaN
2.0	39.0	NaN	NaN
2.0	40.0	NaN	NaN
2.0	41.0	NaN	NaN
2.0	42.0	NaN	NaN
2.0	43.0	NaN	NaN
2.0	44.0	NaN	NaN
2.0	45.0	NaN	NaN
3.0	1.0	1.5970564285714288	0.006220530069646742
3.0	2.0	1.5972371428571428	0.006349591760027842
3.0	3.0	1.5981683453237414	0.006655051867427355
3.0	4.0	1.59696690647482	0.00684141680056228
3.0	5.0	1.5976884892086327	0.007365313133604169
3.0	6.0	1.5971343065693433	0.006328883810568576
3.0	7.0	1.598344525547445	0.007811218550980432
3.0	8.0	1.5999274074074075	0.008930782165856164
3.0	9.0	1.6010227272727275	0.0129545040115241
3.0	10.0	1.6010499999999999	0.009368568660161362
3.0	11.0	1.6045580645161288	0.014048603765789727
3.0	12.0	1.6036936936936936	0.01154793392996245
3.0	13.0	1.5912529411764704	0.15979266436643216
3.0	14.0	1.5925089887640447	0.17215409365954246
3.0	15.0	1.5619838235294117	0.2743873830974611
3.0	16.0	1.6071309090909092	0.013766947437643597
3.0	17.0	1.607427906976744	0.018388419305708944
3.0	18.0	1.6089484848484854	0.015745735954777584
3.0	19.0	1.6037583333333334	0.016472847663501534
3.0	20.0	1.6013199999999999	0.008403232460754254
3.0	21.0	1.6042444444444444	0.013229566807287998
3.0	22.0	1.6042533333333333	0.009621023606565736
3.0	23.0	1.60135	0.00900288415325459
3.0	24.0	1.612842857142857	0.015547134996307381
3.0	25.0	1.6078500000000002	0.014236670178724311
3.0	26.0	1.6188	0.02306190427027719
3.0	27.0	1.61855	0.0035688466857889583
3.0	28.0	1.630575	0.03731732171525713
3.0	29.0	1.6153000000000002	0.007510659092250231
3.0	30.0	1.617	0.0026870057685088986
3.0	31.0	0.8182	1.1571095367336666
4.0	1.0	1.597087591240876	0.0057003798281016795
4.0	2.0	1.5980576642335766	0.006309793072813559
4.0	3.0	1.598	0.007024127730214644
4.0	4.0	1.597202205882353	0.0061862507871685065
4.0	5.0	1.5976897058823532	0.007370725673221806
4.0	6.0	1.5988814814814813	0.007291112819525049
4.0	7.0	1.5992207407407406	0.009095743602697591
4.0	8.0	1.5980738805970152	0.007624100381832091
4.0	9.0	1.6005578947368424	0.008485658226342271
4.0	10.0	1.603533846153846	0.010752591566803988
4.0	11.0	1.6049715447154471	0.01522761469284142
4.0	12.0	1.5906009708737863	0.15884141338735092
4.0	13.0	1.5888224719101125	0.17097604613778836
4.0	14.0	1.6079013513513514	0.014986848053783353
4.0	15.0	1.6050017241379313	0.012310065648624387
4.0	16.0	1.608902083333333	0.020778451292638916
4.0	17.0	1.6067357142857144	0.01491888345767516
4.0	18.0	1.6118486486486485	0.02122266374554468
4.0	19.0	1.5514703703703705	0.31028690794515523
4.0	20.0	1.5326263157894737	0.3717866201676339
4.0	21.0	1.4677454545454545	0.4877226801444369
4.0	22.0	1.61415	0.029818115299260588
4.0	23.0	1.6010166666666665	0.0113746062202903
4.0	24.0	1.6066166666666668	0.006877620712620521
4.0	25.0	1.6080499999999998	0.014090812609640345
4.0	26.0	1.2932799999999998	0.7230027123047327
4.0	27.0	1.6049	0.020788939366884408
4.0	28.0	1.6175000000000002	0.021496046148071032
4.0	29.0	NaN	NaN
4.0	30.0	NaN	NaN
5.0	1.0	1.5976444444444446	0.00566522076958694
5.0	2.0	1.598774074074074	0.006778961781150046
5.0	3.0	1.5981014814814818	0.006482525134327815
5.0	4.0	1.596942537313433	0.006230393328870323
5.0	5.0	1.5973865671641794	0.008266462645435926
5.0	6.0	1.599197744360902	0.010455660103832793
5.0	7.0	1.6016488549618322	0.009123404951528304
5.0	8.0	1.5985441860465115	0.00902315516962422
5.0	9.0	1.6015785714285717	0.010994555795613441
5.0	10.0	1.6023708333333333	0.009065887635937867
5.0	11.0	1.605863063063063	0.020453352372157067
5.0	12.0	1.6036187499999999	0.013240975576237806
5.0	13.0	1.6078999999999997	0.02032291149681357
5.0	14.0	1.6065197183098594	0.01675054472221561
5.0	15.0	1.581362295081967	0.20656306879008685
5.0	16.0	1.5744936170212769	0.23566518844608428
5.0	17.0	1.6090421052631576	0.01753271276983973
5.0	18.0	1.610916129032258	0.01650329455541518
5.0	19.0	1.6116923076923075	0.022131749557175492
5.0	20.0	1.6097736842105264	0.022238526182812243
5.0	21.0	1.6119823529411765	0.01083987057660964
5.0	22.0	1.6025500000000001	0.008135500208122672
5.0	23.0	1.4713916666666664	0.4634414848977618
5.0	24.0	1.6048777777777778	0.010208302721042523
5.0	25.0	1.6107285714285713	0.018846636683655625
5.0	26.0	1.6157400000000002	0.014275433443506996
5.0	27.0	1.61235	0.003931496746363492
5.0	28.0	1.2030500000000002	0.8020501002639009
5.0	29.0	1.5947666666666667	0.004072263907623472
5.0	30.0	1.6067333333333333	0.010750038759619973
5.0	31.0	1.6186666666666667	0.034419519655761226
5.0	32.0	1.60935	0.002474873734152958
5.0	33.0	1.63185	0.011242997820866123
5.0	34.0	NaN	NaN
6.0	1.0	1.5976223076923077	0.0063765348100407356
6.0	2.0	1.596690769230769	0.006661650587578431
6.0	3.0	1.5976592307692308	0.006909287044674916
6.0	4.0	1.5993961240310075	0.007846838566231381
6.0	5.0	1.5988421875000003	0.008185849220492017
6.0	6.0	1.5870551181102364	0.14223667438834953
6.0	7.0	1.6000580645161289	0.008491881314288751
6.0	8.0	1.6035967479674795	0.013781473278682545
6.0	9.0	1.6023139130434783	0.012924679825390781
6.0	10.0	1.6074809523809528	0.01553782045426142
6.0	11.0	1.6042835294117648	0.013105849721356018
6.0	12.0	1.6039730769230771	0.011604831876297166
6.0	13.0	1.6054342857142858	0.012752980733865455
6.0	14.0	1.5807578947368417	0.21365935166201258
6.0	15.0	1.6098522727272728	0.0162008683177622
6.0	16.0	1.6065906249999997	0.01674174537813939
6.0	17.0	1.6072038461538463	0.008603556509687416
6.0	18.0	1.5383380952380954	0.3529452258866671
6.0	19.0	1.6090923076923078	0.015681754873018382
6.0	20.0	1.603427272727273	0.009095173545248143
6.0	21.0	1.6038363636363635	0.011135912421285667
6.0	22.0	1.6083555555555555	0.01609876634335001
6.0	23.0	1.6061999999999999	0.014573520508099633
6.0	24.0	1.6224500000000002	0.03440880286039775
6.0	25.0	1.6246833333333333	0.02733272153786864
6.0	26.0	1.641	0.041602764331231654
6.0	27.0	1.63995	0.06102331521639908
6.0	28.0	NaN	NaN
6.0	29.0	NaN	NaN
6.0	30.0	NaN	NaN
6.0	31.0	NaN	NaN
6.0	32.0	NaN	NaN
6.0	33.0	NaN	NaN
6.0	34.0	NaN	NaN
7.0	1.0	1.5966396825396822	0.006669897502841605
7.0	2.0	1.597984126984127	0.0067490255616456316
7.0	3.0	1.5985817460317457	0.008833947256294
7.0	4.0	1.598097580645161	0.008668600131824985
7.0	5.0	1.6000747967479676	0.009445396081185858
7.0	6.0	1.5997876033057847	0.007280162203412018
7.0	7.0	1.6003599999999998	0.010671806884725481
7.0	8.0	1.5886449152542372	0.1477913831136387
7.0	9.0	1.572144859813084	0.2182215073509003
7.0	10.0	1.6033829999999998	0.012830621948914229
7.0	11.0	1.6076000000000001	0.014543918163808383
7.0	12.0	1.588696	0.18729785747897973
7.0	13.0	1.608329508196721	0.016760930207502366
7.0	14.0	1.5734125000000005	0.23239093312320155
7.0	15.0	1.6113243243243243	0.020228135046203518
7.0	16.0	1.6099962962962964	0.01222262975233554
7.0	17.0	1.6096916666666667	0.019315974840995502
7.0	18.0	1.5253052631578947	0.36960979345142453
7.0	19.0	1.6104400000000003	0.01891695384720127
7.0	20.0	1.6191071428571429	0.03622218751168774
7.0	21.0	1.6096166666666665	0.01456632688044174
7.0	22.0	1.6057666666666668	0.007442445834535844
7.0	23.0	1.6067375000000002	0.01428205042302095
7.0	24.0	1.6096000000000001	0.01765021246331044
7.0	25.0	1.6120999999999999	0.015896666317187346
7.0	26.0	1.6202	0.01513538899401001
7.0	27.0	1.5979999999999999	0.006222539674441718
7.0	28.0	1.6005500000000001	0.002333452377915664
7.0	29.0	1.6083500000000002	0.005020458146424562
7.0	30.0	1.5949	0.0018384776310851351
7.0	31.0	1.5907499999999999	0.0004949747468305288
7.0	32.0	1.5997	0.004949747468305759
7.0	33.0	1.6008499999999999	0.005727564927611032
7.0	34.0	1.60565	0.0014849242404917434
7.0	35.0	1.59835	0.002333452377915664
7.0	36.0	1.6001	0.008768124086713167
7.0	37.0	1.60215	0.0030405591591021333
7.0	38.0	1.5943	0.009192388155425047
7.0	39.0	1.6115499999999998	0.005868986283848326
7.0	40.0	1.6087	0.01923330444827417
7.0	41.0	NaN	NaN
7.0	42.0	NaN	NaN
7.0	43.0	NaN	NaN
7.0	44.0	NaN	NaN
8.0	1.0	1.5985341666666666	0.0068456021069941584
8.0	2.0	1.597855	0.007633295597621796
8.0	3.0	1.5973176470588233	0.007465089905560801
8.0	4.0	1.5989176470588238	0.008127048863536452
8.0	5.0	1.5868016806722691	0.14697938802983898
8.0	6.0	1.6005787610619464	0.011219812286176705
8.0	7.0	1.5997509090909094	0.009640023082831859
8.0	8.0	1.603639423076923	0.01059654109410585
8.0	9.0	1.6031175257731958	0.009238641791289807
8.0	10.0	1.5872102272727269	0.17158919870607076
8.0	11.0	1.6100858974358974	0.016386205192561235
8.0	12.0	1.585180303030303	0.19865109128217512
8.0	13.0	1.6136370370370372	0.020066176331444918
8.0	14.0	1.6154878048780492	0.019843679032905577
8.0	15.0	1.4614562500000001	0.477852146074562
8.0	16.0	1.615495454545455	0.020396346014321536
8.0	17.0	1.6170285714285717	0.031017797089150843
8.0	18.0	1.6170909090909087	0.0256229761950268
8.0	19.0	1.6077888888888885	0.01525692010568031
8.0	20.0	1.6129	0.013395023951701881
8.0	21.0	1.6067	0.013230520271957083
8.0	22.0	1.6062750000000001	0.022785576578177733
8.0	23.0	1.61015	0.007848885271170598
8.0	24.0	1.6032	0.0022627416997970167
8.0	25.0	1.604	0.00042426406871203876
8.0	26.0	NaN	NaN
8.0	27.0	NaN	NaN
8.0	28.0	NaN	NaN
8.0	29.0	NaN	NaN
8.0	30.0	NaN	NaN
8.0	31.0	NaN	NaN
8.0	32.0	NaN	NaN
8.0	33.0	NaN	NaN
8.0	34.0	NaN	NaN
8.0	35.0	NaN	NaN
9.0	1.0	1.5979923076923077	0.006534011201954568
9.0	2.0	1.5970435897435897	0.008386785424778267
9.0	3.0	1.5992495726495726	0.009648946913520421
9.0	4.0	1.600083333333333	0.009837169143364483
9.0	5.0	1.601863716814159	0.014056925478890814
9.0	6.0	1.6002805555555557	0.009180642560263136
9.0	7.0	1.6022534653465346	0.011551576207223285
9.0	8.0	1.6031520833333335	0.011315187550290337
9.0	9.0	1.602155681818182	0.010728936680230778
9.0	10.0	1.6040074074074073	0.013337257755792416
9.0	11.0	1.5857708333333334	0.19006804521902224
9.0	12.0	1.5566524590163937	0.2894652676957734
9.0	13.0	1.6071266666666668	0.015011395671289202
9.0	14.0	1.5647552631578947	0.2612048659550153
9.0	15.0	1.609609677419355	0.01813253714254587
9.0	16.0	1.605195652173913	0.012754374588596865
9.0	17.0	1.612161904761905	0.017465837403069905
9.0	18.0	1.6181	0.015581474671582789
9.0	19.0	1.6096727272727271	0.013938299100614185
9.0	20.0	1.4059625000000002	0.5682106474023771
9.0	21.0	1.6132499999999999	0.022704779232575717
9.0	22.0	1.611133333333333	0.021602160385788518
9.0	23.0	1.60115	0.0002121320343559409
9.0	24.0	1.6015	0.00042426406871188177
9.0	25.0	1.6042	0.0026870057685088986
9.0	26.0	1.60075	0.004313351365237936
9.0	27.0	1.5993	0.0026870057685088986
9.0	28.0	1.59435	0.005161879502661857
9.0	29.0	1.60945	0.001767766952966331
9.0	30.0	1.6185999999999998	0.015697770542341352
9.0	31.0	NaN	NaN
10.0	1.0	1.5996555555555558	0.007434188934176627
10.0	2.0	1.5989953271028041	0.008529298929113874
10.0	3.0	1.5987085714285716	0.0100282017166753
10.0	4.0	1.6003574257425743	0.009374554352444215
10.0	5.0	1.6009680412371134	0.00868581873889552
10.0	6.0	1.6023010526315782	0.011861205266310034
10.0	7.0	1.6039284090909087	0.013651693077296228
10.0	8.0	1.582207894736842	0.18440330565595103
10.0	9.0	1.6050835820895522	0.018188137967691895
10.0	10.0	1.6080131147540988	0.015763665768784397
10.0	11.0	1.608525	0.014786677562364488
10.0	12.0	1.533860975609756	0.35257992844038133
10.0	13.0	1.6120437499999996	0.016441821920472086
10.0	14.0	1.6162124999999998	0.027004545712350638
10.0	15.0	1.6072437499999999	0.012370393081870922
10.0	16.0	1.611253846153846	0.011636409482354306
10.0	17.0	1.6095399999999997	0.011759743005506338
10.0	18.0	1.6192000000000002	0.018039068712103774
10.0	19.0	1.614125	0.010980702770466646
10.0	20.0	1.5983333333333334	0.007670940837559147
10.0	21.0	1.6036666666666666	0.009209415471859978
10.0	22.0	1.6101666666666665	0.015706792585799795
10.0	23.0	1.6118	0.004430575583375112
10.0	24.0	1.0804	0.9356615627458467
10.0	25.0	NaN	NaN
10.0	26.0	NaN	NaN
10.0	27.0	NaN	NaN
10.0	28.0	NaN	NaN
10.0	29.0	NaN	NaN
11.0	1.0	1.597827083333333	0.007748744946480952
11.0	2.0	1.6012979166666665	0.009491236724547727
11.0	3.0	1.5996547368421052	0.009641441673131362
11.0	4.0	1.6008000000000002	0.009310519737253008
11.0	5.0	1.602835294117647	0.014520344560734939
11.0	6.0	1.6014051948051948	0.010850526255778618
11.0	7.0	1.6036811594202898	0.010481752707083231
11.0	8.0	1.6057626865671641	0.01322065459137761
11.0	9.0	1.6081266666666667	0.019962293834658456
11.0	10.0	1.6094780000000002	0.015469697700303495
11.0	11.0	1.606809756097561	0.012537479907821355
11.0	12.0	1.6087823529411764	0.015272880909166977
11.0	13.0	1.5495407407407402	0.3098906646634972
11.0	14.0	1.61034375	0.009855487050369469
11.0	15.0	1.4629818181818182	0.48550289148095055
11.0	16.0	1.6086142857142858	0.016182647967440157
11.0	17.0	1.6213799999999998	0.03005614745771653
11.0	18.0	1.6102999999999998	0.005211525688318138
11.0	19.0	1.6043333333333332	0.00584494083232107
11.0	20.0	1.6062333333333332	0.006310573138260385
11.0	21.0	1.61395	0.014071424945612159
11.0	22.0	1.6286	0.023617366491630598
11.0	23.0	NaN	NaN
12.0	1.0	1.5979192307692311	0.006745485410744986
12.0	2.0	1.5993269230769231	0.009299248301933813
12.0	3.0	1.5990842105263159	0.009052573153626231
12.0	4.0	1.6011876712328763	0.010644103025795293
12.0	5.0	1.6012436619718309	0.013791454211051598
12.0	6.0	1.5799579710144926	0.19348458929801793
12.0	7.0	1.6053650793650793	0.018071829429950136
12.0	8.0	1.6074152542372881	0.014039572318362293
12.0	9.0	1.6108830188679246	0.019116713748898614
12.0	10.0	1.6081325	0.014010369557160347
12.0	11.0	1.611035294117647	0.01828330721281429
12.0	12.0	1.6142928571428572	0.02637744446908338
12.0	13.0	1.607435294117647	0.018969282444799743
12.0	14.0	1.6038357142857145	0.010087128671488498
12.0	15.0	1.6068363636363634	0.010065313976948053
12.0	16.0	1.6115181818181818	0.015009384942882805
12.0	17.0	1.6148250000000002	0.017213844096291488
12.0	18.0	1.6043200000000002	0.007987928392267864
12.0	19.0	1.609125	0.02152926303120167
12.0	20.0	1.601766666666667	0.012673726102979095
12.0	21.0	1.6064333333333334	0.01789785834487835
12.0	22.0	1.60135	0.011384419177103419
12.0	23.0	1.603	0.01711198410471445
12.0	24.0	1.6026500000000001	0.005727564927611032
12.0	25.0	1.6103	0.006222539674441561
12.0	26.0	NaN	NaN
12.0	27.0	NaN	NaN
12.0	28.0	NaN	NaN
12.0	29.0	NaN	NaN
12.0	30.0	NaN	NaN
12.0	31.0	NaN	NaN
12.0	32.0	NaN	NaN
13.0	1.0	1.59968115942029	0.008402525449535615
13.0	2.0	1.602039705882353	0.011123689118889309
13.0	3.0	1.6018014925373134	0.009712464539731893
13.0	4.0	1.6032885245901638	0.011594295987836088
13.0	5.0	1.6024124999999998	0.01094523661441151
13.0	6.0	1.603624074074074	0.010297461405154007
13.0	7.0	1.6050020833333332	0.012751712268559942
13.0	8.0	1.6070204545454545	0.00958063889566079
13.0	9.0	1.6088333333333333	0.013611804732296718
13.0	10.0	1.6072548387096774	0.01352831200876336
13.0	11.0	1.4880038461538463	0.43833665735894756
13.0	12.0	1.6083187499999998	0.012931832494533292
13.0	13.0	1.6172357142857143	0.02017506485140113
13.0	14.0	1.608625	0.014867101744647941
13.0	15.0	1.6102285714285713	0.009337150579934986
13.0	16.0	1.60636	0.012569924423002705
13.0	17.0	1.6085749999999999	0.015534772823143124
13.0	18.0	1.60325	0.008838834764831813
13.0	19.0	1.5979999999999999	0.003535533905932819
13.0	20.0	1.5958999999999999	0.0022627416997968598
13.0	21.0	1.6029	0.016263455967290685
13.0	22.0	1.59455	0.01039446968344236
13.0	23.0	1.60035	0.0012020815280171554
13.0	24.0	1.59745	0.013081475451951102
13.0	25.0	1.6099999999999999	0.003535533905932819
13.0	26.0	1.6061999999999999	0.017819090885901074
13.0	27.0	1.6253	0.016970562748477157
13.0	28.0	NaN	NaN
14.0	1.0	1.5992576923076922	0.006988824304442849
14.0	2.0	1.5990596153846153	0.00643511383312283
14.0	3.0	1.600647058823529	0.009905056343932152
14.0	4.0	1.6018122448979597	0.01027836791221135
14.0	5.0	1.6036399999999995	0.015560065435711895
14.0	6.0	1.6065121951219514	0.018883977270717507
14.0	7.0	1.6051631578947372	0.010893053106195498
14.0	8.0	1.6083764705882353	0.01956431598326525
14.0	9.0	1.6069535714285716	0.015483790380596885
14.0	10.0	1.6082782608695652	0.01686168212577477
14.0	11.0	1.5237166666666664	0.3807682284849005
14.0	12.0	1.6097833333333333	0.01801432931324566
14.0	13.0	1.60413	0.013118523799066186
14.0	14.0	1.6075888888888887	0.020434373274243384
14.0	15.0	1.6197500000000002	0.011697496679692958
14.0	16.0	1.612975	0.01108253129930159
14.0	17.0	1.6008666666666667	0.006490249096400896
14.0	18.0	1.6099333333333334	0.0068733785966824685
14.0	19.0	1.6059	0.005480875842417958
14.0	20.0	1.61255	0.015768481220460002
14.0	21.0	1.59725	0.006576093065034952
14.0	22.0	1.61415	0.007424621202458717
14.0	23.0	1.6309	0.031678383797157296
15.0	1.0	1.6005604651162795	0.00914713432967849
15.0	2.0	1.6012785714285713	0.01258350712511993
15.0	3.0	1.60366	0.015033702309418176
15.0	4.0	1.6003416666666668	0.008253497094305791
15.0	5.0	1.60086	0.009795292987240476
15.0	6.0	1.6037606060606062	0.009878415213039607
15.0	7.0	1.6046035714285716	0.011252834445986635
15.0	8.0	1.6051608695652175	0.01370539837669929
15.0	9.0	1.598857894736842	0.008504463912131586
15.0	10.0	1.6106176470588236	0.01037877854651725
15.0	11.0	1.6049083333333332	0.01037562338397363
15.0	12.0	1.6085444444444443	0.021127476843621863
15.0	13.0	1.6049500000000003	0.0069148391159882016
15.0	14.0	1.6031199999999999	0.010702896804136726
15.0	15.0	1.6131999999999997	0.01180381294328232
15.0	16.0	1.614025	0.017587187571259544
15.0	17.0	1.6231499999999999	0.024960869375885205
15.0	18.0	NaN	NaN
16.0	1.0	1.5970709677419357	0.007349884060236929
16.0	2.0	1.599558064516129	0.0096471333978389
16.0	3.0	1.6003612903225806	0.008634221733673316
16.0	4.0	1.5983517241379308	0.008416803799952582
16.0	5.0	1.6029357142857141	0.010946780831916332
16.0	6.0	1.6072999999999997	0.020768244990850816
16.0	7.0	1.6026043478260865	0.013490854756290879
16.0	8.0	1.6070263157894737	0.01143215942006796
16.0	9.0	1.6034882352941173	0.014937322482331867
16.0	10.0	1.609478571428571	0.02216224018708148
16.0	11.0	1.6008818181818183	0.012292340556770961
16.0	12.0	1.6057299999999999	0.014486856111662018
16.0	13.0	1.604611111111111	0.016249188013901184
16.0	14.0	1.6089374999999997	0.014734404588290244
16.0	15.0	1.6095000000000002	0.022117338598182774
16.0	16.0	1.60825	0.013323325410722349
16.0	17.0	1.6030200000000001	0.011362966162054669
16.0	18.0	1.6014249999999999	0.004243720851642667
16.0	19.0	1.6028	0.0019252705437591182
16.0	20.0	1.6081999999999999	0.012988969679436916
16.0	21.0	1.6514	0.047631712125431686
16.0	22.0	NaN	NaN
16.0	23.0	NaN	NaN
16.0	24.0	NaN	NaN
16.0	25.0	NaN	NaN
16.0	26.0	NaN	NaN
16.0	27.0	NaN	NaN
16.0	28.0	NaN	NaN
16.0	29.0	NaN	NaN
17.0	1.0	1.5990153846153847	0.008667995953284338
17.0	2.0	1.603352	0.012674683427999283
17.0	3.0	1.5987625000000003	0.0076606170996745505
17.0	4.0	1.6032782608695655	0.008282289786687753
17.0	5.0	1.6024909090909092	0.0073276325736351625
17.0	6.0	1.6036952380952383	0.010526798002739299
17.0	7.0	1.5992388888888889	0.008454385488427205
17.0	8.0	1.6076352941176473	0.0128391949307808
17.0	9.0	1.6059428571428571	0.01627271025063432
17.0	10.0	1.6251846153846157	0.035473601596911625
17.0	11.0	1.6232428571428572	0.044563806582728765
17.0	12.0	1.6032800000000003	0.0129873784883632
17.0	13.0	1.6057199999999998	0.01393599655568272
17.0	14.0	1.6065000000000003	0.006872408602520671
17.0	15.0	1.5971333333333335	0.01185678427455499
17.0	16.0	1.6013333333333335	0.010028625695145529
17.0	17.0	1.6007	0.0032078029864691187
17.0	18.0	1.6311333333333333	0.00772161468433474
18.0	1.0	1.600885	0.008534097245138096
18.0	2.0	1.6007421052631579	0.012264506865543801
18.0	3.0	1.598835294117647	0.0054891872322401485
18.0	4.0	1.5997588235294116	0.006385046869789754
18.0	5.0	1.5960470588235292	0.008324821142752776
18.0	6.0	1.5983062499999998	0.01032075376769223
18.0	7.0	1.6017266666666665	0.010926015262839848
18.0	8.0	1.6006153846153846	0.00765950892179626
18.0	9.0	1.485046153846154	0.44636410887559913
18.0	10.0	1.60596	0.007941340496974602
18.0	11.0	1.6178714285714286	0.02673921678519609
18.0	12.0	1.6109200000000001	0.009086638542387417
18.0	13.0	1.603175	0.005806533676242036
18.0	14.0	1.608375	0.014947101168230973
18.0	15.0	1.6280000000000001	0.019851700179077787
18.0	16.0	1.6175	0.002545584412271605
18.0	17.0	NaN	NaN
18.0	18.0	NaN	NaN
18.0	19.0	NaN	NaN
18.0	20.0	NaN	NaN
19.0	1.0	1.59991875	0.006323418774681949
19.0	2.0	1.60255	0.008757701372696667
19.0	3.0	1.601913333333333	0.010355872500088776
19.0	4.0	1.5996357142857143	0.020289163729320266
19.0	5.0	1.605076923076923	0.01084574831029453
19.0	6.0	1.604084615384615	0.010183388937697036
19.0	7.0	1.6098461538461537	0.01293378105225583
19.0	8.0	1.615590909090909	0.019038563734980363
19.0	9.0	1.6144222222222222	0.013199789560612123
19.0	10.0	1.614	0.013833895570903601
19.0	11.0	1.641	0.033262771983104455
19.0	12.0	1.6139000000000001	0.020788939366884564
19.0	13.0	NaN	NaN
19.0	14.0	NaN	NaN
20.0	1.0	1.5971384615384616	0.009470087861396217
20.0	2.0	1.5992076923076923	0.006264777402065931
20.0	3.0	1.601846153846154	0.010127159472150078
20.0	4.0	1.6005181818181817	0.008539767933827944
20.0	5.0	1.6073909090909089	0.013256579841380985
20.0	6.0	1.6003125000000002	0.012883149293332192
20.0	7.0	1.6048428571428572	0.013124894557399598
20.0	8.0	1.6039285714285714	0.013575432993182233
20.0	9.0	1.6051333333333335	0.008457343948703157
20.0	10.0	1.6133499999999998	0.0183225271182771
20.0	11.0	1.6151	0.015140673697032132
20.0	12.0	1.6058333333333332	0.009204527871288842
20.0	13.0	1.6264333333333332	0.016605521170181176
20.0	14.0	NaN	NaN
20.0	15.0	NaN	NaN
20.0	16.0	NaN	NaN
20.0	17.0	NaN	NaN
20.0	18.0	NaN	NaN
20.0	19.0	NaN	NaN
20.0	20.0	NaN	NaN
21.0	1.0	1.6005166666666664	0.014367250216651688
21.0	2.0	1.6079833333333333	0.01595526891219969
21.0	3.0	1.6048909090909094	0.008764297409998635
21.0	4.0	1.60071	0.015759473341453997
21.0	5.0	1.5985555555555555	0.0060619945379204706
21.0	6.0	1.6048111111111107	0.01426021076671422
21.0	7.0	1.6039249999999998	0.009860418710321426
21.0	8.0	1.6071875000000002	0.0191864861295653
21.0	9.0	1.6112333333333335	0.02700871464299375
21.0	10.0	1.595875	0.013398849453093581
21.0	11.0	1.6024	0.005480875842417873
21.0	12.0	1.6017	0.011026785569693469
21.0	13.0	1.6119333333333332	0.015285723186468257
21.0	14.0	1.61475	0.014637110370561491
21.0	15.0	1.62175	0.008980256121069263
21.0	16.0	NaN	NaN
22.0	1.0	1.5979875	0.01015514472007734
22.0	2.0	1.6013125000000001	0.005103062805805954
22.0	3.0	1.6075857142857142	0.02979219296904416
22.0	4.0	1.5945500000000001	0.010643636596577306
22.0	5.0	1.5975666666666666	0.011673674086022198
22.0	6.0	1.5993666666666666	0.009285616116697197
22.0	7.0	1.6037000000000001	0.008577412197160638
22.0	8.0	1.5999333333333334	0.0072646174480606
22.0	9.0	1.60255	0.0038067046116029924
22.0	10.0	1.6100833333333335	0.010294545481305505
22.0	11.0	1.60615	0.01079922836749616
22.0	12.0	1.6116249999999999	0.010441064760518079
22.0	13.0	1.617075	0.02646247342936793
22.0	14.0	1.6088	0.009758073580374223
22.0	15.0	NaN	NaN
22.0	16.0	NaN	NaN
22.0	17.0	NaN	NaN
23.0	1.0	1.6029166666666665	0.0025701491526109203
23.0	2.0	1.5986166666666666	0.00516852654696349
23.0	3.0	1.6007999999999998	0.009517142428271248
23.0	4.0	1.5923833333333333	0.007747881430860109
23.0	5.0	1.5992666666666668	0.013112996098019214
23.0	6.0	1.6091499999999999	0.008157144108080968
23.0	7.0	1.6046333333333331	0.011977089240156278
23.0	8.0	1.6107399999999998	0.007374822031750995
23.0	9.0	1.6050250000000001	0.004833477009358749
23.0	10.0	1.6156750000000002	0.013391632959924429
23.0	11.0	1.61415	0.002474873734152801
23.0	12.0	NaN	NaN
23.0	13.0	NaN	NaN
24.0	1.0	1.59755	0.0077177069133260124
24.0	2.0	1.5985166666666666	0.008355936013796812
24.0	3.0	1.6002666666666665	0.006766288987817985
24.0	4.0	1.5972	0.006806467512594172
24.0	5.0	1.6003	0.005802757964968055
24.0	6.0	1.60315	0.013869931506680212
24.0	7.0	1.6145333333333334	0.008540179545341382
24.0	8.0	1.6152666666666669	0.010350040257570615
24.0	9.0	1.6152666666666669	0.010372238588334382
24.0	10.0	1.0747666666666666	0.9307883987960601
24.0	11.0	NaN	NaN
25.0	1.0	1.6012333333333333	0.0031462146568005758
25.0	2.0	1.5997333333333332	0.008911939556946444
25.0	3.0	1.5986166666666666	0.007828516249371129
25.0	4.0	1.6003333333333334	0.003344647465229574
25.0	5.0	1.60135	0.012821973327066326
25.0	6.0	1.6079599999999998	0.011766392820231737
25.0	7.0	1.6227	0.025518914553718776
25.0	8.0	NaN	NaN
25.0	9.0	NaN	NaN
25.0	10.0	NaN	NaN
25.0	11.0	NaN	NaN
26.0	1.0	1.6085166666666666	0.01299421666229508
26.0	2.0	1.60856	0.020291204991325657
26.0	3.0	1.6102	0.006722598703874383
26.0	4.0	1.6152250000000001	0.009925178419890792
26.0	5.0	1.62785	0.0184554869889689
26.0	6.0	NaN	NaN
27.0	1.0	NaN	NaN
27.0	2.0	NaN	NaN
