# INITIAL SIZE IN LINEAGE
# original file "wt_decCap_noRe_3gen.txt" 
# mother	daughter	initSizeMean	initSizeStd
0.0	0.0	0.7938788800000002	1.1702778228589004e-16
0.0	1.0	0.7390235059999999	0.002977911778471611
0.0	2.0	0.747013144	0.00480901529977741
0.0	3.0	0.7548751520000001	0.006827959808162659
0.0	4.0	0.7629158419999998	0.009072848360653783
0.0	5.0	0.7712373180000001	0.01176293547517399
0.0	6.0	0.780145892	0.015048942726968337
0.0	7.0	0.790075506	0.019482227010216405
0.0	8.0	0.801970622	0.026096248509078768
0.0	9.0	0.8178477940000001	0.03823496966134193
0.0	10.0	0.8271194044444444	0.04293811189517163
0.0	11.0	0.8366030225000001	0.04623477438182334
0.0	12.0	0.8322955100000001	0.04211240768431604
0.0	13.0	0.8299215919999998	0.018654424551599574
0.0	14.0	0.850087132	0.028465438815752
0.0	15.0	0.8733285550000001	0.05236890793878461
0.0	16.0	0.8757322533333333	0.021052889926034705
0.0	17.0	NaN	NaN
0.0	18.0	NaN	NaN
1.0	1.0	0.7093356894366198	0.019160931902955262
1.0	2.0	0.719596422394366	0.018504199210670192
1.0	3.0	0.7291345178873239	0.018545380453081923
1.0	4.0	0.7382304023943662	0.01938282809357296
1.0	5.0	0.7471716928169013	0.021387232848829065
1.0	6.0	0.7549816008510638	0.020349948634860955
1.0	7.0	0.7640876845390071	0.023938250739995465
1.0	8.0	0.7730186681428572	0.027708294419304582
1.0	9.0	0.7809457066666665	0.026100199282822534
1.0	10.0	0.7919933097810221	0.03310443079986433
1.0	11.0	0.801331320451128	0.03428402583114045
1.0	12.0	0.8092871146774195	0.03590564388904709
1.0	13.0	0.8182218053913043	0.03753349008199816
1.0	14.0	0.8327185798148149	0.04616950227938531
1.0	15.0	0.8394049217582418	0.04855545574518007
1.0	16.0	0.8359347882857142	0.04017532011870817
1.0	17.0	0.850208998064516	0.047672362022847845
1.0	18.0	0.8535445472340425	0.047559393718724675
1.0	19.0	0.8478787212903224	0.04549951746716821
1.0	20.0	0.8498020916666666	0.04319494767075584
1.0	21.0	0.8557652488888888	0.04833468085834811
1.0	22.0	0.8533119166666666	0.048156682164027007
1.0	23.0	0.8551731874999999	0.06014833730479048
1.0	24.0	0.849831872	0.0787491372917654
1.0	25.0	0.8077480066666666	0.059019917223921414
1.0	26.0	0.8276582866666665	0.08840893649126051
1.0	27.0	0.78009484	0.02274250569767549
1.0	28.0	0.7834132199999999	0.025630442929126345
1.0	29.0	0.78698686	0.028879372314508524
1.0	30.0	0.79119865	0.03303078208471918
1.0	31.0	0.79604859	0.038084672239758074
1.0	32.0	0.8020472	0.04476302708748817
1.0	33.0	0.80996026	0.054148823089703466
1.0	34.0	0.8214469600000001	0.06822751709302632
1.0	35.0	0.84212302	0.09566292079180938
1.0	36.0	NaN	NaN
1.0	37.0	NaN	NaN
1.0	38.0	NaN	NaN
1.0	39.0	NaN	NaN
1.0	40.0	NaN	NaN
1.0	41.0	NaN	NaN
1.0	42.0	NaN	NaN
1.0	43.0	NaN	NaN
1.0	44.0	NaN	NaN
1.0	45.0	NaN	NaN
1.0	46.0	NaN	NaN
1.0	47.0	NaN	NaN
1.0	48.0	NaN	NaN
1.0	49.0	NaN	NaN
1.0	50.0	NaN	NaN
1.0	51.0	NaN	NaN
1.0	52.0	NaN	NaN
1.0	53.0	NaN	NaN
1.0	54.0	NaN	NaN
1.0	55.0	NaN	NaN
1.0	56.0	NaN	NaN
1.0	57.0	NaN	NaN
1.0	58.0	NaN	NaN
2.0	1.0	0.7154169892957748	0.02360718727634136
2.0	2.0	0.7255105449295775	0.024892324651814037
2.0	3.0	0.7336737270921986	0.02154766762176522
2.0	4.0	0.7427761900709222	0.023743359854828425
2.0	5.0	0.7522606378723403	0.02967515909011535
2.0	6.0	0.758816439856115	0.02510345093006722
2.0	7.0	0.7657816478832118	0.022704209360713056
2.0	8.0	0.7744096742647057	0.025210601015183992
2.0	9.0	0.7841147122962963	0.030303590230373986
2.0	10.0	0.7952561410447762	0.03647307794791361
2.0	11.0	0.8043564125581395	0.038171584641616844
2.0	12.0	0.8116917736666667	0.038181069290609264
2.0	13.0	0.8248760279646017	0.04713673373163179
2.0	14.0	0.8289337094845363	0.04560782825673005
2.0	15.0	0.8342192987804877	0.04641474755264927
2.0	16.0	0.8308545261290322	0.04245148179775282
2.0	17.0	0.8408611686792454	0.05203022436038803
2.0	18.0	0.8435595995348834	0.052410032717706785
2.0	19.0	0.8403856051612903	0.05824510498904435
2.0	20.0	0.8248763226086955	0.040236887022263676
2.0	21.0	0.828926078	0.043112587147254765
2.0	22.0	0.8323180329411765	0.048354934291583905
2.0	23.0	0.8263515985714285	0.03683129555760422
2.0	24.0	0.8363109461538462	0.04335679001702839
2.0	25.0	0.8326528740000001	0.042205636964497265
2.0	26.0	0.8431156977777777	0.05159590851469859
2.0	27.0	0.8081223879999999	0.024773637251278246
2.0	28.0	0.8166480719999999	0.03125991958612044
2.0	29.0	0.829155812	0.04382093852684034
2.0	30.0	0.8202344749999999	0.02818389071625789
2.0	31.0	0.83152973	0.035084710873494
2.0	32.0	0.8492064850000001	0.04834167722693776
2.0	33.0	0.84875978	0.05293922552145241
2.0	34.0	0.8869636933333332	0.08510895645375366
2.0	35.0	NaN	NaN
2.0	36.0	NaN	NaN
2.0	37.0	NaN	NaN
2.0	38.0	NaN	NaN
2.0	39.0	NaN	NaN
2.0	40.0	NaN	NaN
2.0	41.0	NaN	NaN
2.0	42.0	NaN	NaN
2.0	43.0	NaN	NaN
2.0	44.0	NaN	NaN
2.0	45.0	NaN	NaN
3.0	1.0	0.7200886838571429	0.022891637983966255
3.0	2.0	0.7299271335714287	0.024091678027631642
3.0	3.0	0.7379512303597122	0.02088867220029233
3.0	4.0	0.7469073671942447	0.022489768479395895
3.0	5.0	0.7560214346762589	0.025775029733320746
3.0	6.0	0.7630874437956204	0.023070917719341017
3.0	7.0	0.7728283144525548	0.02787135871624053
3.0	8.0	0.7818684242962963	0.03157213666747759
3.0	9.0	0.7912218554545455	0.035769926530554684
3.0	10.0	0.79949659421875	0.033981723464408455
3.0	11.0	0.8119776374193547	0.04179970675667194
3.0	12.0	0.8176387567567569	0.041147536783005846
3.0	13.0	0.8283865284313725	0.04551882206335479
3.0	14.0	0.8396564626966293	0.053931421410487866
3.0	15.0	0.8365373305882352	0.0511915076491738
3.0	16.0	0.8366418916363637	0.04616027746185862
3.0	17.0	0.8367744325581394	0.04673429342438438
3.0	18.0	0.8344033387878786	0.0461589396457092
3.0	19.0	0.8250312358333334	0.040306451140436336
3.0	20.0	0.823157202	0.034140422942699394
3.0	21.0	0.8313028322222222	0.04307853790911834
3.0	22.0	0.8282198586666666	0.03341035760823405
3.0	23.0	0.8336265085714285	0.023014255139924056
3.0	24.0	0.8530262685714286	0.0340172662028607
3.0	25.0	0.856851522	0.035673958689412484
3.0	26.0	0.8742538725	0.0497925158014873
3.0	27.0	0.8458242899999999	0.028546925380383757
3.0	28.0	0.8775403449999999	0.061901251741726795
3.0	29.0	0.8711375733333334	0.030073412601674163
3.0	30.0	0.8795186099999999	0.00776133130952416
3.0	31.0	0.94205731	0.029420860545405512
4.0	1.0	0.7242115321167885	0.02204208583498787
4.0	2.0	0.7337120484671534	0.02330269366062957
4.0	3.0	0.7413535042647058	0.019006311294594815
4.0	4.0	0.7500529902941178	0.020363345109507876
4.0	5.0	0.7591034588235295	0.0248665543924836
4.0	6.0	0.766515008	0.020541023119773214
4.0	7.0	0.7760806401481484	0.024471371195439053
4.0	8.0	0.7856210285074627	0.027074325729239027
4.0	9.0	0.7968594723308271	0.03211406456566616
4.0	10.0	0.8094674118461538	0.03927343116976664
4.0	11.0	0.8224306448780488	0.04702704287204685
4.0	12.0	0.8237343869902913	0.04428641528472636
4.0	13.0	0.8297758930337081	0.045639190494614505
4.0	14.0	0.8341271729729729	0.047163175736035054
4.0	15.0	0.8308871789655172	0.040518320453385284
4.0	16.0	0.8354490345833333	0.04518867468405881
4.0	17.0	0.8398682233333332	0.037947584267543834
4.0	18.0	0.8530992	0.04240198227583942
4.0	19.0	0.8589418177777776	0.04737100056300603
4.0	20.0	0.8624497768421053	0.05079297798435146
4.0	21.0	0.856115909090909	0.06288446208623262
4.0	22.0	0.8411338875	0.047496675097406196
4.0	23.0	0.8267648766666666	0.016517840215536254
4.0	24.0	0.8408892633333335	0.022248023862085065
4.0	25.0	0.8628416233333334	0.0339272774086844
4.0	26.0	0.892051876	0.05787048769973415
4.0	27.0	0.85386498	0.028879372314508524
4.0	28.0	0.88513433	0.052163366243080926
4.0	29.0	NaN	NaN
4.0	30.0	NaN	NaN
5.0	1.0	0.7289672074074074	0.0225102815489921
5.0	2.0	0.7380147562962962	0.022973305145495473
5.0	3.0	0.7468845685925926	0.024665741504644765
5.0	4.0	0.754610748358209	0.02399395393589105
5.0	5.0	0.7637753443283581	0.028164698032062285
5.0	6.0	0.7722911771428571	0.030437406159230032
5.0	7.0	0.7801006856488548	0.029827189866587306
5.0	8.0	0.7891061116279068	0.03150163346915498
5.0	9.0	0.799909903968254	0.03804170511620504
5.0	10.0	0.8086711970000001	0.03903661091297057
5.0	11.0	0.8192692012612612	0.04676846562649156
5.0	12.0	0.8223988670833334	0.04505964039807489
5.0	13.0	0.827647010120482	0.04724829166812932
5.0	14.0	0.83191262	0.04696151752942633
5.0	15.0	0.8398717104918033	0.0524774975866372
5.0	16.0	0.8375609263829785	0.051829276550837064
5.0	17.0	0.8358489978947369	0.04545610547684918
5.0	18.0	0.8393398625806451	0.048931655543383294
5.0	19.0	0.8441454646153848	0.05167849108457322
5.0	20.0	0.832799312631579	0.04074153323281303
5.0	21.0	0.8432491670588236	0.04852970759453374
5.0	22.0	0.82846661	0.03204051487701099
5.0	23.0	0.8501424383333333	0.053284120379872006
5.0	24.0	0.8438531155555555	0.0425120524833932
5.0	25.0	0.8540108428571429	0.06287499204853748
5.0	26.0	0.837630444	0.048504639264376335
5.0	27.0	0.8305725049999999	0.03652589838387867
5.0	28.0	0.85641758	0.07137640473401462
5.0	29.0	0.8319126200000001	0.019149604519488134
5.0	30.0	0.8469729599999999	0.028694902778389094
5.0	31.0	0.8758173399999999	0.05654743617061694
5.0	32.0	0.86139515	0.009927284233112359
5.0	33.0	0.8927921299999999	0.019674072389258897
5.0	34.0	NaN	NaN
6.0	1.0	0.7339104518461538	0.023016983459928354
6.0	2.0	0.7433570353846154	0.024291137636540387
6.0	3.0	0.7529646290769231	0.027747457917877097
6.0	4.0	0.761306516744186	0.027547750281331024
6.0	5.0	0.7702753068749999	0.029740913624516443
6.0	6.0	0.7803300007874016	0.035054137164584345
6.0	7.0	0.7879132067741934	0.030305105338770077
6.0	8.0	0.801123698373984	0.0390891785969859
6.0	9.0	0.8102599130434782	0.042360576701125585
6.0	10.0	0.8197282093333332	0.04780473566840063
6.0	11.0	0.8159213317647059	0.03886890487109915
6.0	12.0	0.8252856776923077	0.041417641759628136
6.0	13.0	0.8358509171428571	0.04627586827824206
6.0	14.0	0.841872238245614	0.049212826982106495
6.0	15.0	0.8433181009090909	0.04966562844520871
6.0	16.0	0.838126605625	0.04561613303635437
6.0	17.0	0.8407976315384614	0.04355923574392451
6.0	18.0	0.8582165552380951	0.06682453661675833
6.0	19.0	0.828790593846154	0.052324476547621186
6.0	20.0	0.8195905236363636	0.02660786232975932
6.0	21.0	0.8348829181818183	0.039586583408633254
6.0	22.0	0.8321962422222222	0.027420391237072905
6.0	23.0	0.8527588533333333	0.04423848014115992
6.0	24.0	0.8680000025	0.0501051271737556
6.0	25.0	0.8804971066666667	0.05338991376101619
6.0	26.0	0.8718182666666666	0.07302949491553212
6.0	27.0	0.86369249	0.08609662871262842
6.0	28.0	NaN	NaN
6.0	29.0	NaN	NaN
6.0	30.0	NaN	NaN
6.0	31.0	NaN	NaN
6.0	32.0	NaN	NaN
6.0	33.0	NaN	NaN
6.0	34.0	NaN	NaN
7.0	1.0	0.7385441844444445	0.02340458634119812
7.0	2.0	0.7477234150793649	0.0249278588581032
7.0	3.0	0.7571963973015874	0.028597306610716848
7.0	4.0	0.7646866053225805	0.028575893202624342
7.0	5.0	0.7730928299186992	0.02858615105286822
7.0	6.0	0.7814829480991737	0.02942205815424754
7.0	7.0	0.7923856089999999	0.03475649598749562
7.0	8.0	0.804978363559322	0.04247275408224487
7.0	9.0	0.8107809089719625	0.043506626967382944
7.0	10.0	0.8185267856	0.04044533508687469
7.0	11.0	0.8294974676923077	0.04565320017779225
7.0	12.0	0.8352446138666667	0.05033760108528651
7.0	13.0	0.8369508665573773	0.047326537226856806
7.0	14.0	0.8402989745833332	0.05186376283734222
7.0	15.0	0.840743236216216	0.0544785767344522
7.0	16.0	0.8291993007407407	0.0450383632624764
7.0	17.0	0.8396129633333335	0.05527787462366685
7.0	18.0	0.8376358178947368	0.057366861535309496
7.0	19.0	0.8275051306666666	0.04696659803533928
7.0	20.0	0.83663493	0.05260602627794812
7.0	21.0	0.8352097283333332	0.04299313888437417
7.0	22.0	0.8315439111111113	0.04489494983447259
7.0	23.0	0.8393470675	0.05328543219795169
7.0	24.0	0.843508717142857	0.053008690914829466
7.0	25.0	0.8535671766666667	0.06346472387796093
7.0	26.0	0.8409105350000001	0.07088675600056635
7.0	27.0	0.7825198099999999	0.0074003391555927545
7.0	28.0	0.78494478	0.007580835232558419
7.0	29.0	0.78762501	0.008122323463455488
7.0	30.0	0.7904328700000001	0.008483315617386893
7.0	31.0	0.7934959899999999	0.00884430777131822
7.0	32.0	0.796942	0.009746788156146616
7.0	33.0	0.80064327	0.010649268540975013
7.0	34.0	0.80498269	0.011732245002769152
7.0	35.0	0.80996026	0.013356709695460201
7.0	36.0	0.81595887	0.015703158696013988
7.0	37.0	0.82323378	0.0187715920044305
7.0	38.0	0.8326784	0.02382548215946947
7.0	39.0	0.84569666	0.03248929385382203
7.0	40.0	0.86726613	0.050358405473424135
7.0	41.0	NaN	NaN
7.0	42.0	NaN	NaN
7.0	43.0	NaN	NaN
7.0	44.0	NaN	NaN
8.0	1.0	0.7431183018333333	0.02251742206387166
8.0	2.0	0.7524842166666666	0.02443817905209072
8.0	3.0	0.7608216374789916	0.024095504393220436
8.0	4.0	0.7708711593277311	0.0282840216493124
8.0	5.0	0.7828168983193277	0.03769978071473928
8.0	6.0	0.788222499115044	0.033759876664633835
8.0	7.0	0.7980767467272727	0.03672798590901417
8.0	8.0	0.8062761709615385	0.03777613168945445
8.0	9.0	0.8144549412371135	0.037354268132802876
8.0	10.0	0.8242084090909089	0.043012801719432205
8.0	11.0	0.8322627843589745	0.04296962984569676
8.0	12.0	0.8402665836363636	0.04640394032672363
8.0	13.0	0.8458148359259258	0.044959234339853334
8.0	14.0	0.8488344902439022	0.044133680532629074
8.0	15.0	0.8611957281250002	0.05649305781686714
8.0	16.0	0.8571949627272727	0.052481408542093676
8.0	17.0	0.8484862871428571	0.05681898161123358
8.0	18.0	0.8439330454545455	0.0479397654556683
8.0	19.0	0.8443636355555555	0.04040709720169563
8.0	20.0	0.8510571199999999	0.04705192654151089
8.0	21.0	0.8326784	0.04361038225415901
8.0	22.0	0.858140585	0.06562461893387546
8.0	23.0	0.8122575999999999	0.03826516831672373
8.0	24.0	0.82336141	0.04927542901163016
8.0	25.0	0.84084672	0.06894950140088905
8.0	26.0	NaN	NaN
8.0	27.0	NaN	NaN
8.0	28.0	NaN	NaN
8.0	29.0	NaN	NaN
8.0	30.0	NaN	NaN
8.0	31.0	NaN	NaN
8.0	32.0	NaN	NaN
8.0	33.0	NaN	NaN
8.0	34.0	NaN	NaN
8.0	35.0	NaN	NaN
9.0	1.0	0.7506373996581196	0.02758217722511766
9.0	2.0	0.759907482905983	0.030274613270778006
9.0	3.0	0.7704429576068376	0.03782638420320245
9.0	4.0	0.7766264387719298	0.033888198782704486
9.0	5.0	0.7874205761061946	0.04104026640431078
9.0	6.0	0.793614165925926	0.03831597848996454
9.0	7.0	0.7993075778217822	0.03766535620275691
9.0	8.0	0.8076496252083333	0.03877047188337774
9.0	9.0	0.8145549400000001	0.0394896529296758
9.0	10.0	0.8236245483950616	0.04213481891691821
9.0	11.0	0.833426453611111	0.04814279366458499
9.0	12.0	0.8421188354098359	0.05414373871378056
9.0	13.0	0.8344311853333333	0.04391765648420201
9.0	14.0	0.8415789131578947	0.0495002430675852
9.0	15.0	0.8444203599999999	0.04776677863274599
9.0	16.0	0.8370622130434782	0.03829632078920357
9.0	17.0	0.8519444523809524	0.04756272800181146
9.0	18.0	0.8633946866666666	0.048034223934312406
9.0	19.0	0.85156764	0.04106069546679697
9.0	20.0	0.8604698324999999	0.054495031600613635
9.0	21.0	0.8719033533333334	0.06571161242299586
9.0	22.0	0.8489299533333333	0.09314063957883331
9.0	23.0	0.80013275	0.0005414882308970692
9.0	24.0	0.80549321	0.0012634725387597233
9.0	25.0	0.8120023399999999	0.0021659529235881197
9.0	26.0	0.8195325099999999	0.0034294254623479215
9.0	27.0	0.8289771300000001	0.005234386232004636
9.0	28.0	0.84135724	0.007580835232558576
9.0	29.0	0.85884255	0.012454229310631806
9.0	30.0	0.88858034	0.024186474313400957
9.0	31.0	NaN	NaN
10.0	1.0	0.7589838925925925	0.03349604311430998
10.0	2.0	0.768796602990654	0.03681753244389538
10.0	3.0	0.7784587449523811	0.04131801210685468
10.0	4.0	0.7847324845544555	0.03741227086264879
10.0	5.0	0.7922525843298971	0.03634207418511878
10.0	6.0	0.8043606616842106	0.041106250459797954
10.0	7.0	0.8147144775	0.04810694331684953
10.0	8.0	0.8164257271052634	0.0443779307100605
10.0	9.0	0.8196639498507462	0.03735512996865954
10.0	10.0	0.8316489908196723	0.042857410744877346
10.0	11.0	0.8400613046153846	0.04411402335180808
10.0	12.0	0.8484920682926831	0.054120265628978925
10.0	13.0	0.8495813981250003	0.04646857208233578
10.0	14.0	0.8559389675000001	0.05341577204369992
10.0	15.0	0.8432238287499999	0.0419080349353785
10.0	16.0	0.8509589430769231	0.04518444959096938
10.0	17.0	0.85794914	0.05106858920469213
10.0	18.0	0.8491001266666668	0.060564686942586834
10.0	19.0	0.834401405	0.059093792624702185
10.0	20.0	0.8133637266666666	0.019912461589882156
10.0	21.0	0.8228934333333333	0.023746498155158186
10.0	22.0	0.83548626	0.029837044297631104
10.0	23.0	0.8543755000000001	0.04082484512573688
10.0	24.0	0.8947916666666665	0.07079558368063739
10.0	25.0	NaN	NaN
10.0	26.0	NaN	NaN
10.0	27.0	NaN	NaN
10.0	28.0	NaN	NaN
10.0	29.0	NaN	NaN
11.0	1.0	0.76304028125	0.032221378264217435
11.0	2.0	0.7738436289583333	0.0363158256961409
11.0	3.0	0.7848695454736845	0.04119052973909843
11.0	4.0	0.7937891182417582	0.044305966012607646
11.0	5.0	0.8013564964705884	0.047300515076043124
11.0	6.0	0.8054849223376623	0.04539944378312777
11.0	7.0	0.8063052327536231	0.03331706724109465
11.0	8.0	0.8215345865671643	0.043974922260982555
11.0	9.0	0.8313212676666666	0.047006961340063935
11.0	10.0	0.8357108888	0.04623745128611991
11.0	11.0	0.8389042536585366	0.04077613228978379
11.0	12.0	0.8464549323529411	0.038544873955811944
11.0	13.0	0.8609460814814814	0.04793430817019378
11.0	14.0	0.8522855587500001	0.04202091523294017
11.0	15.0	0.8585292763636363	0.05276096270943267
11.0	16.0	0.8492702999999998	0.04657428380631957
11.0	17.0	0.8608591039999999	0.07252362919288777
11.0	18.0	0.8205960933333333	0.011965496853024211
11.0	19.0	0.8341248733333333	0.016692390658025386
11.0	20.0	0.8535246333333332	0.026059449935670782
11.0	21.0	0.85845966	0.009385796002215289
11.0	22.0	0.89253687	0.018952088081396243
11.0	23.0	NaN	NaN
12.0	1.0	0.7628778802564102	0.031072370082748057
12.0	2.0	0.7732159102564103	0.03599014109068041
12.0	3.0	0.7813241184210525	0.03813320612018689
12.0	4.0	0.7878645347945206	0.037053631103779544
12.0	5.0	0.7965285507042255	0.03775803312269564
12.0	6.0	0.8080735556521738	0.04457148704375224
12.0	7.0	0.8137526942857141	0.04139821740816407
12.0	8.0	0.8241509854237287	0.04259958264382409
12.0	9.0	0.8389828403773584	0.054546641862319216
12.0	10.0	0.831312759	0.04312275035656594
12.0	11.0	0.8392400835294118	0.044639461508965486
12.0	12.0	0.8522149064285713	0.0554295709173557
12.0	13.0	0.8336393788235295	0.0485882841692627
12.0	14.0	0.8319673185714286	0.04148646216918214
12.0	15.0	0.8288727054545455	0.03453045244278977
12.0	16.0	0.8517764890909091	0.05202381889864016
12.0	17.0	0.8523972349999999	0.05622606968237295
12.0	18.0	0.8346183759999999	0.052496935683046114
12.0	19.0	0.83369944	0.056491523644815966
12.0	20.0	0.8202557466666667	0.04417571577057393
12.0	21.0	0.8388897266666667	0.06526091865909439
12.0	22.0	0.8098326299999999	0.028337884083611455
12.0	23.0	0.81927725	0.03555772716223862
12.0	24.0	0.83229551	0.04710947608804195
12.0	25.0	0.8543755	0.07075446217054585
12.0	26.0	NaN	NaN
12.0	27.0	NaN	NaN
12.0	28.0	NaN	NaN
12.0	29.0	NaN	NaN
12.0	30.0	NaN	NaN
12.0	31.0	NaN	NaN
12.0	32.0	NaN	NaN
13.0	1.0	0.7716527628985509	0.03660232795020255
13.0	2.0	0.7818553832352941	0.04102930716959798
13.0	3.0	0.7934788456716417	0.04694295110213773
13.0	4.0	0.7962933885245904	0.043104805578183275
13.0	5.0	0.7999458632142857	0.03856175973492737
13.0	6.0	0.8104896881481481	0.04051926183659183
13.0	7.0	0.8151239570833334	0.03690015229131486
13.0	8.0	0.824330237727273	0.03675729899436336
13.0	9.0	0.8375283399999999	0.04471860883694393
13.0	10.0	0.8395786541935483	0.038801282366312986
13.0	11.0	0.8622296538461538	0.061031008343701953
13.0	12.0	0.8422666037500001	0.0449300111106586
13.0	13.0	0.8601735485714287	0.05690756268867217
13.0	14.0	0.8351990925	0.04201455036501919
13.0	15.0	0.849124437142857	0.05537747052791828
13.0	16.0	0.84850452	0.06427181194353244
13.0	17.0	0.8510571199999999	0.07104028424978605
13.0	18.0	0.79362362	0.010468772464009271
13.0	19.0	0.79770778	0.010107780310077944
13.0	20.0	0.8025577199999999	0.010107780310077944
13.0	21.0	0.80791818	0.010107780310077944
13.0	22.0	0.81417205	0.010288276387043686
13.0	23.0	0.82182985	0.01101026069490634
13.0	24.0	0.83127447	0.01209323715670032
13.0	25.0	0.84378221	0.014620182234219925
13.0	26.0	0.8621609299999999	0.019674072389258897
13.0	27.0	0.89496184	0.03537723108527288
13.0	28.0	NaN	NaN
14.0	1.0	0.7688192203846154	0.03163761370820361
14.0	2.0	0.779805218076923	0.03612847323511096
14.0	3.0	0.7903953317647059	0.0410445324272092
14.0	4.0	0.7999790730612247	0.04393823002586501
14.0	5.0	0.8065170862222224	0.04550726264989015
14.0	6.0	0.8117968868292682	0.042938769361404755
14.0	7.0	0.8206341584210527	0.04188525961977256
14.0	8.0	0.8324456629411765	0.05003515762934847
14.0	9.0	0.8346657814285715	0.04663061706573958
14.0	10.0	0.8393484547826088	0.04507997668098017
14.0	11.0	0.849156851111111	0.05836665887496961
14.0	12.0	0.8311681116666666	0.04276506569622492
14.0	13.0	0.833163394	0.03950229484998231
14.0	14.0	0.8471714955555555	0.05304124953055287
14.0	15.0	0.8576300649999999	0.05060824367062374
14.0	16.0	0.8290409449999999	0.0431116809981282
14.0	17.0	0.8175329733333333	0.020068912841958657
14.0	18.0	0.8295301933333333	0.027733424375163854
14.0	19.0	0.84773874	0.04372850410266967
14.0	20.0	0.83408233	0.006678354847730101
14.0	21.0	0.8495255599999999	0.008302819540421152
14.0	22.0	0.87313711	0.012454229310631884
14.0	23.0	0.9238062199999999	0.032128301699890706
15.0	1.0	0.7765271362790699	0.040756823748971056
15.0	2.0	0.7867680657142857	0.04510864615540731
15.0	3.0	0.7967952255	0.05282264085920306
15.0	4.0	0.7949070105555555	0.03559476185443968
15.0	5.0	0.8067585702857142	0.040008929038622305
15.0	6.0	0.8191805606060606	0.04629252692323661
15.0	7.0	0.8220668771428572	0.04218465180066699
15.0	8.0	0.8263634895652174	0.04356369315229364
15.0	9.0	0.8272104621052631	0.03403714640483957
15.0	10.0	0.8424083105882353	0.042227102759554276
15.0	11.0	0.8411445233333333	0.0406846373897853
15.0	12.0	0.85003608	0.05268275143257514
15.0	13.0	0.83548626	0.03877633815362971
15.0	14.0	0.8353331039999998	0.01851523795536748
15.0	15.0	0.8574386199999999	0.02839989768267834
15.0	16.0	0.880731095	0.04116544023708034
15.0	17.0	0.8760726	0.03140631739202797
15.0	18.0	NaN	NaN
16.0	1.0	0.7662860974193548	0.028984796779200295
16.0	2.0	0.7765376683870968	0.03353083645560457
16.0	3.0	0.789259497419355	0.04340652854989465
16.0	4.0	0.7935796096551723	0.03969202532137106
16.0	5.0	0.8028220964285715	0.04125305348584318
16.0	6.0	0.819291431111111	0.057605089654595196
16.0	7.0	0.8180064991304347	0.04994231415450665
16.0	8.0	0.8170672357894736	0.04828233608292354
16.0	9.0	0.8238644223529412	0.0512633578995343
16.0	10.0	0.8291776914285715	0.06346345594004145
16.0	11.0	0.8140212145454545	0.04334168294300912
16.0	12.0	0.8222893179999999	0.054165272474361446
16.0	13.0	0.8238293866666666	0.04855143169463699
16.0	14.0	0.8283708875000001	0.051465205067583744
16.0	15.0	0.8308915800000001	0.05123460974164501
16.0	16.0	0.83854938	0.06794789141492
16.0	17.0	0.8252758600000002	0.037755188969003976
16.0	18.0	0.82017066	0.024278791146897474
16.0	19.0	0.8333803649999999	0.03047863903076327
16.0	20.0	0.85297157	0.04111112671621152
16.0	21.0	0.8944513199999999	0.06777461452177115
16.0	22.0	NaN	NaN
16.0	23.0	NaN	NaN
16.0	24.0	NaN	NaN
16.0	25.0	NaN	NaN
16.0	26.0	NaN	NaN
16.0	27.0	NaN	NaN
16.0	28.0	NaN	NaN
16.0	29.0	NaN	NaN
17.0	1.0	0.7742336776923078	0.03891284315416504
17.0	2.0	0.7824126007999999	0.04475932239776554
17.0	3.0	0.7864976116666665	0.034787742854174034
17.0	4.0	0.7941785330434783	0.03574034903307751
17.0	5.0	0.8020820081818182	0.03498789883443847
17.0	6.0	0.8134852790476191	0.04079551704467807
17.0	7.0	0.8153490822222221	0.034570301649957814
17.0	8.0	0.8292549129411765	0.04148328999328762
17.0	9.0	0.8339000014285715	0.03825169797444249
17.0	10.0	0.862386736923077	0.061041622259101126
17.0	11.0	0.83931516	0.05975483398420582
17.0	12.0	0.8230806239999999	0.0359081056671454
17.0	13.0	0.846105076	0.058098600324368206
17.0	14.0	0.8156610666666667	0.0015596643625258866
17.0	15.0	0.8277433733333334	0.0014058624579002513
17.0	16.0	0.8435694933333334	0.0012591676794348073
17.0	17.0	0.8671384999999999	0.0017868200000000223
17.0	18.0	0.911809	0.004890078118926079
18.0	1.0	0.776559489	0.04477507449875513
18.0	2.0	0.7846223463157894	0.05217782211494545
18.0	3.0	0.7781878976470589	0.023733538503445787
18.0	4.0	0.7887736799999999	0.02828811773894651
18.0	5.0	0.8021523070588235	0.03841239580290971
18.0	6.0	0.8094178325	0.036354720894627796
18.0	7.0	0.8196601399999999	0.03978548136248987
18.0	8.0	0.8218985738461537	0.029812676753664585
18.0	9.0	0.8480921769230767	0.05356949415043465
18.0	10.0	0.8468453299999998	0.04304229109239034
18.0	11.0	0.8511300514285713	0.05593878209751065
18.0	12.0	0.8375283399999999	0.03929055916645884
18.0	13.0	0.8367625599999999	0.03080301861167505
18.0	14.0	0.8597359599999999	0.04649143564219401
18.0	15.0	0.8747112133333333	0.0708875602782472
18.0	16.0	0.85667284	0.051621878012183854
18.0	17.0	NaN	NaN
18.0	18.0	NaN	NaN
18.0	19.0	NaN	NaN
18.0	20.0	NaN	NaN
19.0	1.0	0.7727082537500001	0.03491728759665328
19.0	2.0	0.785136225	0.04269704549604558
19.0	3.0	0.7901691013333332	0.039289773414542414
19.0	4.0	0.7958297957142857	0.036998357586827825
19.0	5.0	0.7988859030769231	0.021261676455080456
19.0	6.0	0.8133571815384616	0.026956105546563983
19.0	7.0	0.8338565230769229	0.03963996014253871
19.0	8.0	0.8465784672727273	0.04769365762575254
19.0	9.0	0.8575520688888888	0.04478996804722696
19.0	10.0	0.8711497285714284	0.04765135500148674
19.0	11.0	0.9120217166666665	0.0570590133550077
19.0	12.0	0.8668832399999999	0.032850286007753436
19.0	13.0	NaN	NaN
19.0	14.0	NaN	NaN
20.0	1.0	0.7716123538461537	0.027505208408622518
20.0	2.0	0.7844146246153846	0.034216499575151514
20.0	3.0	0.8011636076923078	0.0471111606170474
20.0	4.0	0.7995874218181818	0.038706586884514074
20.0	5.0	0.8233730127272728	0.0642104856815821
20.0	6.0	0.8035468524999999	0.03660300678768961
20.0	7.0	0.8050738542857143	0.029830284199599818
20.0	8.0	0.8227597257142857	0.04692745932351859
20.0	9.0	0.8212767866666666	0.03145800323955393
20.0	10.0	0.8425484533333334	0.046793180063717243
20.0	11.0	0.8536607719999999	0.054444750010081956
20.0	12.0	0.8377836	0.04261160314995441
20.0	13.0	0.8698612733333334	0.06637807137904907
20.0	14.0	NaN	NaN
20.0	15.0	NaN	NaN
20.0	16.0	NaN	NaN
20.0	17.0	NaN	NaN
20.0	18.0	NaN	NaN
20.0	19.0	NaN	NaN
20.0	20.0	NaN	NaN
21.0	1.0	0.7829452433333333	0.04026020191752811
21.0	2.0	0.798409745	0.05607234368543755
21.0	3.0	0.7987984363636363	0.04487178808330492
21.0	4.0	0.8050592679999999	0.05097462594843846
21.0	5.0	0.8028697044444445	0.03276955310083243
21.0	6.0	0.81914962	0.04603003862895404
21.0	7.0	0.8222127400000001	0.036314395806547994
21.0	8.0	0.8493660224999999	0.05935925133487781
21.0	9.0	0.8525461366666667	0.06604428491720193
21.0	10.0	0.82808372	0.03948259715504373
21.0	11.0	0.8215320466666666	0.0216750663809488
21.0	12.0	0.8382941199999999	0.032165798665980586
21.0	13.0	0.8700314466666667	0.06415630585931931
21.0	14.0	0.8515676400000001	0.008663811694352557
21.0	15.0	0.88105017	0.016425143003876718
21.0	16.0	NaN	NaN
22.0	1.0	0.7755958825	0.03978055326047701
22.0	2.0	0.7907200374999999	0.05642457612371956
22.0	3.0	0.7901229114285714	0.06001663549655195
22.0	4.0	0.7744365766666667	0.006758206349716381
22.0	5.0	0.7818391166666667	0.009197038227389657
22.0	6.0	0.7898372633333333	0.012102034263256187
22.0	7.0	0.79911171	0.01611315481480022
22.0	8.0	0.8101729766666667	0.02159108326806937
22.0	9.0	0.8248078833333334	0.030839978956460852
22.0	10.0	0.8487172366666665	0.051710766274675815
22.0	11.0	0.829934355	0.0211638866113788
22.0	12.0	0.8494617449999999	0.031161503340454637
22.0	13.0	0.88921849	0.06001324917541127
22.0	14.0	0.8621609299999999	0.04349955454872837
22.0	15.0	NaN	NaN
22.0	16.0	NaN	NaN
22.0	17.0	NaN	NaN
23.0	1.0	0.7635880266666666	0.004426142646262904
23.0	2.0	0.7716287166666667	0.006190603214555633
23.0	3.0	0.78022247	0.008572708631817616
23.0	4.0	0.7895820033333333	0.01185837705135344
23.0	5.0	0.8004305533333333	0.016308430686432934
23.0	6.0	0.8135764433333335	0.023266170698355723
23.0	7.0	0.8321678800000001	0.036724808960509496
23.0	8.0	0.8394683159999999	0.03765478685519385
23.0	9.0	0.8409105349999999	0.01954628900272974
23.0	10.0	0.86905295	0.03428887098457651
23.0	11.0	0.86637272	0.024186474313400878
23.0	12.0	NaN	NaN
23.0	13.0	NaN	NaN
24.0	1.0	0.7735006233333332	0.0037320955789779298
24.0	2.0	0.7820943766666666	0.00450710426276415
24.0	3.0	0.7914964533333334	0.006396118163682324
24.0	4.0	0.8021748299999999	0.009411793086452744
24.0	5.0	0.8151080033333334	0.01386173834084839
24.0	6.0	0.8319551633333333	0.021091592823918877
24.0	7.0	0.8581193133333334	0.03633083097707441
24.0	8.0	0.8425484533333334	0.008505688111995006
24.0	9.0	0.8678191933333332	0.014766153020070364
24.0	10.0	0.9269544266666667	0.04464958809566036
24.0	11.0	NaN	NaN
25.0	1.0	0.7881355299999999	0.008924248825950547
25.0	2.0	0.7974099766666667	0.010431882117013508
25.0	3.0	0.80817344	0.012977655381943213
25.0	4.0	0.82144696	0.017002692128238975
25.0	5.0	0.8394853333333333	0.024642661673264645
25.0	6.0	0.8539670840000001	0.026119347753576855
25.0	7.0	0.897718648	0.04907216656986444
25.0	8.0	NaN	NaN
25.0	9.0	NaN	NaN
25.0	10.0	NaN	NaN
25.0	11.0	NaN	NaN
26.0	1.0	0.8323380533333333	0.036068397574782654
26.0	2.0	0.8447777239999998	0.0477116380080131
26.0	3.0	0.841803945	0.01610550355965214
26.0	4.0	0.868733875	0.022056369504487815
26.0	5.0	0.88692115	0.02111804100498436
26.0	6.0	NaN	NaN
27.0	1.0	NaN	NaN
27.0	2.0	NaN	NaN
