# REJUVENATION INDEX IN LINEAGE
# original file "wt_decCap_noRe_3gen.txt" 
# mother	daughter	rejMean	rejStd
0.0	0.0	0.0	0.0
0.0	1.0	0.22887999999999997	0.2671978784014241
0.0	2.0	0.25318000000000007	0.39557987197418315
0.0	3.0	0.22984999999999997	0.3929391704407524
0.0	4.0	0.41770000000000007	0.4502141391728064
0.0	5.0	0.10261000000000002	0.24342185809824063
0.0	6.0	0.039259999999999996	0.3029209952006188
0.0	7.0	-0.16418	0.28087223983710297
0.0	8.0	-0.08606	0.3562184729129645
0.0	9.0	-0.22109000000000006	0.1341043080756336
0.0	10.0	-0.41886666666666666	0.25139256154468853
0.0	11.0	-0.35342499999999993	0.15661154628114568
0.0	12.0	-0.4442833333333333	0.20674745383357607
0.0	13.0	-0.20090000000000002	0.6484562359943807
0.0	14.0	-0.6440599999999999	0.07057282054728999
0.0	15.0	-0.7650250000000001	0.2031735936746374
0.0	16.0	-0.806	0.1634054160669101
0.0	17.0	NaN	NaN
0.0	18.0	NaN	NaN
1.0	1.0	0.10267887323943663	0.5361216844554997
1.0	2.0	0.10608169014084508	0.5823182772113787
1.0	3.0	0.08658802816901408	0.5999832083326921
1.0	4.0	0.05211830985915492	0.5582370555228534
1.0	5.0	0.020113380281690147	0.5125345568323739
1.0	6.0	-0.0727127659574468	0.489665599866898
1.0	7.0	-0.050231205673758855	0.5190078083825977
1.0	8.0	-0.1565057142857143	0.4809871019032921
1.0	9.0	-0.2363797101449275	0.3870751293866559
1.0	10.0	-0.23740802919708032	0.4974893393859862
1.0	11.0	-0.35347669172932333	0.4359224286163659
1.0	12.0	-0.44307500000000005	0.3830896741960161
1.0	13.0	-0.5391060869565218	0.3786745532027809
1.0	14.0	-0.6072425925925926	0.3992461164913224
1.0	15.0	-0.7782318681318681	0.342004519099162
1.0	16.0	-0.8330871428571431	0.3863967795952413
1.0	17.0	-0.9263516129032259	0.4010019740525939
1.0	18.0	-0.9595680851063833	0.4928488259736903
1.0	19.0	-1.0555870967741938	0.5264341805911007
1.0	20.0	-1.1878250000000001	0.4235705426079786
1.0	21.0	-1.3947611111111111	0.5521477648972652
1.0	22.0	-1.5143333333333333	0.6389050780733228
1.0	23.0	-1.6427624999999997	0.6667872737184305
1.0	24.0	-1.95136	0.7006129980238733
1.0	25.0	-2.4160999999999997	1.0687184521659576
1.0	26.0	-2.416933333333333	0.8877813488316442
1.0	27.0	-2.71145	1.1379469429635107
1.0	28.0	-2.67305	0.971211163959723
1.0	29.0	-2.7512	1.0817319538591803
1.0	30.0	-2.4353499999999997	1.196919648514469
1.0	31.0	-2.87035	0.9132284079024259
1.0	32.0	-2.67305	0.971211163959723
1.0	33.0	-2.83065	0.9693726863286378
1.0	34.0	-2.7154	0.46937748135163004
1.0	35.0	-3.10805	0.68751992334768
1.0	36.0	NaN	NaN
1.0	37.0	NaN	NaN
1.0	38.0	NaN	NaN
1.0	39.0	NaN	NaN
1.0	40.0	NaN	NaN
1.0	41.0	NaN	NaN
1.0	42.0	NaN	NaN
1.0	43.0	NaN	NaN
1.0	44.0	NaN	NaN
1.0	45.0	NaN	NaN
1.0	46.0	NaN	NaN
1.0	47.0	NaN	NaN
1.0	48.0	NaN	NaN
1.0	49.0	NaN	NaN
1.0	50.0	NaN	NaN
1.0	51.0	NaN	NaN
1.0	52.0	NaN	NaN
1.0	53.0	NaN	NaN
1.0	54.0	NaN	NaN
1.0	55.0	NaN	NaN
1.0	56.0	NaN	NaN
1.0	57.0	NaN	NaN
1.0	58.0	NaN	NaN
2.0	1.0	0.11785352112676055	0.5171671127452367
2.0	2.0	0.11387605633802818	0.5826673323019361
2.0	3.0	0.022769503546099287	0.40837965528297016
2.0	4.0	0.014582978723404255	0.5169720064205531
2.0	5.0	-0.01742411347517731	0.46693268448777336
2.0	6.0	-0.09810071942446041	0.5001663499358732
2.0	7.0	-0.12014963503649632	0.5203180182977589
2.0	8.0	-0.15032279411764704	0.45318882549181805
2.0	9.0	-0.25331037037037035	0.44831396385809835
2.0	10.0	-0.32067537313432837	0.4061815897170226
2.0	11.0	-0.39226821705426357	0.3641194193668851
2.0	12.0	-0.44377333333333335	0.36989952706545765
2.0	13.0	-0.563870796460177	0.30907119749611317
2.0	14.0	-0.6367773195876291	0.3587887550220054
2.0	15.0	-0.7070682926829269	0.37448122334311407
2.0	16.0	-0.8170064516129035	0.3256741426192892
2.0	17.0	-0.9259698113207546	0.3955029702236545
2.0	18.0	-1.0381720930232559	0.3948302277263829
2.0	19.0	-1.2209612903225804	0.3002122934163083
2.0	20.0	-1.1197782608695654	0.3468250147690694
2.0	21.0	-1.27537	0.46919262692192293
2.0	22.0	-1.4140411764705885	0.3716607863005316
2.0	23.0	-1.3971142857142858	0.5505713841192521
2.0	24.0	-1.5582000000000003	0.32539990780576444
2.0	25.0	-1.63671	0.4291024364880721
2.0	26.0	-1.8157	0.31436052551171245
2.0	27.0	-1.8887999999999998	0.48640408612592895
2.0	28.0	-2.0461	0.41715496521077156
2.0	29.0	-2.00028	0.361432154075976
2.0	30.0	-1.92675	0.35147853893706416
2.0	31.0	-2.101375	0.3738129512202594
2.0	32.0	-2.143325	0.085521240051814
2.0	33.0	-2.4429333333333334	0.315078630397768
2.0	34.0	-2.419966666666667	0.14480028775293693
2.0	35.0	NaN	NaN
2.0	36.0	NaN	NaN
2.0	37.0	NaN	NaN
2.0	38.0	NaN	NaN
2.0	39.0	NaN	NaN
2.0	40.0	NaN	NaN
2.0	41.0	NaN	NaN
2.0	42.0	NaN	NaN
2.0	43.0	NaN	NaN
2.0	44.0	NaN	NaN
2.0	45.0	NaN	NaN
3.0	1.0	0.16389214285714288	0.4827622727100883
3.0	2.0	0.1514235714285715	0.490413585052881
3.0	3.0	0.07239352517985613	0.5274773916727511
3.0	4.0	0.10695539568345323	0.46779455096129696
3.0	5.0	0.04377913669064747	0.5439539176819744
3.0	6.0	-0.006562773722627738	0.44945547332419195
3.0	7.0	-0.0637094890510949	0.4228228819986553
3.0	8.0	-0.16811555555555552	0.48252827105586177
3.0	9.0	-0.19331136363636361	0.3888336883529078
3.0	10.0	-0.27858750000000004	0.4113725719021454
3.0	11.0	-0.38925161290322596	0.3091046999413511
3.0	12.0	-0.43951531531531535	0.2879774474118662
3.0	13.0	-0.5864607843137255	0.29269995320347997
3.0	14.0	-0.6277404494382024	0.3461743457615426
3.0	15.0	-0.7711926470588236	0.28528894403204336
3.0	16.0	-0.8246963636363638	0.2720177798952204
3.0	17.0	-0.8773023255813954	0.23202005813165225
3.0	18.0	-1.0147545454545457	0.2309158925492531
3.0	19.0	-1.0037916666666666	0.3656156129725252
3.0	20.0	-1.08706	0.2990280912697351
3.0	21.0	-1.1664388888888888	0.20023861101163604
3.0	22.0	-1.3150066666666669	0.2158729635247369
3.0	23.0	-1.224642857142857	0.24881703415063142
3.0	24.0	-1.4428714285714288	0.1367084513091296
3.0	25.0	-1.52731	0.17450739844233285
3.0	26.0	-1.7089875	0.14017985831984367
3.0	27.0	-1.804875	0.1410677230978086
3.0	28.0	-1.9018499999999998	0.10808368671234964
3.0	29.0	-1.9923000000000002	0.06292718013704424
3.0	30.0	-1.97255	0.1306026224851554
3.0	31.0	-2.287	0.08951971849821679
4.0	1.0	0.18531970802919712	0.43365198991672765
4.0	2.0	0.10484963503649634	0.4303247523885283
4.0	3.0	0.11422647058823532	0.44188179452332577
4.0	4.0	0.09262058823529412	0.4210092591781391
4.0	5.0	0.04786176470588236	0.43247389834469246
4.0	6.0	-0.028097777777777774	0.4776203173362062
4.0	7.0	-0.043172592592592596	0.4362104350496597
4.0	8.0	-0.06475820895522386	0.5388090684327237
4.0	9.0	-0.1834233082706767	0.36658036716247155
4.0	10.0	-0.30325230769230765	0.2691776434890595
4.0	11.0	-0.36529024390243914	0.3072887682899476
4.0	12.0	-0.46345436893203895	0.2561771843083163
4.0	13.0	-0.5418438202247191	0.32783867566611596
4.0	14.0	-0.6454013513513515	0.24073832180853538
4.0	15.0	-0.6879500000000003	0.37356366387125
4.0	16.0	-0.7683187500000002	0.2607517313185826
4.0	17.0	-0.8122404761904762	0.28504533234636664
4.0	18.0	-0.935472972972973	0.22037503847437576
4.0	19.0	-1.1052703703703701	0.24912747094735815
4.0	20.0	-1.2065052631578947	0.2359902551511731
4.0	21.0	-1.231809090909091	0.2555293269061125
4.0	22.0	-1.229275	0.2677429297452529
4.0	23.0	-1.2852166666666667	0.20912376638408814
4.0	24.0	-1.4287999999999998	0.13523546872030284
4.0	25.0	-1.3501999999999998	0.3961375468192834
4.0	26.0	-1.7768799999999998	0.12587585948068036
4.0	27.0	-1.5388	0.4081420341008752
4.0	28.0	-1.8917	0.1337846030004948
4.0	29.0	NaN	NaN
4.0	30.0	NaN	NaN
5.0	1.0	0.13290740740740742	0.4897982589008792
5.0	2.0	0.08048666666666664	0.4900972834892906
5.0	3.0	0.08366444444444446	0.4543243621464746
5.0	4.0	0.11242910447761194	0.5157524561879019
5.0	5.0	0.07696567164179104	0.4749000800492126
5.0	6.0	-0.00845338345864661	0.5713617547404902
5.0	7.0	-0.17707480916030535	0.38411001976467257
5.0	8.0	-0.09379069767441862	0.44280116718770146
5.0	9.0	-0.2316579365079365	0.3904684924248151
5.0	10.0	-0.3254391666666667	0.3909147847770444
5.0	11.0	-0.3966450450450451	0.3183200498465595
5.0	12.0	-0.42112291666666685	0.4337273185282653
5.0	13.0	-0.5500192771084338	0.3352689559064379
5.0	14.0	-0.6189352112676058	0.3925856834950962
5.0	15.0	-0.7526704918032787	0.3067201995001646
5.0	16.0	-0.8034191489361702	0.2440999996778742
5.0	17.0	-0.9230000000000002	0.3309574178537662
5.0	18.0	-1.044925806451613	0.24903498812782907
5.0	19.0	-1.0946269230769232	0.25039200715309157
5.0	20.0	-1.1598526315789472	0.25225586298311625
5.0	21.0	-1.3422882352941172	0.19162248329186524
5.0	22.0	-1.290241666666667	0.2591547781059641
5.0	23.0	-1.4414166666666668	0.20353127449355224
5.0	24.0	-1.4551777777777777	0.1733363405187857
5.0	25.0	-1.5931571428571427	0.26306556126526615
5.0	26.0	-1.73492	0.12416195874743602
5.0	27.0	-1.818575	0.05294779661767486
5.0	28.0	-1.9578499999999999	0.1460324279055854
5.0	29.0	-1.5252999999999999	0.3082327529643792
5.0	30.0	-1.9747000000000001	0.09519133363915026
5.0	31.0	-1.8452666666666666	0.4894343299497219
5.0	32.0	-2.1660500000000003	0.03075914498161504
5.0	33.0	-2.24545	0.08152941187080891
5.0	34.0	NaN	NaN
6.0	1.0	0.2585815384615385	0.4900166332858912
6.0	2.0	0.2948053846153846	0.5043590352937172
6.0	3.0	0.16025692307692307	0.44697203820395254
6.0	4.0	0.09698527131782946	0.4514383398685209
6.0	5.0	0.09813124999999999	0.4408822989590681
6.0	6.0	0.013974015748031499	0.4577742313183898
6.0	7.0	-0.036273387096774204	0.41932747862100056
6.0	8.0	-0.13723252032520322	0.3807337733205114
6.0	9.0	-0.18537043478260873	0.38519719055239543
6.0	10.0	-0.3234076190476191	0.3358938118304761
6.0	11.0	-0.3933929411764706	0.3030211645084482
6.0	12.0	-0.3903435897435899	0.4220521115081701
6.0	13.0	-0.5230114285714286	0.33611209635591843
6.0	14.0	-0.6749526315789475	0.2880146692105302
6.0	15.0	-0.8198568181818182	0.2801876160450162
6.0	16.0	-0.7568875000000002	0.4178554532834408
6.0	17.0	-0.9676192307692305	0.21511730013038144
6.0	18.0	-1.1234999999999997	0.24184303793990017
6.0	19.0	-1.156146153846154	0.23980486377950652
6.0	20.0	-1.1721909090909088	0.3175318958925086
6.0	21.0	-1.1874090909090909	0.2727004967158859
6.0	22.0	-1.2839333333333334	0.28021939172726784
6.0	23.0	-1.230611111111111	0.2778623510141507
6.0	24.0	-1.4939250000000002	0.15257889528278243
6.0	25.0	-1.6534333333333333	0.08238540323787137
6.0	26.0	-1.8607000000000002	0.048475560852866924
6.0	27.0	-1.737	0.21227345571220158
6.0	28.0	NaN	NaN
6.0	29.0	NaN	NaN
6.0	30.0	NaN	NaN
6.0	31.0	NaN	NaN
6.0	32.0	NaN	NaN
6.0	33.0	NaN	NaN
6.0	34.0	NaN	NaN
7.0	1.0	0.318468253968254	0.6388512397296627
7.0	2.0	0.18440238095238093	0.5355114645964973
7.0	3.0	0.18167539682539682	0.5835545902397147
7.0	4.0	0.14713387096774194	0.6095173274829577
7.0	5.0	0.02609349593495935	0.5001973241352901
7.0	6.0	-0.036100826446280994	0.45459535660773226
7.0	7.0	-0.05729666666666667	0.4228379513454761
7.0	8.0	-0.17517627118644064	0.42110821734345466
7.0	9.0	-0.2264728971962617	0.4111913045961568
7.0	10.0	-0.29259599999999997	0.4439416546249193
7.0	11.0	-0.4457109890109891	0.36189007215222735
7.0	12.0	-0.5459413333333334	0.3569534098197998
7.0	13.0	-0.6006196721311476	0.42594498581376755
7.0	14.0	-0.6524520833333335	0.396300843165189
7.0	15.0	-0.8328648648648649	0.3045517062614931
7.0	16.0	-0.9669481481481483	0.3796356445232621
7.0	17.0	-0.9755750000000001	0.33147528631073325
7.0	18.0	-1.1868315789473685	0.45070001855463265
7.0	19.0	-1.1844866666666667	0.37494319353863775
7.0	20.0	-1.3743285714285711	0.5118963227790617
7.0	21.0	-1.3967333333333336	0.4418079803660766
7.0	22.0	-1.5537222222222222	0.49975685282389526
7.0	23.0	-1.5498500000000002	0.4958241796674071
7.0	24.0	-1.5935000000000001	0.4597134832334882
7.0	25.0	-1.7408666666666663	0.2899129087616946
7.0	26.0	-2.1363250000000003	0.4784395146376046
7.0	27.0	-2.3859500000000002	0.38275690065627826
7.0	28.0	-2.46425	0.27202397872246487
7.0	29.0	-2.3861	0.16150318882300757
7.0	30.0	-2.22945	0.383039743368753
7.0	31.0	-1.87735	0.4390426004387275
7.0	32.0	-2.30795	0.05098239892354996
7.0	33.0	-2.5036500000000004	0.004737615433949818
7.0	34.0	-2.46425	0.27202397872246487
7.0	35.0	-2.386	0.27209468940058334
7.0	36.0	-2.5033000000000003	0.32724901833313425
7.0	37.0	-2.58155	0.3270368862987785
7.0	38.0	-2.1911	0.4467500643536608
7.0	39.0	-2.7380500000000003	0.32675404358630356
7.0	40.0	-2.50375	0.11532911601152591
7.0	41.0	NaN	NaN
7.0	42.0	NaN	NaN
7.0	43.0	NaN	NaN
7.0	44.0	NaN	NaN
8.0	1.0	0.30524333333333337	0.6276534634711123
8.0	2.0	0.30177416666666673	0.48621851184401016
8.0	3.0	0.2697563025210084	0.4801067899637159
8.0	4.0	0.17388403361344537	0.4501541103311164
8.0	5.0	0.1070218487394958	0.502834077017571
8.0	6.0	0.04884955752212388	0.4345014585960834
8.0	7.0	0.020708181818181817	0.31361471340572294
8.0	8.0	-0.1693471153846154	0.3087965383995108
8.0	9.0	-0.20887938144329896	0.30808581019814385
8.0	10.0	-0.2924829545454546	0.3513505984617732
8.0	11.0	-0.4130974358974359	0.2936299844796982
8.0	12.0	-0.5257333333333334	0.27756135750404304
8.0	13.0	-0.6220685185185184	0.22780993304505012
8.0	14.0	-0.693070731707317	0.18690189571524204
8.0	15.0	-0.7924125	0.3072313069459914
8.0	16.0	-0.9018590909090908	0.3070280174265021
8.0	17.0	-0.965257142857143	0.29138787978142894
8.0	18.0	-1.0491636363636365	0.32602048178826826
8.0	19.0	-1.0295555555555556	0.30084468214973953
8.0	20.0	-1.274557142857143	0.26245559533721036
8.0	21.0	-1.3264	0.22810010960102584
8.0	22.0	-1.034025	0.4785793864832319
8.0	23.0	-1.63855	0.21771817792733802
8.0	24.0	-1.6773500000000001	0.38318116472499
8.0	25.0	-1.6773500000000001	0.38318116472499
8.0	26.0	NaN	NaN
8.0	27.0	NaN	NaN
8.0	28.0	NaN	NaN
8.0	29.0	NaN	NaN
8.0	30.0	NaN	NaN
8.0	31.0	NaN	NaN
8.0	32.0	NaN	NaN
8.0	33.0	NaN	NaN
8.0	34.0	NaN	NaN
8.0	35.0	NaN	NaN
9.0	1.0	0.2793512820512821	0.4309607864022499
9.0	2.0	0.326	0.5374886048511425
9.0	3.0	0.2176179487179487	0.44512243465167955
9.0	4.0	0.13999649122807015	0.4093178127640998
9.0	5.0	0.08023008849557522	0.38838229345879494
9.0	6.0	0.05500833333333333	0.39699753527448844
9.0	7.0	-0.05013861386138614	0.44206724397319846
9.0	8.0	-0.16022395833333333	0.2955384074228955
9.0	9.0	-0.17275340909090908	0.4013540489791061
9.0	10.0	-0.27756172839506177	0.3084972733136799
9.0	11.0	-0.4274833333333333	0.29120984931493676
9.0	12.0	-0.5091983606557378	0.2600285154182154
9.0	13.0	-0.57128	0.23547029691082633
9.0	14.0	-0.6205999999999999	0.23715443822026094
9.0	15.0	-0.7021774193548387	0.3093537195613649
9.0	16.0	-0.7225999999999999	0.4721318594707126
9.0	17.0	-0.9474619047619048	0.1742848572773621
9.0	18.0	-1.065	0.1174796553100353
9.0	19.0	-1.088390909090909	0.226308609887231
9.0	20.0	-1.2434625000000001	0.1814375842108953
9.0	21.0	-1.2305833333333334	0.29760784543870256
9.0	22.0	-1.5351666666666668	0.048037624143303884
9.0	23.0	-1.5621	0.1040861181906598
9.0	24.0	-1.44525	0.06116473657263637
9.0	25.0	-1.4842	0.006081118318204267
9.0	26.0	-1.60195	0.28277200179650047
9.0	27.0	-1.4061	0.005798275605729679
9.0	28.0	-1.5236	0.17196836918456843
9.0	29.0	-1.875	0.1182282538143906
9.0	30.0	-2.0308	0.10210621920333768
9.0	31.0	NaN	NaN
10.0	1.0	0.33077500000000015	0.3693021107377091
10.0	2.0	0.3262345794392524	0.40958881362387334
10.0	3.0	0.3210666666666667	0.4635109374833206
10.0	4.0	0.18858712871287128	0.33612507334721886
10.0	5.0	0.09757319587628863	0.357695732407291
10.0	6.0	0.05561052631578948	0.3714728435633474
10.0	7.0	-0.02212840909090909	0.4180748107032596
10.0	8.0	-0.08852763157894734	0.3885728721355225
10.0	9.0	-0.17840746268656715	0.3546314785090645
10.0	10.0	-0.3029426229508197	0.291168178469086
10.0	11.0	-0.3765615384615385	0.30692246076668445
10.0	12.0	-0.5245512195121953	0.28097386010263586
10.0	13.0	-0.5768125000000001	0.2743956911516299
10.0	14.0	-0.7083916666666666	0.2707007362812085
10.0	15.0	-0.7417437499999999	0.24676489747328323
10.0	16.0	-0.9399923076923076	0.2028043246643525
10.0	17.0	-0.9696199999999999	0.12978031694624062
10.0	18.0	-1.1511166666666666	0.23712090938309655
10.0	19.0	-1.19435	0.19845440282341933
10.0	20.0	-0.9422	0.13413232272647782
10.0	21.0	-1.2826000000000002	0.044212215506576974
10.0	22.0	-1.2839666666666665	0.28622484751211474
10.0	23.0	-1.3869333333333334	0.08097483148073437
10.0	24.0	-1.7019	0.12958996874758477
10.0	25.0	NaN	NaN
10.0	26.0	NaN	NaN
10.0	27.0	NaN	NaN
10.0	28.0	NaN	NaN
10.0	29.0	NaN	NaN
11.0	1.0	0.4211093750000001	0.35928848490435694
11.0	2.0	0.31901458333333327	0.3102642897100765
11.0	3.0	0.3017052631578947	0.35478316043669733
11.0	4.0	0.19437142857142864	0.2840448596361397
11.0	5.0	0.14104117647058823	0.3171499042041392
11.0	6.0	0.08029740259740258	0.3458829125639065
11.0	7.0	-0.04661449275362319	0.2781985364253813
11.0	8.0	-0.10964626865671642	0.3179184083093125
11.0	9.0	-0.1801816666666666	0.3165924308717925
11.0	10.0	-0.30007199999999995	0.20194179909173873
11.0	11.0	-0.3626951219512195	0.23885154379992973
11.0	12.0	-0.4352029411764706	0.2721148737877845
11.0	13.0	-0.5682592592592592	0.20044238047812615
11.0	14.0	-0.6681187499999999	0.18357044140692516
11.0	15.0	-0.649209090909091	0.3397791060514035
11.0	16.0	-0.7834142857142857	0.1508740471228836
11.0	17.0	-1.0051400000000001	0.15627184007363581
11.0	18.0	-1.0394666666666668	0.08821912113217484
11.0	19.0	-0.9354666666666667	0.20514283641729564
11.0	20.0	-1.0915666666666666	0.07792620440733225
11.0	21.0	-1.2482	0.0028284271247461927
11.0	22.0	-1.4041000000000001	0.10719738802788056
11.0	23.0	NaN	NaN
12.0	1.0	0.3641153846153847	0.4498667349791038
12.0	2.0	0.3244525641025642	0.4335103077683298
12.0	3.0	0.2868644736842104	0.45069180029637324
12.0	4.0	0.15688630136986298	0.3793548318142954
12.0	5.0	0.12369859154929576	0.397716079093386
12.0	6.0	-0.03346086956521739	0.3066605908901812
12.0	7.0	-0.07907460317460317	0.3332005692441087
12.0	8.0	-0.12519661016949155	0.43827872684183977
12.0	9.0	-0.2601962264150944	0.31866825405008953
12.0	10.0	-0.3294625	0.319538974539883
12.0	11.0	-0.46075	0.2570273175553466
12.0	12.0	-0.5353642857142856	0.3391536396234622
12.0	13.0	-0.5382176470588237	0.6448291539579438
12.0	14.0	-0.5962142857142858	0.37956353852842584
12.0	15.0	-0.7883545454545454	0.3500772010960907
12.0	16.0	-0.8585818181818182	0.33180467090799615
12.0	17.0	-1.0251875	0.24986688134456145
12.0	18.0	-1.0929000000000002	0.3288085157048095
12.0	19.0	-1.066375	0.23539878752165797
12.0	20.0	-1.1379333333333335	0.12201706164849792
12.0	21.0	-1.2437333333333334	0.12125602390534392
12.0	22.0	-1.38955	0.16737217510685573
12.0	23.0	-1.23065	0.3920907101679406
12.0	24.0	-1.6279	0.16970562748477142
12.0	25.0	-1.6279	0.16970562748477142
12.0	26.0	NaN	NaN
12.0	27.0	NaN	NaN
12.0	28.0	NaN	NaN
12.0	29.0	NaN	NaN
12.0	30.0	NaN	NaN
12.0	31.0	NaN	NaN
12.0	32.0	NaN	NaN
13.0	1.0	0.4179724637681159	0.60810564892954
13.0	2.0	0.2371985294117647	0.3323089092874805
13.0	3.0	0.22440149253731345	0.3327307139836081
13.0	4.0	0.1395016393442623	0.38635521328254535
13.0	5.0	0.10937321428571427	0.3555157950671219
13.0	6.0	0.025290740740740735	0.3495506723697695
13.0	7.0	-0.04381666666666667	0.38038424265042525
13.0	8.0	-0.18757272727272725	0.2671413164597174
13.0	9.0	-0.2887974358974359	0.31774596563522706
13.0	10.0	-0.3123741935483871	0.2983745386453542
13.0	11.0	-0.4895269230769231	0.24100684896109043
13.0	12.0	-0.5414062500000001	0.3305893857315043
13.0	13.0	-0.6923071428571428	0.349739468889202
13.0	14.0	-0.637225	0.3085555645723659
13.0	15.0	-0.9784428571428572	0.33084089759854285
13.0	16.0	-0.8814	0.2404635627283269
13.0	17.0	-1.0088000000000001	0.3050651733646435
13.0	18.0	-1.29705	0.1495530842209548
13.0	19.0	-1.2191	0.03931513703397195
13.0	20.0	-1.1015000000000001	0.014707821048680295
13.0	21.0	-1.21615	0.4844388557909037
13.0	22.0	-1.0647	0.4036165507012814
13.0	23.0	-1.3375	0.017819090885901074
13.0	24.0	-1.3007499999999999	0.4067985312166209
13.0	25.0	-1.65145	0.08916616510762357
13.0	26.0	-1.4581	0.4088491408820618
13.0	27.0	-1.81025	0.13541094859722386
13.0	28.0	NaN	NaN
14.0	1.0	0.39826153846153844	0.6299378591058341
14.0	2.0	0.32537115384615384	0.41307536336393913
14.0	3.0	0.3055137254901961	0.460564064607567
14.0	4.0	0.19617346938775507	0.373413034150027
14.0	5.0	0.13311333333333336	0.3288315108767019
14.0	6.0	0.014682926829268287	0.32627167966469217
14.0	7.0	-0.03537631578947369	0.25788770910025677
14.0	8.0	-0.17525882352941177	0.24161172221919508
14.0	9.0	-0.19060714285714284	0.32258660040662684
14.0	10.0	-0.29079130434782613	0.42586450674218773
14.0	11.0	-0.48058888888888895	0.2798210959731843
14.0	12.0	-0.5167583333333334	0.2031418333817458
14.0	13.0	-0.5969200000000001	0.3520199419856147
14.0	14.0	-0.5080666666666667	0.5410566629291242
14.0	15.0	-0.85565	0.12301694424520787
14.0	16.0	-0.927825	0.03939444757830728
14.0	17.0	-0.8391666666666667	0.2320410811329178
14.0	18.0	-1.0245666666666666	0.08196885587424861
14.0	19.0	-1.0248	0.1405077577929419
14.0	20.0	-1.2195	0.07240773439350251
14.0	21.0	-1.0996	0.20732370824389573
14.0	22.0	-1.3371	0.018384776310850254
14.0	23.0	-1.4929000000000001	0.20194969670687787
15.0	1.0	0.4294372093023256	0.37445278869766097
15.0	2.0	0.3870571428571428	0.33696513617363394
15.0	3.0	0.295045	0.3691827522917933
15.0	4.0	0.2357527777777778	0.2879279220183027
15.0	5.0	0.19795714285714286	0.30290891689214616
15.0	6.0	0.04952424242424241	0.23806813498227644
15.0	7.0	-0.008907142857142855	0.2819246772646794
15.0	8.0	-0.023895652173913037	0.294731757054785
15.0	9.0	0.019599999999999996	0.646779724653009
15.0	10.0	-0.3514705882352941	0.12138842492545306
15.0	11.0	-0.38023333333333337	0.12417349543963467
15.0	12.0	-0.3945888888888889	0.38023032968335274
15.0	13.0	-0.5000833333333333	0.21790922345478328
15.0	14.0	-0.5191000000000001	0.16344070790350856
15.0	15.0	-0.67608	0.13157014098951175
15.0	16.0	-0.883125	0.13963011554341231
15.0	17.0	-0.8597	0.32625906883947303
15.0	18.0	NaN	NaN
16.0	1.0	0.38903870967741944	0.4263250588282915
16.0	2.0	0.2937935483870967	0.5098922473983981
16.0	3.0	0.1824225806451613	0.4900023222459784
16.0	4.0	0.21965517241379315	0.4296701380845268
16.0	5.0	0.039128571428571415	0.4058503964992819
16.0	6.0	-0.058755555555555554	0.34662479419210324
16.0	7.0	-0.05861304347826087	0.4080663864265535
16.0	8.0	-0.31060000000000004	0.3452745783350469
16.0	9.0	-0.21797058823529417	0.5800169833340075
16.0	10.0	-0.3325714285714286	0.5727315781929093
16.0	11.0	-0.32744545454545454	0.3944293000364866
16.0	12.0	-0.61412	0.27469073842737723
16.0	13.0	-0.5760444444444445	0.2827763034233558
16.0	14.0	-0.7171625	0.3482031834493845
16.0	15.0	-0.8081428571428572	0.3505339206465039
16.0	16.0	-0.9305499999999999	0.4148803333492683
16.0	17.0	-0.88186	0.14631327007486375
16.0	18.0	-1.02335	0.3305939755450281
16.0	19.0	-1.0834	0.2337281184054099
16.0	20.0	-1.121975	0.10301887771989492
16.0	21.0	-1.357475	0.18286148446296713
16.0	22.0	NaN	NaN
16.0	23.0	NaN	NaN
16.0	24.0	NaN	NaN
16.0	25.0	NaN	NaN
16.0	26.0	NaN	NaN
16.0	27.0	NaN	NaN
16.0	28.0	NaN	NaN
16.0	29.0	NaN	NaN
17.0	1.0	0.3873538461538462	0.4160403348049506
17.0	2.0	0.25100400000000006	0.3568319813301493
17.0	3.0	0.341775	0.34802054193494913
17.0	4.0	0.12646086956521738	0.40208310848191847
17.0	5.0	0.04672727272727273	0.26373485997045665
17.0	6.0	0.07079047619047618	0.3075514459480916
17.0	7.0	0.16834444444444446	0.7434975376534425
17.0	8.0	-0.09686470588235295	0.2244771144826808
17.0	9.0	-0.1733142857142857	0.29587373309245607
17.0	10.0	-0.4178846153846154	0.21550503801595083
17.0	11.0	-0.5171	0.14830919279217544
17.0	12.0	-0.45766	0.14355782110355397
17.0	13.0	-0.52116	0.2731422395016926
17.0	14.0	-0.629	0.1363231088260534
17.0	15.0	-0.4186	0.2756623478097798
17.0	16.0	-0.6804333333333332	0.15709698702818375
17.0	17.0	-0.6823999999999999	0.18631781986702184
17.0	18.0	-1.127	0.046629497102156255
18.0	1.0	0.307195	0.39040466519403066
18.0	2.0	0.3311368421052632	0.38663571314399114
18.0	3.0	0.2266882352941176	0.27270692575169625
18.0	4.0	0.14531764705882355	0.4397462439226942
18.0	5.0	0.3249058823529412	0.5787449637692196
18.0	6.0	0.2608875	0.41046248529352025
18.0	7.0	-0.020799999999999996	0.25493887502693663
18.0	8.0	-0.10895384615384617	0.21572055077261654
18.0	9.0	-0.35553076923076926	0.21977832917364482
18.0	10.0	-0.40852999999999995	0.13607816422107472
18.0	11.0	-0.4485571428571428	0.22404727817392212
18.0	12.0	-0.5495599999999999	0.16491633636483682
18.0	13.0	-0.568225	0.13490950979576394
18.0	14.0	-0.6665	0.139763824599453
18.0	15.0	-0.9096000000000001	0.08912423912718691
18.0	16.0	-0.93615	0.0020506096654409976
18.0	17.0	NaN	NaN
18.0	18.0	NaN	NaN
18.0	19.0	NaN	NaN
18.0	20.0	NaN	NaN
19.0	1.0	0.43096249999999997	0.3116526183108366
19.0	2.0	0.28493749999999995	0.2156793171199625
19.0	3.0	0.28326	0.19802982026524618
19.0	4.0	0.49465714285714285	0.49405997722837364
19.0	5.0	0.10282307692307692	0.20120803974098614
19.0	6.0	0.09178461538461538	0.32639457421489576
19.0	7.0	-0.10265384615384615	0.16774269291280924
19.0	8.0	-0.2296	0.17814839881402245
19.0	9.0	-0.3154444444444444	0.1375276800421565
19.0	10.0	-0.4375	0.1478402628965917
19.0	11.0	-0.5768666666666667	0.17563389953726663
19.0	12.0	-0.5557000000000001	0.2242942709923729
19.0	13.0	NaN	NaN
19.0	14.0	NaN	NaN
20.0	1.0	0.6679538461538461	0.6250162472760002
20.0	2.0	0.3266923076923077	0.3762731332014429
20.0	3.0	0.2968692307692308	0.32305882174565725
20.0	4.0	0.29441818181818186	0.36296446332439164
20.0	5.0	0.02219090909090909	0.19257882258724843
20.0	6.0	0.21860000000000002	0.5875869151514037
20.0	7.0	-0.02244285714285715	0.27834494101829155
20.0	8.0	-0.12200000000000001	0.42255826028292637
20.0	9.0	-0.2892	0.13690931305064677
20.0	10.0	-0.4203166666666666	0.20116513034486533
20.0	11.0	-0.53506	0.25289221617123764
20.0	12.0	-0.5238333333333333	0.3254462372394761
20.0	13.0	-0.7080666666666667	0.08282640480748477
20.0	14.0	NaN	NaN
20.0	15.0	NaN	NaN
20.0	16.0	NaN	NaN
20.0	17.0	NaN	NaN
20.0	18.0	NaN	NaN
20.0	19.0	NaN	NaN
20.0	20.0	NaN	NaN
21.0	1.0	0.5238166666666666	0.3379506952563383
21.0	2.0	0.203275	0.25762426172096586
21.0	3.0	0.1496090909090909	0.2769088422370996
21.0	4.0	0.29247	0.4554705187434687
21.0	5.0	0.16560000000000002	0.28504978512533563
21.0	6.0	8.888888888888526e-5	0.25979133186292247
21.0	7.0	-0.048850000000000005	0.1739113403022192
21.0	8.0	-0.1386375	0.20561171407360457
21.0	9.0	-0.21014999999999998	0.2521969131452643
21.0	10.0	0.07637500000000001	0.49844897682711725
21.0	11.0	-0.47436666666666666	0.16185778737315462
21.0	12.0	-0.3705	0.3305766023178289
21.0	13.0	-0.6051000000000001	0.24353892912633082
21.0	14.0	-0.5918	0.28623682502431447
21.0	15.0	-0.8652	0.011879393923934025
21.0	16.0	NaN	NaN
22.0	1.0	0.4132125	0.4731523567293852
22.0	2.0	0.0980875	0.324104958473552
22.0	3.0	0.2693142857142857	0.6171179315402944
22.0	4.0	0.533	0.9058036321410949
22.0	5.0	0.3572166666666667	0.7730248312096233
22.0	6.0	-0.01363333333333335	0.4123053997544377
22.0	7.0	-0.03825	0.20959619987013126
22.0	8.0	-0.14583333333333334	0.3875431313630351
22.0	9.0	-0.30188333333333334	0.17579162001263504
22.0	10.0	-0.34159999999999996	0.19136880623549912
22.0	11.0	-0.41325	0.09520873559360682
22.0	12.0	-0.572125	0.21081399977231116
22.0	13.0	-0.6514500000000001	0.17897132917500125
22.0	14.0	-0.6683	0.04624478348960014
22.0	15.0	NaN	NaN
22.0	16.0	NaN	NaN
22.0	17.0	NaN	NaN
23.0	1.0	0.2754166666666667	0.09614962125077074
23.0	2.0	0.25053333333333333	0.23203751995456826
23.0	3.0	0.30336666666666673	0.446247920630076
23.0	4.0	0.6146999999999999	0.5566177251938713
23.0	5.0	0.38135	0.43889723056770363
23.0	6.0	0.012716666666666663	0.13633243805737014
23.0	7.0	-0.03948333333333332	0.1478815798761518
23.0	8.0	-0.17229999999999998	0.19609600964833526
23.0	9.0	-0.2172	0.12015925543488803
23.0	10.0	-0.35425	0.10339376190080328
23.0	11.0	-0.46730000000000005	0.1101672365088641
23.0	12.0	NaN	NaN
23.0	13.0	NaN	NaN
24.0	1.0	0.48596666666666666	0.2790576475688611
24.0	2.0	0.40391666666666665	0.4926809004484207
24.0	3.0	0.3015166666666667	0.24029574625171096
24.0	4.0	0.4192	0.3707763800459787
24.0	5.0	0.1838	0.14624063730714523
24.0	6.0	0.19765	0.37365864502243223
24.0	7.0	-0.18378333333333333	0.06445694428583057
24.0	8.0	-0.23740000000000003	0.0792606459726389
24.0	9.0	-0.3433	0.12216263749608552
24.0	10.0	-0.5275	0.1992394790195959
24.0	11.0	NaN	NaN
25.0	1.0	0.34179999999999994	0.2466455026956705
25.0	2.0	0.39588333333333336	0.36150210188416143
25.0	3.0	0.35345	0.28811741877227764
25.0	4.0	0.15756666666666666	0.15609035417560777
25.0	5.0	0.18365	0.13658227923123847
25.0	6.0	0.15619999999999998	0.33113389285906686
25.0	7.0	-0.11177999999999999	0.26541455687282867
25.0	8.0	NaN	NaN
25.0	9.0	NaN	NaN
25.0	10.0	NaN	NaN
25.0	11.0	NaN	NaN
26.0	1.0	0.41933333333333334	0.2191643462488063
26.0	2.0	0.47464000000000006	0.48016938990318825
26.0	3.0	0.177525	0.040533967237367734
26.0	4.0	0.15805000000000002	0.06548554547888158
26.0	5.0	-0.0794	0.11228855685242375
26.0	6.0	NaN	NaN
27.0	1.0	NaN	NaN
27.0	2.0	NaN	NaN
