# GENERATION TIME IN LINEAGE
# original file "wt_decCap_noRe_3gen.txt" 
# mother	daughter	genTMean	genTStd
0.0	0.0	1.5149199999999998	0.03126943129213152
0.0	1.0	1.4502000000000002	0.02709690429222905
0.0	2.0	1.4632	0.0346700318879448
0.0	3.0	1.45743	0.02025751163834733
0.0	4.0	1.4638300000000002	0.025140054362179334
0.0	5.0	1.48992	0.04315843679591123
0.0	6.0	1.51454	0.037058098530100905
0.0	7.0	1.52556	0.03013636415436412
0.0	8.0	1.5493900000000003	0.053049964917780836
0.0	9.0	1.58206	0.08975615361138815
0.0	10.0	1.6129777777777778	0.13743423679871197
0.0	11.0	1.6148375000000001	0.11823063341863403
0.0	12.0	1.6152166666666667	0.13836076635617
0.0	13.0	1.5566600000000002	0.049189765195617643
0.0	14.0	1.6382199999999998	0.08370476091597184
0.0	15.0	1.7110500000000002	0.1867545537151191
0.0	16.0	1.716	0.08913119543683899
0.0	17.0	NaN	NaN
0.0	18.0	NaN	NaN
1.0	1.0	1.4320042253521126	0.028538203517985552
1.0	2.0	1.4402978873239434	0.03268182844331941
1.0	3.0	1.4471056338028174	0.03453458082849278
1.0	4.0	1.4582957746478875	0.03533507263196587
1.0	5.0	1.4641232394366197	0.037799738573700954
1.0	6.0	1.47317304964539	0.03928656600532013
1.0	7.0	1.4793702127659578	0.04313883524601678
1.0	8.0	1.4956550000000002	0.07043400842750232
1.0	9.0	1.5079260869565219	0.05411264987548778
1.0	10.0	1.5289861313868611	0.09113719230343448
1.0	11.0	1.5445270676691731	0.08100405912745468
1.0	12.0	1.559183870967742	0.10172379739889534
1.0	13.0	1.5702921739130433	0.0932535189570036
1.0	14.0	1.5941537037037041	0.20084110817713072
1.0	15.0	1.6331395604395602	0.13783787649031815
1.0	16.0	1.6153514285714285	0.10817764207222498
1.0	17.0	1.6280967741935484	0.2584031746034891
1.0	18.0	1.607034042553192	0.27007072767396684
1.0	19.0	1.635638709677419	0.1309465887997071
1.0	20.0	1.6393583333333333	0.11672288221203268
1.0	21.0	1.5687888888888888	0.4108271153329713
1.0	22.0	1.6820166666666667	0.12367821762602954
1.0	23.0	1.6503625	0.11098091132519783
1.0	24.0	1.69588	0.23082653010431875
1.0	25.0	1.6100333333333332	0.10273078084650836
1.0	26.0	1.6544666666666668	0.29916888764263794
1.0	27.0	1.51565	0.005161879502661857
1.0	28.0	1.50805	0.019586857838867405
1.0	29.0	1.5467	0.051194530957906055
1.0	30.0	1.50495	0.03839589821842954
1.0	31.0	1.56075	0.074741186771418
1.0	32.0	1.5347	0.05260874452027915
1.0	33.0	1.5592000000000001	0.1277034846822904
1.0	34.0	1.5502500000000001	0.15337146083936223
1.0	35.0	1.6846999999999999	0.20972787129992998
1.0	36.0	NaN	NaN
1.0	37.0	NaN	NaN
1.0	38.0	NaN	NaN
1.0	39.0	NaN	NaN
1.0	40.0	NaN	NaN
1.0	41.0	NaN	NaN
1.0	42.0	NaN	NaN
1.0	43.0	NaN	NaN
1.0	44.0	NaN	NaN
1.0	45.0	NaN	NaN
1.0	46.0	NaN	NaN
1.0	47.0	NaN	NaN
1.0	48.0	NaN	NaN
1.0	49.0	NaN	NaN
1.0	50.0	NaN	NaN
1.0	51.0	NaN	NaN
1.0	52.0	NaN	NaN
1.0	53.0	NaN	NaN
1.0	54.0	NaN	NaN
1.0	55.0	NaN	NaN
1.0	56.0	NaN	NaN
1.0	57.0	NaN	NaN
1.0	58.0	NaN	NaN
2.0	1.0	1.4376549295774652	0.03553863461073041
2.0	2.0	1.442333802816901	0.03715394634084557
2.0	3.0	1.4519304964539008	0.03378588027831071
2.0	4.0	1.4593744680851062	0.04326312749452936
2.0	5.0	1.4750836879432623	0.08633044209325128
2.0	6.0	1.4800323741007193	0.04961084239814152
2.0	7.0	1.48975401459854	0.043612503291181486
2.0	8.0	1.4971536764705882	0.055473549129743886
2.0	9.0	1.5137281481481484	0.07059997743419774
2.0	10.0	1.5358111940298507	0.09203055937412284
2.0	11.0	1.5455883720930235	0.09071577318394232
2.0	12.0	1.5478308333333337	0.16710855969096494
2.0	13.0	1.583122123893805	0.2060140159649829
2.0	14.0	1.5851072164948454	0.20413854325730124
2.0	15.0	1.6167817073170732	0.14252240034295738
2.0	16.0	1.5945403225806458	0.09992206710720211
2.0	17.0	1.597588679245283	0.26380308482215215
2.0	18.0	1.6478697674418605	0.13613888135507538
2.0	19.0	1.5846677419354838	0.32556998570414597
2.0	20.0	1.5803260869565219	0.10273798190008006
2.0	21.0	1.6208449999999999	0.13012515625148613
2.0	22.0	1.6135882352941178	0.11897868970089212
2.0	23.0	1.5811999999999997	0.06995835024663437
2.0	24.0	1.630223076923077	0.12734364369588136
2.0	25.0	1.5978400000000001	0.10386104178179614
2.0	26.0	1.6560222222222223	0.13565290982667655
2.0	27.0	1.57496	0.11529342132142666
2.0	28.0	1.5725000000000002	0.06915001807664259
2.0	29.0	1.58552	0.12524251275026382
2.0	30.0	1.547525	0.01970979029146013
2.0	31.0	1.568925	0.05908645501861379
2.0	32.0	1.674675	0.16348217792774838
2.0	33.0	1.6570666666666665	0.10313691547323554
2.0	34.0	1.9257	0.42519467306164593
2.0	35.0	NaN	NaN
2.0	36.0	NaN	NaN
2.0	37.0	NaN	NaN
2.0	38.0	NaN	NaN
2.0	39.0	NaN	NaN
2.0	40.0	NaN	NaN
2.0	41.0	NaN	NaN
2.0	42.0	NaN	NaN
2.0	43.0	NaN	NaN
2.0	44.0	NaN	NaN
2.0	45.0	NaN	NaN
3.0	1.0	1.4387635714285714	0.03293598371271697
3.0	2.0	1.449752142857143	0.03856660214655323
3.0	3.0	1.4588237410071943	0.03918416676457323
3.0	4.0	1.463168345323741	0.03748895303174149
3.0	5.0	1.4739489208633092	0.050017578601096645
3.0	6.0	1.4783109489051096	0.04305982274838541
3.0	7.0	1.4946160583941603	0.055920152151996576
3.0	8.0	1.5099281481481481	0.0676059993052942
3.0	9.0	1.5283371212121215	0.09955697007686584
3.0	10.0	1.5364054687499993	0.07653446787563688
3.0	11.0	1.5698266129032257	0.1149586522407934
3.0	12.0	1.5741009009009008	0.09975172132986933
3.0	13.0	1.584901960784314	0.19778295834064838
3.0	14.0	1.6162966292134835	0.24148325767743958
3.0	15.0	1.5696661764705881	0.3034099195587629
3.0	16.0	1.6139290909090913	0.11885182912431462
3.0	17.0	1.6165162790697671	0.14284553750756454
3.0	18.0	1.6192666666666662	0.12476822679138576
3.0	19.0	1.5797083333333333	0.12357205578533721
3.0	20.0	1.565795	0.0724530445039733
3.0	21.0	1.593988888888889	0.11875455601855198
3.0	22.0	1.5834199999999998	0.08311053912883562
3.0	23.0	1.5815428571428571	0.06400997175063025
3.0	24.0	1.6628714285714283	0.11307079762133669
3.0	25.0	1.64284	0.11157435189146296
3.0	26.0	1.720175	0.16573165703285886
3.0	27.0	1.6801750000000002	0.032126974647482744
3.0	28.0	1.7834750000000001	0.2797684801760199
3.0	29.0	1.6891666666666667	0.08407688941280671
3.0	30.0	1.72525	0.04292138161802342
3.0	31.0	0.9373	1.325542372012302
4.0	1.0	1.4431547445255477	0.03253276170173086
4.0	2.0	1.4541474452554746	0.043659898952168055
4.0	3.0	1.4624176470588235	0.03856597979289029
4.0	4.0	1.4664963235294117	0.035520918006339205
4.0	5.0	1.4765544117647058	0.05124774953345766
4.0	6.0	1.4882918518518515	0.04274334032416559
4.0	7.0	1.5021681481481481	0.06052443770889481
4.0	8.0	1.5058880597014925	0.053791143085106706
4.0	9.0	1.5313278195488722	0.06768954459502843
4.0	10.0	1.5623023076923075	0.08947599085994916
4.0	11.0	1.5851130081300813	0.1286016412200231
4.0	12.0	1.5769223300970874	0.19386157479694813
4.0	13.0	1.5838921348314612	0.20755086847714702
4.0	14.0	1.615258108108108	0.12998844627979336
4.0	15.0	1.594420689655172	0.10382886350992024
4.0	16.0	1.6209291666666665	0.1571132522253381
4.0	17.0	1.6157380952380953	0.11463035385774437
4.0	18.0	1.6625135135135134	0.1527903668468703
4.0	19.0	1.5963851851851851	0.334219759236924
4.0	20.0	1.5986894736842105	0.41907946063662604
4.0	21.0	1.5113454545454545	0.5431100245137008
4.0	22.0	1.652775	0.19778093761966617
4.0	23.0	1.5677	0.0667267862256231
4.0	24.0	1.6165666666666665	0.04975510694056109
4.0	25.0	1.6580666666666666	0.10806889777668072
4.0	26.0	1.36474	0.7669290892905288
4.0	27.0	1.6228	0.1391586145375126
4.0	28.0	1.724	0.18780756108314706
4.0	29.0	NaN	NaN
4.0	30.0	NaN	NaN
5.0	1.0	1.4474125925925927	0.03043738968751257
5.0	2.0	1.4614814814814816	0.0387425586214321
5.0	3.0	1.4678874074074075	0.04396843581145359
5.0	4.0	1.4701171641791044	0.035814659757587956
5.0	5.0	1.4815097014925376	0.058166534146767465
5.0	6.0	1.4969894736842106	0.07715760657248008
5.0	7.0	1.5168480916030533	0.0697118810656736
5.0	8.0	1.512518604651163	0.06879148494663269
5.0	9.0	1.5415325396825392	0.09218013393729914
5.0	10.0	1.5547549999999999	0.0803670914401823
5.0	11.0	1.5864423423423426	0.14424641073180647
5.0	12.0	1.5801822916666666	0.1137284901534691
5.0	13.0	1.6064975903614458	0.1504043825385609
5.0	14.0	1.6063563380281691	0.13840605553679916
5.0	15.0	1.5923180327868856	0.2511044626632488
5.0	16.0	1.5856851063829787	0.2868487883573045
5.0	17.0	1.6211789473684208	0.13829884828406871
5.0	18.0	1.638661290322581	0.13855655566691738
5.0	19.0	1.64855	0.17238818811043868
5.0	20.0	1.6219368421052631	0.1443849069156096
5.0	21.0	1.6458411764705883	0.10537843742212828
5.0	22.0	1.5790999999999997	0.07364881039587319
5.0	23.0	1.4724500000000003	0.46975600146149377
5.0	24.0	1.612977777777778	0.10050647712682226
5.0	25.0	1.6522857142857141	0.173745018428073
5.0	26.0	1.6645800000000002	0.14124350250542497
5.0	27.0	1.636675	0.0534719474740416
5.0	28.0	1.175575	0.7843578153496018
5.0	29.0	1.5496	0.008416056083463396
5.0	30.0	1.6210333333333333	0.1010827548760585
5.0	31.0	1.7252333333333336	0.2373662641011425
5.0	32.0	1.64945	0.004313351365237936
5.0	33.0	1.8227	0.08145870119269041
5.0	34.0	NaN	NaN
6.0	1.0	1.4537230769230767	0.03790732178250951
6.0	2.0	1.4596930769230771	0.040237019069973956
6.0	3.0	1.4700661538461541	0.050085487467527647
6.0	4.0	1.487401550387597	0.0557122728070532
6.0	5.0	1.4949828125000004	0.06176456072948548
6.0	6.0	1.4940251968503941	0.15026113141477487
6.0	7.0	1.5187129032258062	0.061443999181410656
6.0	8.0	1.5517926829268294	0.10022390357425187
6.0	9.0	1.557322608695652	0.10506690104352272
6.0	10.0	1.594385714285714	0.1294446781362687
6.0	11.0	1.5716682352941178	0.10316784199472594
6.0	12.0	1.5852551282051282	0.10235639119036885
6.0	13.0	1.607672857142857	0.11783142210461812
6.0	14.0	1.599538596491228	0.24763716960388554
6.0	15.0	1.634295454545455	0.1348439683219529
6.0	16.0	1.613775	0.1284778981871226
6.0	17.0	1.6213076923076923	0.0853491179711984
6.0	18.0	1.5968666666666667	0.40261968572504414
6.0	19.0	1.6141615384615382	0.1454682183987367
6.0	20.0	1.5700636363636364	0.06911289709927187
6.0	21.0	1.5927363636363636	0.09435552207186684
6.0	22.0	1.6144444444444443	0.10937775266377427
6.0	23.0	1.636766666666667	0.13040761097420656
6.0	24.0	1.7316375	0.23867744484674583
6.0	25.0	1.7585833333333334	0.21459011549152646
6.0	26.0	1.8188000000000002	0.29571055104611993
6.0	27.0	1.815	0.4087077195258245
6.0	28.0	NaN	NaN
6.0	29.0	NaN	NaN
6.0	30.0	NaN	NaN
6.0	31.0	NaN	NaN
6.0	32.0	NaN	NaN
6.0	33.0	NaN	NaN
6.0	34.0	NaN	NaN
7.0	1.0	1.4545682539682538	0.03811783131458274
7.0	2.0	1.4665571428571424	0.043268864424334356
7.0	3.0	1.4798531746031744	0.06115069737820878
7.0	4.0	1.4841556451612898	0.0640774382911362
7.0	5.0	1.502240650406504	0.06903367298739711
7.0	6.0	1.5094520661157023	0.05708647548408986
7.0	7.0	1.5265525	0.08587901394237292
7.0	8.0	1.5350271186440676	0.16663046871580042
7.0	9.0	1.5241822429906537	0.22794797106336054
7.0	10.0	1.572416	0.10298032245104502
7.0	11.0	1.6077890109890116	0.1218163740595286
7.0	12.0	1.602952	0.24702933536268465
7.0	13.0	1.6208524590163937	0.13485788026234308
7.0	14.0	1.583029166666667	0.2657828724756703
7.0	15.0	1.6428918918918918	0.1641320866767887
7.0	16.0	1.6212037037037035	0.11304654412940333
7.0	17.0	1.6316625000000002	0.1607654511135372
7.0	18.0	1.5320684210526316	0.3899597358882518
7.0	19.0	1.6190866666666666	0.14700461541183305
7.0	20.0	1.6693214285714286	0.23241680456446354
7.0	21.0	1.6261083333333335	0.11703414776219905
7.0	22.0	1.5974222222222223	0.0836622641603994
7.0	23.0	1.6150375	0.1305942783421781
7.0	24.0	1.6393	0.13519803992662022
7.0	25.0	1.6666166666666664	0.15139923931997365
7.0	26.0	1.683425	0.17604689479416177
7.0	27.0	1.48925	0.016617009357883763
7.0	28.0	1.5049000000000001	0.0022627416997968598
7.0	29.0	1.56325	0.03500178566873417
7.0	30.0	1.4926	0.00975807358037438
7.0	31.0	1.4821499999999999	0.020718228688765758
7.0	32.0	1.5301	0.03535533905932725
7.0	33.0	1.5248499999999998	0.03132483040656406
7.0	34.0	1.5682	0.012586500705120572
7.0	35.0	1.5343499999999999	0.040375797205751816
7.0	36.0	1.54455	0.023688077169749244
7.0	37.0	1.5632000000000001	0.02446589462905452
7.0	38.0	1.5440999999999998	0.07014499269370549
7.0	39.0	1.64155	0.03981011178080264
7.0	40.0	1.6785999999999999	0.1773423807215862
7.0	41.0	NaN	NaN
7.0	42.0	NaN	NaN
7.0	43.0	NaN	NaN
7.0	44.0	NaN	NaN
8.0	1.0	1.4648041666666665	0.03975002858375028
8.0	2.0	1.4713725	0.04881287707651943
8.0	3.0	1.4771126050420165	0.0452700869445797
8.0	4.0	1.4944613445378152	0.056979864283535436
8.0	5.0	1.4999596638655461	0.1586676396894837
8.0	6.0	1.5209247787610616	0.08594908431633629
8.0	7.0	1.5310881818181816	0.0842782958029698
8.0	8.0	1.556508653846154	0.09204024669546745
8.0	9.0	1.5653226804123708	0.0812283682808776
8.0	10.0	1.5693215909090912	0.1990895261271468
8.0	11.0	1.6231282051282052	0.1282683174913481
8.0	12.0	1.601757575757576	0.23319250816611126
8.0	13.0	1.6586222222222222	0.14520382248030897
8.0	14.0	1.672643902439024	0.14884643604866812
8.0	15.0	1.505515625	0.5090617055628566
8.0	16.0	1.67885	0.15424315914444034
8.0	17.0	1.68115	0.22252750823904205
8.0	18.0	1.6699090909090908	0.1818696096358348
8.0	19.0	1.6303333333333334	0.11492876054321652
8.0	20.0	1.6581000000000004	0.11710868171631567
8.0	21.0	1.603925	0.11992115117859739
8.0	22.0	1.642825	0.19569964018021768
8.0	23.0	1.59355	0.07276128778409573
8.0	24.0	1.56995	0.0801151983084358
8.0	25.0	1.6083500000000002	0.10585388514362612
8.0	26.0	NaN	NaN
8.0	27.0	NaN	NaN
8.0	28.0	NaN	NaN
8.0	29.0	NaN	NaN
8.0	30.0	NaN	NaN
8.0	31.0	NaN	NaN
8.0	32.0	NaN	NaN
8.0	33.0	NaN	NaN
8.0	34.0	NaN	NaN
8.0	35.0	NaN	NaN
9.0	1.0	1.4709000000000003	0.04525632552472638
9.0	2.0	1.4765811965811968	0.060268559784981184
9.0	3.0	1.4979358974358974	0.08120069587515909
9.0	4.0	1.5079719298245613	0.07681007321103982
9.0	5.0	1.5293999999999999	0.10831942099312437
9.0	6.0	1.5293398148148147	0.081005339549189
9.0	7.0	1.5435178217821781	0.09565716114963857
9.0	8.0	1.5575322916666672	0.09415072294190023
9.0	9.0	1.5603193181818182	0.09304244965933688
9.0	10.0	1.5837283950617282	0.11186907552421259
9.0	11.0	1.5917166666666664	0.22634990114086392
9.0	12.0	1.5755737704918034	0.3242937531013301
9.0	13.0	1.612122222222222	0.1265797895847245
9.0	14.0	1.5751578947368419	0.295056085947922
9.0	15.0	1.6364193548387098	0.14439836891819988
9.0	16.0	1.6043434782608696	0.10286480459183024
9.0	17.0	1.6596380952380951	0.13691106045966658
9.0	18.0	1.7076055555555556	0.14036718014350047
9.0	19.0	1.6484363636363637	0.11472735744125963
9.0	20.0	1.423525	0.5834407835051839
9.0	21.0	1.6972333333333331	0.17978420026984204
9.0	22.0	1.6507333333333332	0.24069171845606424
9.0	23.0	1.5305	0.01371787155501908
9.0	24.0	1.5518	0.004666904755831171
9.0	25.0	1.57395	0.014071424945612317
9.0	26.0	1.5537	0.0026870057685088986
9.0	27.0	1.5735999999999999	0.021637467504308328
9.0	28.0	1.5538500000000002	0.016617009357883922
9.0	29.0	1.65	0.042426406871192736
9.0	30.0	1.7308	0.1026719046282867
9.0	31.0	NaN	NaN
10.0	1.0	1.4876925925925928	0.059165643768672366
10.0	2.0	1.4944682242990657	0.06745063827289491
10.0	3.0	1.504346666666667	0.08762844535821365
10.0	4.0	1.5184475247524754	0.07870594843346901
10.0	5.0	1.5270061855670105	0.0700161154283322
10.0	6.0	1.550603157894737	0.09925059778225206
10.0	7.0	1.5708272727272727	0.12109753428896598
10.0	8.0	1.546611842105263	0.21106452976414916
10.0	9.0	1.5806328358208954	0.12493544683223255
10.0	10.0	1.6114081967213116	0.12655048965410598
10.0	11.0	1.627057692307692	0.12071562653065171
10.0	12.0	1.5660756097560973	0.4004413732249003
10.0	13.0	1.656521875	0.1345498006720452
10.0	14.0	1.682075	0.19410259557433962
10.0	15.0	1.6255187500000001	0.10783044232343046
10.0	16.0	1.6497538461538461	0.11123820997739203
10.0	17.0	1.6559099999999998	0.10508107399104327
10.0	18.0	1.6882833333333334	0.16418848213765383
10.0	19.0	1.654875	0.14000838962957424
10.0	20.0	1.5466666666666666	0.06166736035645867
10.0	21.0	1.5728	0.07777814603087418
10.0	22.0	1.6234	0.08289149534180207
10.0	23.0	1.6715	0.08054433561709977
10.0	24.0	1.1485666666666667	0.9998379185314654
10.0	25.0	NaN	NaN
10.0	26.0	NaN	NaN
10.0	27.0	NaN	NaN
10.0	28.0	NaN	NaN
10.0	29.0	NaN	NaN
11.0	1.0	1.4830572916666667	0.058855297565598035
11.0	2.0	1.512903125	0.07367862284147139
11.0	3.0	1.5154515789473684	0.08385143633319574
11.0	4.0	1.5316626373626374	0.08860676503938517
11.0	5.0	1.5505188235294116	0.12077665090306713
11.0	6.0	1.5477038961038962	0.10341679142082556
11.0	7.0	1.5575	0.07977000210163039
11.0	8.0	1.5880328358208955	0.114544526724075
11.0	9.0	1.6123383333333339	0.15586810492454306
11.0	10.0	1.625634	0.13397101515641663
11.0	11.0	1.613685365853659	0.10384165243527188
11.0	12.0	1.6334323529411763	0.11573586364515469
11.0	13.0	1.591748148148148	0.33320584925419294
11.0	14.0	1.65163125	0.10100032817603448
11.0	15.0	1.4946363636363635	0.5120219570931062
11.0	16.0	1.6389999999999998	0.13541701025597436
11.0	17.0	1.71902	0.25006942436051627
11.0	18.0	1.6024333333333332	0.028719563599284247
11.0	19.0	1.5970666666666666	0.046565473618694515
11.0	20.0	1.6318333333333335	0.07540771401742222
11.0	21.0	1.6743999999999999	0.09178246019801396
11.0	22.0	1.7922	0.13039049045079945
11.0	23.0	NaN	NaN
12.0	1.0	1.482528205128205	0.05272905233714105
12.0	2.0	1.5012641025641027	0.0777468719450249
12.0	3.0	1.5095473684210525	0.07946838612292598
12.0	4.0	1.5240835616438355	0.08818327665483379
12.0	5.0	1.533818309859155	0.10261027699833015
12.0	6.0	1.5315550724637679	0.21530169225328216
12.0	7.0	1.5750365079365083	0.12874820424878256
12.0	8.0	1.6002016949152542	0.11547980043030277
12.0	9.0	1.6381339622641506	0.1591196912141155
12.0	10.0	1.6105250000000002	0.11636064571750568
12.0	11.0	1.6381	0.14367470201813537
12.0	12.0	1.6707535714285713	0.18825768290287037
12.0	13.0	1.6092235294117643	0.1528752822131973
12.0	14.0	1.5957785714285713	0.09065291525348781
12.0	15.0	1.6027545454545455	0.08717111177031484
12.0	16.0	1.6607090909090907	0.13380314984741917
12.0	17.0	1.6677499999999998	0.15817321427563424
12.0	18.0	1.60124	0.10431477843527251
12.0	19.0	1.628975	0.17514436664268332
12.0	20.0	1.5716999999999999	0.12311019454131328
12.0	21.0	1.6203666666666667	0.17792417860800513
12.0	22.0	1.5401500000000001	0.06781154031578997
12.0	23.0	1.5703	0.11412703448350876
12.0	24.0	1.5752	0.09390378054157353
12.0	25.0	1.6657000000000002	0.14071424945612301
12.0	26.0	NaN	NaN
12.0	27.0	NaN	NaN
12.0	28.0	NaN	NaN
12.0	29.0	NaN	NaN
12.0	30.0	NaN	NaN
12.0	31.0	NaN	NaN
12.0	32.0	NaN	NaN
13.0	1.0	1.5008420289855071	0.06985124615882184
13.0	2.0	1.5204882352941176	0.0972809971003553
13.0	3.0	1.5357776119402984	0.09709996851245555
13.0	4.0	1.5454245901639345	0.10356316052814939
13.0	5.0	1.5450714285714289	0.09173109458785346
13.0	6.0	1.5628629629629631	0.08874825174211387
13.0	7.0	1.5757104166666667	0.09954911807977504
13.0	8.0	1.5965340909090906	0.08650063299454323
13.0	9.0	1.6222410256410256	0.11636659567244399
13.0	10.0	1.619067741935484	0.10548251478198263
13.0	11.0	1.5340307692307695	0.47211874418983263
13.0	12.0	1.6285562500000001	0.11275791158495267
13.0	13.0	1.6960071428571428	0.16704800076756254
13.0	14.0	1.6233625	0.12129568285215854
13.0	15.0	1.6394857142857144	0.10906037209685639
13.0	16.0	1.629	0.14144088871327132
13.0	17.0	1.6449500000000001	0.15657323100283352
13.0	18.0	1.5382	0.031536962440920004
13.0	19.0	1.51765	0.00954594154601844
13.0	20.0	1.51765	0.026516504294495594
13.0	21.0	1.5532	0.057841334701059656
13.0	22.0	1.52175	0.06569021997223025
13.0	23.0	1.5614	0.020930360723121856
13.0	24.0	1.55015	0.07629682169002855
13.0	25.0	1.625	0.015132085117392021
13.0	26.0	1.6444	0.10748023074035516
13.0	27.0	1.78295	0.1317339933350539
13.0	28.0	NaN	NaN
14.0	1.0	1.4939519230769231	0.04654985305840043
14.0	2.0	1.5057346153846152	0.05345748497497025
14.0	3.0	1.527327450980392	0.08625160886251658
14.0	4.0	1.5443469387755104	0.0901360386259773
14.0	5.0	1.5622199999999995	0.1304976133533065
14.0	6.0	1.5785731707317074	0.14156408093932274
14.0	7.0	1.5866999999999998	0.09794284599234945
14.0	8.0	1.6125205882352942	0.15284936093761542
14.0	9.0	1.6142642857142857	0.1288610886137866
14.0	10.0	1.621404347826087	0.1244271180551486
14.0	11.0	1.5613722222222224	0.41975545094110595
14.0	12.0	1.6181583333333334	0.1379414925930116
14.0	13.0	1.58717	0.10429480705086795
14.0	14.0	1.6336111111111107	0.1664678530861472
14.0	15.0	1.7080875	0.12369267719981301
14.0	16.0	1.6333749999999998	0.10575444435105318
14.0	17.0	1.5587	0.012401209618420278
14.0	18.0	1.6209666666666667	0.06215097210288289
14.0	19.0	1.6238000000000001	0.075258952955778
14.0	20.0	1.6305	0.07481189744953681
14.0	21.0	1.5743	0.039880822458921286
14.0	22.0	1.70005	0.06696301217836606
14.0	23.0	1.85595	0.18731258633631637
15.0	1.0	1.512013953488372	0.08008507256838504
15.0	2.0	1.5269071428571432	0.1027067038751898
15.0	3.0	1.5501325000000004	0.13075553895705036
15.0	4.0	1.529288888888889	0.07715849653344466
15.0	5.0	1.5464942857142856	0.08293562685408891
15.0	6.0	1.5755393939393938	0.10382767555965612
15.0	7.0	1.5827607142857143	0.0962831293221377
15.0	8.0	1.5953565217391303	0.11908042288564695
15.0	9.0	1.5597	0.06689084807023724
15.0	10.0	1.6405823529411763	0.09748596203617034
15.0	11.0	1.6091499999999999	0.08741904826752578
15.0	12.0	1.6378555555555556	0.16313799458672337
15.0	13.0	1.6023833333333333	0.07040469918028675
15.0	14.0	1.59164	0.07820513410256391
15.0	15.0	1.67854	0.0745756528633843
15.0	16.0	1.7031	0.14496673181572844
15.0	17.0	1.7426	0.1435426765808692
15.0	18.0	NaN	NaN
16.0	1.0	1.4830677419354839	0.04906299615186428
16.0	2.0	1.5032903225806453	0.062023325476999444
16.0	3.0	1.5219870967741935	0.07861566740345291
16.0	4.0	1.5228862068965519	0.08371938555222068
16.0	5.0	1.5531214285714285	0.09561625600648883
16.0	6.0	1.5961259259259262	0.17495842493529842
16.0	7.0	1.5721652173913043	0.11471142294191841
16.0	8.0	1.5885578947368422	0.10449897030747068
16.0	9.0	1.5805411764705886	0.11483214412144978
16.0	10.0	1.6199571428571429	0.18677263724105314
16.0	11.0	1.5546181818181815	0.10632721023502703
16.0	12.0	1.5889900000000003	0.13415578382363297
16.0	13.0	1.584744444444444	0.11758669260497881
16.0	14.0	1.614075	0.1307099597254493
16.0	15.0	1.6185285714285713	0.160533929064707
16.0	16.0	1.6232333333333333	0.15752167681518212
16.0	17.0	1.5765399999999998	0.10350419315177525
16.0	18.0	1.5578999999999998	0.041606730224808625
16.0	19.0	1.58995	0.03301176557936078
16.0	20.0	1.645225	0.1172891974281235
16.0	21.0	1.90535	0.3055553905050061
16.0	22.0	NaN	NaN
16.0	23.0	NaN	NaN
16.0	24.0	NaN	NaN
16.0	25.0	NaN	NaN
16.0	26.0	NaN	NaN
16.0	27.0	NaN	NaN
16.0	28.0	NaN	NaN
16.0	29.0	NaN	NaN
17.0	1.0	1.498180769230769	0.07805103980975919
17.0	2.0	1.5298479999999999	0.108522463573216
17.0	3.0	1.5139250000000002	0.0653408205189295
17.0	4.0	1.5384826086956525	0.06925254607839285
17.0	5.0	1.5449181818181819	0.06411785009885076
17.0	6.0	1.5673571428571431	0.0927422588221172
17.0	7.0	1.54635	0.07093943771647342
17.0	8.0	1.6129764705882355	0.11951921147566488
17.0	9.0	1.60145	0.10965912042464906
17.0	10.0	1.7359384615384614	0.2430739892106295
17.0	11.0	1.6922	0.2884392772606857
17.0	12.0	1.5725000000000002	0.10992263188261096
17.0	13.0	1.6225	0.15232716435357155
17.0	14.0	1.5852666666666666	0.028644429359534058
17.0	15.0	1.5534333333333334	0.06190455018278817
17.0	16.0	1.5925666666666665	0.04655935280191653
17.0	17.0	1.6301333333333332	0.01629028340248674
17.0	18.0	1.8394666666666666	0.04233725703601185
18.0	1.0	1.5109650000000001	0.0877398143736114
18.0	2.0	1.5248894736842107	0.11777600630357063
18.0	3.0	1.502294117647059	0.045284220079794865
18.0	4.0	1.5150705882352942	0.055508656585098064
18.0	5.0	1.5171352941176472	0.07557768305836447
18.0	6.0	1.5391625	0.09119412901424447
18.0	7.0	1.5634866666666667	0.09844037257335506
18.0	8.0	1.5598615384615384	0.06168591868573057
18.0	9.0	1.4943153846153847	0.4611798778606779
18.0	10.0	1.6166800000000001	0.08835793116636449
18.0	11.0	1.6863857142857144	0.19155123273397318
18.0	12.0	1.6366800000000001	0.08355104427833326
18.0	13.0	1.5933000000000002	0.06412986823625942
18.0	14.0	1.6515250000000001	0.13500595974499294
18.0	15.0	1.7663	0.1960620565025267
18.0	16.0	1.6874	0.07636753236814721
18.0	17.0	NaN	NaN
18.0	18.0	NaN	NaN
18.0	19.0	NaN	NaN
18.0	20.0	NaN	NaN
19.0	1.0	1.50575	0.053592412398273954
19.0	2.0	1.52804375	0.08638074607032904
19.0	3.0	1.5330066666666666	0.09463373354047445
19.0	4.0	1.5277714285714286	0.1387554762804056
19.0	5.0	1.5544384615384614	0.07171498609613777
19.0	6.0	1.5670000000000002	0.07338812347149004
19.0	7.0	1.620823076923077	0.10651375618393269
19.0	8.0	1.6667999999999998	0.15301833877022708
19.0	9.0	1.6795555555555555	0.12488867153500262
19.0	10.0	1.6887428571428573	0.13572910345172673
19.0	11.0	1.8878000000000001	0.23182636605873802
19.0	12.0	1.68145	0.04080006127446369
19.0	13.0	NaN	NaN
19.0	14.0	NaN	NaN
20.0	1.0	1.489492307692308	0.06125182257884876
20.0	2.0	1.510323076923077	0.05801728411784076
20.0	3.0	1.5472307692307696	0.10231217249685219
20.0	4.0	1.5401636363636364	0.07892722309478871
20.0	5.0	1.6011363636363634	0.14953474695018062
20.0	6.0	1.5393	0.10057713457839212
20.0	7.0	1.5659714285714286	0.08749208943833559
20.0	8.0	1.5762428571428573	0.11890294161125504
20.0	9.0	1.5813166666666667	0.07247817372607199
20.0	10.0	1.6491666666666667	0.13237701713917968
20.0	11.0	1.67528	0.15202090974599514
20.0	12.0	1.6067333333333333	0.07213406499936997
20.0	13.0	1.7602333333333335	0.16158447738979548
20.0	14.0	NaN	NaN
20.0	15.0	NaN	NaN
20.0	16.0	NaN	NaN
20.0	17.0	NaN	NaN
20.0	18.0	NaN	NaN
20.0	19.0	NaN	NaN
20.0	20.0	NaN	NaN
21.0	1.0	1.5212500000000002	0.1067517042657229
21.0	2.0	1.5744916666666668	0.14957143904766002
21.0	3.0	1.5563090909090909	0.09261850198038678
21.0	4.0	1.54275	0.12384682519592949
21.0	5.0	1.5304555555555557	0.05978938265091701
21.0	6.0	1.5758555555555556	0.12571590105383557
21.0	7.0	1.5805875	0.08290346257631734
21.0	8.0	1.6343124999999998	0.16240633729278284
21.0	9.0	1.6591500000000001	0.22325135385927675
21.0	10.0	1.5495	0.12205345823313099
21.0	11.0	1.5590333333333335	0.041213145152163844
21.0	12.0	1.5884333333333334	0.05898307666893392
21.0	13.0	1.6799666666666664	0.15937315750568953
21.0	14.0	1.67515	0.048295393155041215
21.0	15.0	1.7382	0.028001428534987337
21.0	16.0	NaN	NaN
22.0	1.0	1.5003750000000002	0.06307953596169569
22.0	2.0	1.5295124999999998	0.1015360518310052
22.0	3.0	1.5636571428571426	0.22111429063678706
22.0	4.0	1.4786666666666666	0.053397515547698136
22.0	5.0	1.4962666666666664	0.05570876651539379
22.0	6.0	1.513016666666667	0.03589408957846213
22.0	7.0	1.5521666666666667	0.04118755475464239
22.0	8.0	1.5372833333333336	0.025325040309280195
22.0	9.0	1.5701666666666665	0.06030786571141995
22.0	10.0	1.6516166666666667	0.12521038961151207
22.0	11.0	1.598025	0.0633186320656619
22.0	12.0	1.6496250000000001	0.042537777327923555
22.0	13.0	1.742	0.20642811501020564
22.0	14.0	1.65735	0.11334921702420364
22.0	15.0	NaN	NaN
22.0	16.0	NaN	NaN
22.0	17.0	NaN	NaN
23.0	1.0	1.5079	0.015635472490462203
23.0	2.0	1.4879666666666667	0.023091701251026713
23.0	3.0	1.51345	0.03898208562917071
23.0	4.0	1.4815000000000003	0.046383057251543895
23.0	5.0	1.5280666666666667	0.0763288848776573
23.0	6.0	1.5950499999999999	0.06535462493198171
23.0	7.0	1.5928166666666665	0.10383050450935248
23.0	8.0	1.6349799999999999	0.08795755794700076
23.0	9.0	1.6036	0.04331935672036998
23.0	10.0	1.704625	0.10869564158695601
23.0	11.0	1.6827999999999999	0.02658721497261424
23.0	12.0	NaN	NaN
23.0	13.0	NaN	NaN
24.0	1.0	1.4905000000000002	0.03697036651157251
24.0	2.0	1.5004	0.030397828869838744
24.0	3.0	1.5212333333333332	0.026653455060585807
24.0	4.0	1.5230166666666667	0.038931191436516126
24.0	5.0	1.5504	0.03981451996445515
24.0	6.0	1.5858333333333334	0.08260297008380912
24.0	7.0	1.673633333333333	0.08642188765970496
24.0	8.0	1.6595333333333333	0.05709547559424765
24.0	9.0	1.6928333333333334	0.04847311969879115
24.0	10.0	1.1596333333333333	1.005908108791918
24.0	11.0	NaN	NaN
25.0	1.0	1.520933333333333	0.018943459733286996
25.0	2.0	1.5247666666666666	0.047137062558741095
25.0	3.0	1.5291833333333333	0.03292199366178586
25.0	4.0	1.5521666666666667	0.022371380526616306
25.0	5.0	1.5851666666666666	0.09423917798170077
25.0	6.0	1.64666	0.08591782702093897
25.0	7.0	1.7816800000000002	0.1855185354620934
25.0	8.0	NaN	NaN
25.0	9.0	NaN	NaN
25.0	10.0	NaN	NaN
25.0	11.0	NaN	NaN
26.0	1.0	1.6148333333333333	0.09170792041403326
26.0	2.0	1.62436	0.14640289614621702
26.0	3.0	1.628275	0.05820053693910397
26.0	4.0	1.7044000000000001	0.06491332682893393
26.0	5.0	1.7777	0.10606601717798207
26.0	6.0	NaN	NaN
27.0	1.0	NaN	NaN
27.0	2.0	NaN	NaN
