# INITIAL SIZE IN LINEAGE
# original file "wt_decCap_highRe_3gen.txt" 
# mother	daughter	initSizeMean	initSizeStd
0.0	0.0	0.7744201000000001	1.1702778228589004e-16
0.0	1.0	0.5772697119999999	0.0011747269795034498
0.0	2.0	0.6147435960000001	0.0020070088816677607
0.0	3.0	0.6453375400000001	0.0027485052599549482
0.0	4.0	0.670660214	0.0035165820174083533
0.0	5.0	0.6920916060000001	0.004296283255301288
0.0	6.0	0.71039671	0.005107451446471788
0.0	7.0	0.726383676	0.0059259335951414955
0.0	8.0	0.7406053939999999	0.006861961717857188
0.0	9.0	0.7534160719999999	0.007926630606507274
0.0	10.0	0.7652475479999999	0.009062446219172597
0.0	11.0	0.776338504	0.010400046115311451
0.0	12.0	0.787018674	0.011973014382092032
0.0	13.0	0.7974812139999999	0.013901997584683214
0.0	14.0	0.807978228	0.01631548051795169
0.0	15.0	0.8188660279999999	0.019508598049259546
0.0	16.0	0.8307130300000001	0.023933793292083883
0.0	17.0	0.844188702	0.030736831575186377
0.0	18.0	0.8616167079999999	0.04360144741457018
0.0	19.0	0.8556246550000001	0.022343733046115772
0.0	20.0	0.8722028000000001	0.030137747035228594
0.0	21.0	0.89701311	0.04752537441083388
0.0	22.0	0.879323396	0.010596237456318177
0.0	23.0	0.9003484759999999	0.015338797822589584
0.0	24.0	0.934453968	0.027508255898084852
0.0	25.0	0.9414449600000001	0.0035876052492993865
1.0	1.0	0.5400876231168831	0.0035483974237909004
1.0	2.0	0.5848676043290043	0.0033625568074643294
1.0	3.0	0.6210465668398271	0.003499688923732208
1.0	4.0	0.6506992476190476	0.003868998683223728
1.0	5.0	0.6753610514285715	0.004374119984924482
1.0	6.0	0.6962138431168831	0.005002690697110624
1.0	7.0	0.7141872567965368	0.005719591135280046
1.0	8.0	0.7299373245887445	0.006526988717876071
1.0	9.0	0.7439952677056276	0.007427745179813641
1.0	10.0	0.7567764732467531	0.008455857265614854
1.0	11.0	0.7686207879653678	0.009640276944423945
1.0	12.0	0.7798250193073593	0.011022415804668605
1.0	13.0	0.7906603430303032	0.012693023234191891
1.0	14.0	0.8013925233766233	0.01476176656298787
1.0	15.0	0.8123396825108224	0.017464262951375837
1.0	16.0	0.8239266742857141	0.02130887716141614
1.0	17.0	0.8361265412173913	0.025395750249592567
1.0	18.0	0.8503038211353713	0.03178109976925027
1.0	19.0	0.8653039311210762	0.03807519918211756
1.0	20.0	0.8794448613592233	0.04386294776796255
1.0	21.0	0.8901928796590911	0.04832044594108732
1.0	22.0	0.895828765390071	0.046037238458650286
1.0	23.0	0.9045341625225226	0.04909338888588113
1.0	24.0	0.9020723805263158	0.046092255047690545
1.0	25.0	0.9160221338709678	0.05301503221267268
1.0	26.0	0.9145641660465117	0.048453090976693945
1.0	27.0	0.9182862483870967	0.04316015670604971
1.0	28.0	0.9317220781818182	0.05095167711067749
1.0	29.0	0.9211367636363637	0.049850163109891474
1.0	30.0	0.9282533457142856	0.06436288697875478
1.0	31.0	0.9338545	0.06571016560509184
1.0	32.0	0.91594913	0.12789775519935379
1.0	33.0	NaN	NaN
1.0	34.0	NaN	NaN
1.0	35.0	NaN	NaN
1.0	36.0	NaN	NaN
1.0	37.0	NaN	NaN
1.0	38.0	NaN	NaN
1.0	39.0	NaN	NaN
1.0	40.0	NaN	NaN
1.0	41.0	NaN	NaN
1.0	42.0	NaN	NaN
1.0	43.0	NaN	NaN
1.0	44.0	NaN	NaN
1.0	45.0	NaN	NaN
1.0	46.0	NaN	NaN
2.0	1.0	0.5470798041558442	0.0028546373722927567
2.0	2.0	0.5904892800865801	0.002712695432860573
2.0	3.0	0.6256262375757576	0.0028725057584299534
2.0	4.0	0.6544657789610389	0.003252470065420215
2.0	5.0	0.6785376812987013	0.0037497273796009115
2.0	6.0	0.6989325935930735	0.004345958398958593
2.0	7.0	0.7165431487445889	0.005006649713278955
2.0	8.0	0.7320104780952381	0.0057365087903555045
2.0	9.0	0.7458378239826838	0.006545247533084945
2.0	10.0	0.758459472987013	0.007471361995014266
2.0	11.0	0.770176083116883	0.008526516108398748
2.0	12.0	0.7812758838961039	0.009743467944148753
2.0	13.0	0.7920225776623376	0.011215339261634864
2.0	14.0	0.8026862236363637	0.012983274919564339
2.0	15.0	0.8135501412987012	0.015240311329538717
2.0	16.0	0.8249868951515152	0.018221145403202216
2.0	17.0	0.8375743225108225	0.02253893177577027
2.0	18.0	0.8525075029437228	0.030145673218004283
2.0	19.0	0.868773160969163	0.03709645141108274
2.0	20.0	0.8850377056603774	0.04412569461064726
2.0	21.0	0.9002018767213115	0.0508132465692923
2.0	22.0	0.8996730445112783	0.045483706196325566
2.0	23.0	0.9050771944554455	0.043816405004724085
2.0	24.0	0.9174603848717948	0.047857961022043996
2.0	25.0	0.9134830325	0.043878190067226104
2.0	26.0	0.923356108235294	0.04926505206399239
2.0	27.0	0.9217543419999998	0.05236882787053096
2.0	28.0	0.9080943733333334	0.04304546694823921
2.0	29.0	0.9185425279999999	0.03635819021086871
2.0	30.0	0.91861358	0.03428387335484483
2.0	31.0	0.933621344	0.009954559789658196
2.0	32.0	0.9865248299999999	0.010505536339797145
3.0	1.0	0.5527396887445887	0.0025222645797198327
3.0	2.0	0.594960624155844	0.002601379322919153
3.0	3.0	0.6291764458874459	0.002944644413173048
3.0	4.0	0.6572954079653679	0.0034565900928650475
3.0	5.0	0.680801297922078	0.004049200463461037
3.0	6.0	0.7007400168831169	0.00472299816300554
3.0	7.0	0.7179872806060607	0.005454828336296567
3.0	8.0	0.7331553872727272	0.006286193821431282
3.0	9.0	0.7467411767965367	0.007192707101733228
3.0	10.0	0.7591416953246753	0.008225173172188701
3.0	11.0	0.7706464595670993	0.009411581950848222
3.0	12.0	0.7815821240692642	0.010807859981177746
3.0	13.0	0.7921707536796534	0.01248738812096442
3.0	14.0	0.8027017509956709	0.014572282348926092
3.0	15.0	0.8134684377489177	0.017348028163918706
3.0	16.0	0.8249091787878787	0.021352308813063596
3.0	17.0	0.8370150918260868	0.02581345593163196
3.0	18.0	0.8498947722466959	0.030349601718255594
3.0	19.0	0.8641935492307693	0.03642549013742613
3.0	20.0	0.8768138414634147	0.03943915141947363
3.0	21.0	0.8892062290710382	0.04084594955066002
3.0	22.0	0.9062495575796181	0.04939338228264303
3.0	23.0	0.9066526168224299	0.04910037923971491
3.0	24.0	0.910811961025641	0.04873320828486443
3.0	25.0	0.9129114366666665	0.04940800840918623
3.0	26.0	0.9151596270270271	0.05074037165514026
3.0	27.0	0.9133432047999999	0.04803491067494706
3.0	28.0	0.9173874211111112	0.05049730417573988
3.0	29.0	0.9158269816666667	0.04962747028665729
3.0	30.0	0.9135718475	0.04904648069477178
3.0	31.0	0.9222753899999999	0.0528129200650413
3.0	32.0	0.936993025	0.07829071676459283
3.0	33.0	0.8966203500000001	0.07250572525123933
3.0	34.0	NaN	NaN
3.0	35.0	NaN	NaN
3.0	36.0	NaN	NaN
3.0	37.0	NaN	NaN
3.0	38.0	NaN	NaN
3.0	39.0	NaN	NaN
3.0	40.0	NaN	NaN
3.0	41.0	NaN	NaN
4.0	1.0	0.5575510161904762	0.002314911752290623
4.0	2.0	0.5988416338528137	0.0025555343119710136
4.0	3.0	0.632344953246753	0.003021909462459744
4.0	4.0	0.65993217012987	0.003630464228550616
4.0	5.0	0.6830167605194803	0.004307381314638528
4.0	6.0	0.7026597655411254	0.0050606060967104535
4.0	7.0	0.7196534087445887	0.005878047639198467
4.0	8.0	0.7346608423376623	0.0067538125411736516
4.0	9.0	0.7481279726406925	0.007743660909041575
4.0	10.0	0.7604262706493505	0.008846649894678473
4.0	11.0	0.7718927690043291	0.010114531209594926
4.0	12.0	0.7828030635497835	0.0115989394495837
4.0	13.0	0.7934112987878789	0.013372657114754275
4.0	14.0	0.8040012155844155	0.015564672665160094
4.0	15.0	0.8148571588744588	0.018374972480833498
4.0	16.0	0.8264530363636363	0.022228356638256626
4.0	17.0	0.8394858460606057	0.028084401044689337
4.0	18.0	0.8540156663157895	0.03673226047489362
4.0	19.0	0.8672285922580645	0.04136457120784747
4.0	20.0	0.8781208423589744	0.045431118691446254
4.0	21.0	0.8866510119526625	0.04535271052438035
4.0	22.0	0.8966376422695036	0.049282055234889835
4.0	23.0	0.8985779601851851	0.04531413716993439
4.0	24.0	0.9064462328735633	0.04338746101348336
4.0	25.0	0.91828432119403	0.048685926120564
4.0	26.0	0.9170987827906976	0.047758815515005736
4.0	27.0	0.9180537164285714	0.04826309841749154
4.0	28.0	0.9241815368421052	0.05341752908038553
4.0	29.0	0.9148499763636365	0.05508383138002716
4.0	30.0	0.8982682685714287	0.04116572260849852
4.0	31.0	0.9113750466666666	0.05074439100855293
4.0	32.0	0.9193951519999999	0.043832273601816726
4.0	33.0	0.9318731133333333	0.07199009368484059
4.0	34.0	NaN	NaN
4.0	35.0	NaN	NaN
4.0	36.0	NaN	NaN
4.0	37.0	NaN	NaN
4.0	38.0	NaN	NaN
4.0	39.0	NaN	NaN
4.0	40.0	NaN	NaN
5.0	1.0	0.5617425495238095	0.002124443520729968
5.0	2.0	0.6023009566233767	0.002426167360044098
5.0	3.0	0.6352588832034632	0.00294442425195917
5.0	4.0	0.6624465251082252	0.003572788283985038
5.0	5.0	0.6852370761038961	0.004267273458254158
5.0	6.0	0.7046814384415584	0.005011201708472658
5.0	7.0	0.7215485391341993	0.005819561844973723
5.0	8.0	0.7364438525541127	0.006705735026755633
5.0	9.0	0.7498519722943722	0.007683007976608109
5.0	10.0	0.7621680872727274	0.008784711404827129
5.0	11.0	0.773663715064935	0.010054041821060991
5.0	12.0	0.7846323595670995	0.011537616487589806
5.0	13.0	0.7953682878787879	0.013322446113917618
5.0	14.0	0.8061133981818182	0.015550980894304303
5.0	15.0	0.8172119458008659	0.01847603727651056
5.0	16.0	0.8291602126406926	0.022679216490538785
5.0	17.0	0.8420383890434783	0.02726883167495448
5.0	18.0	0.8567665069603524	0.03457590400281679
5.0	19.0	0.8708494858333333	0.0396520288762758
5.0	20.0	0.8863000257575757	0.0468940993232613
5.0	21.0	0.8926934603749996	0.04750645237822037
5.0	22.0	0.8996370389062499	0.046584336221621864
5.0	23.0	0.9093544499999999	0.05268271219526688
5.0	24.0	0.9037889806349204	0.05074735930418549
5.0	25.0	0.8985844481818184	0.04506934162325786
5.0	26.0	0.9018050576470589	0.04310101476543026
5.0	27.0	0.9064777546153847	0.04229980806110422
5.0	28.0	0.9214139314285715	0.05076609237035586
5.0	29.0	0.9176613615384616	0.048468385998648264
5.0	30.0	0.9306637379999998	0.05694523321551171
5.0	31.0	0.9048337	0.040874612805801624
5.0	32.0	0.916901095	0.051232005875484675
5.0	33.0	0.9227065266666669	0.053089458786411955
5.0	34.0	0.93525554	0.08610252598318355
5.0	35.0	NaN	NaN
5.0	36.0	NaN	NaN
5.0	37.0	NaN	NaN
5.0	38.0	NaN	NaN
6.0	1.0	0.5652029773160173	0.0019862802989082475
6.0	2.0	0.6050446556709957	0.0022469496939494307
6.0	3.0	0.6374511288311688	0.0027326052181427083
6.0	4.0	0.6642112739393939	0.0033049988954075116
6.0	5.0	0.6866686198268398	0.003938985448962824
6.0	6.0	0.7058382180952381	0.004630313744247066
6.0	7.0	0.7224885628571428	0.00539426584431062
6.0	8.0	0.7372213805194805	0.006222671184760484
6.0	9.0	0.750477188917749	0.007128077576198786
6.0	10.0	0.7626499468398267	0.008160101446563766
6.0	11.0	0.7740256167099567	0.009344091118372342
6.0	12.0	0.7848939544588744	0.010736676109511593
6.0	13.0	0.7955128980952382	0.012408362663122901
6.0	14.0	0.8061189232900433	0.014501631763651365
6.0	15.0	0.8170621407792206	0.01721757162304627
6.0	16.0	0.8287987438961038	0.02106659402562489
6.0	17.0	0.8414399846086955	0.025530737231186783
6.0	18.0	0.8561427830701752	0.03268724985385739
6.0	19.0	0.871130480091324	0.039449951467171396
6.0	20.0	0.8824659520812184	0.04047607891663247
6.0	21.0	0.896486787630058	0.04394941069521572
6.0	22.0	0.9040204256060606	0.045534992668660824
6.0	23.0	0.9067239834408601	0.044962047818130256
6.0	24.0	0.9144849435820894	0.04952350805959198
6.0	25.0	0.9189530506666669	0.0528757331570586
6.0	26.0	0.9080604555555558	0.04910493784541248
6.0	27.0	0.9186574390476191	0.05359306311561505
6.0	28.0	0.9230496314285714	0.06274309519695483
6.0	29.0	0.9036911955555555	0.04443694482622063
6.0	30.0	0.9058208342857142	0.0381412891775876
6.0	31.0	0.9103536520000001	0.042189762941333496
6.0	32.0	0.894548	0.006820492471163584
6.0	33.0	0.9152311533333334	0.010635793248429249
6.0	34.0	0.9513720666666666	0.022397555114586284
6.0	35.0	NaN	NaN
7.0	1.0	0.5684652523809522	0.0018771517490970774
7.0	2.0	0.6078059439826838	0.002109207311630248
7.0	3.0	0.639849945974026	0.0025709011531463793
7.0	4.0	0.66636554995671	0.0031274082612956743
7.0	5.0	0.6886432437229436	0.0037500564035908932
7.0	6.0	0.7077110999134197	0.004413314433679856
7.0	7.0	0.7242989709090909	0.005149408703530458
7.0	8.0	0.7390102576623375	0.0059527065162108305
7.0	9.0	0.7522927347186147	0.006828347808501144
7.0	10.0	0.7645144213852813	0.007834956484585452
7.0	11.0	0.7759804412987011	0.008985931818479473
7.0	12.0	0.7869748886580089	0.01031932053229228
7.0	13.0	0.7977545053679652	0.011959904266946021
7.0	14.0	0.8086070765367966	0.013988002241903377
7.0	15.0	0.8198483206060606	0.016605568539098375
7.0	16.0	0.8319685499567098	0.020264365969891594
7.0	17.0	0.8457764838961038	0.025894873891423517
7.0	18.0	0.8627465724347827	0.03634346815431478
7.0	19.0	0.8752699462616823	0.03753142385846506
7.0	20.0	0.8895919810471206	0.04213912562436091
7.0	21.0	0.9020575056050953	0.0468743124356593
7.0	22.0	0.9092820154237289	0.046600849189921
7.0	23.0	0.9111510718518518	0.043637869687582355
7.0	24.0	0.9164349385454544	0.04301115323094436
7.0	25.0	0.9264405199999999	0.04735974444017561
7.0	26.0	0.9361543744	0.05060661948688018
7.0	27.0	0.92380564	0.04973577146814737
7.0	28.0	0.9014053966666666	0.034406831098646534
7.0	29.0	0.918644632	0.043777704343591566
7.0	30.0	0.8848244000000001	0.017938026246496618
7.0	31.0	0.90268214	0.02554493957714529
7.0	32.0	0.93218583	0.04373417257872622
7.0	33.0	NaN	NaN
7.0	34.0	NaN	NaN
8.0	1.0	0.5711443587012989	0.0019304192124109379
8.0	2.0	0.6098898174025973	0.002221982647540789
8.0	3.0	0.6414957393073594	0.0027384709745580486
8.0	4.0	0.6676494987012987	0.0033799997679516314
8.0	5.0	0.6896467096103898	0.004063272792910888
8.0	6.0	0.7084813256277057	0.004789622771455285
8.0	7.0	0.724899296017316	0.005582233914751928
8.0	8.0	0.7394465490909091	0.006440945412898612
8.0	9.0	0.752598450909091	0.007413167866776714
8.0	10.0	0.7647123348917748	0.00850465227110657
8.0	11.0	0.7760770456277056	0.009759934909209777
8.0	12.0	0.7869759481385281	0.011229198291674972
8.0	13.0	0.7976869849350648	0.013040858911254807
8.0	14.0	0.8084731862337663	0.015318713708323045
8.0	15.0	0.8196985155844156	0.018338804651887863
8.0	16.0	0.831855655064935	0.022745847350043178
8.0	17.0	0.845285786347826	0.028514947165761306
8.0	18.0	0.8602127264601769	0.035990587064377806
8.0	19.0	0.8738144274178403	0.04023233682972469
8.0	20.0	0.8852506018947368	0.04095455557892255
8.0	21.0	0.8990256414814815	0.04687023364325475
8.0	22.0	0.907142856984127	0.04801082373112438
8.0	23.0	0.9168839622916664	0.04759298861157976
8.0	24.0	0.9028358019607843	0.043256075850742495
8.0	25.0	0.915297506190476	0.04412665963049493
8.0	26.0	0.919633777857143	0.046214770538518204
8.0	27.0	0.9230783610526316	0.04429837422177452
8.0	28.0	0.9236363433333331	0.03869872863451139
8.0	29.0	0.91979778	0.04216916762751477
8.0	30.0	0.921797105	0.03722963439890101
8.0	31.0	0.9376572733333334	0.0377348119296245
8.0	32.0	NaN	NaN
8.0	33.0	NaN	NaN
9.0	1.0	0.5736959085714285	0.0022310233470353067
9.0	2.0	0.6119891155844155	0.0025720631692600264
9.0	3.0	0.6432428988744587	0.003128412408265307
9.0	4.0	0.6691301077922078	0.003768649656958316
9.0	5.0	0.6909535790476191	0.004475074905607431
9.0	6.0	0.7096346876190477	0.005229718267603444
9.0	7.0	0.7259414036363637	0.006090615309425871
9.0	8.0	0.7404285751515152	0.007012385136844473
9.0	9.0	0.7535319355844156	0.00805231523967326
9.0	10.0	0.7656201533333333	0.00923756553463767
9.0	11.0	0.7769902525541122	0.010608389442227067
9.0	12.0	0.7879241854545453	0.01225256725744707
9.0	13.0	0.7987041895238094	0.014271772544072872
9.0	14.0	0.8096076602597403	0.01687785268082143
9.0	15.0	0.8210377384415585	0.020488549994667524
9.0	16.0	0.8337467982683981	0.026758375934906722
9.0	17.0	0.8471498725764192	0.03241508348925201
9.0	18.0	0.860903733452915	0.036964558575990986
9.0	19.0	0.8749165049289102	0.04110346744914001
9.0	20.0	0.8862172903783786	0.044290339600826394
9.0	21.0	0.8945106354966886	0.045915581181113746
9.0	22.0	0.8987263439655173	0.04417479905216723
9.0	23.0	0.9064387303370788	0.04681630937215597
9.0	24.0	0.9129941080597015	0.046044952733892044
9.0	25.0	0.9119671466666668	0.03940465528111528
9.0	26.0	0.9186482993548388	0.041414042910893706
9.0	27.0	0.9230496314285717	0.03590220972923286
9.0	28.0	0.9362483885714286	0.039182118519007894
9.0	29.0	0.952347788888889	0.0394350404086393
9.0	30.0	0.9685506450000001	0.03794843353798723
9.0	31.0	NaN	NaN
10.0	1.0	0.5760661202597404	0.0021750748933468365
10.0	2.0	0.6139331747186147	0.0024425029371965344
10.0	3.0	0.6448629804329004	0.002986794371933523
10.0	4.0	0.670527669090909	0.0036518167101976372
10.0	5.0	0.6921649491774893	0.004375997384236835
10.0	6.0	0.7107112561038961	0.005167937316625542
10.0	7.0	0.7269368380952381	0.006044611498263761
10.0	8.0	0.7413538462337661	0.006981663415025486
10.0	9.0	0.7544096221645021	0.008048199244279302
10.0	10.0	0.7664945703896104	0.009256067392708482
10.0	11.0	0.777864043030303	0.010663069891585365
10.0	12.0	0.7888319583549783	0.01233430676561537
10.0	13.0	0.7996371502164503	0.01438468153454456
10.0	14.0	0.8106245800865802	0.017018465673126024
10.0	15.0	0.8221720187878786	0.020624744111814024
10.0	16.0	0.8349505358441559	0.026256531005548152
10.0	17.0	0.8482167902631579	0.03168951939715933
10.0	18.0	0.862520529099099	0.0371697872431019
10.0	19.0	0.874918049901961	0.04195069986147723
10.0	20.0	0.8873247793478258	0.04304937622253634
10.0	21.0	0.8989017614569537	0.05038294030974675
10.0	22.0	0.8981407789285714	0.04179689470526917
10.0	23.0	0.9091580775555557	0.04362360469094178
10.0	24.0	0.9178709465625	0.04698942926343277
10.0	25.0	0.9208617433333333	0.04741458441015206
10.0	26.0	0.91401362	0.04627035187481355
10.0	27.0	0.918736334117647	0.04519876288647664
10.0	28.0	0.9184843945454546	0.043603423470490114
10.0	29.0	0.9277908025	0.04392935897877401
10.0	30.0	0.9285987560000001	0.03676623744181987
10.0	31.0	0.9384344599999999	0.04569930519633323
10.0	32.0	0.95648825	0.05507011251491133
10.0	33.0	NaN	NaN
11.0	1.0	0.5783006645021646	0.002291198224476442
11.0	2.0	0.6157883191341992	0.0024120310721113323
11.0	3.0	0.6464274120346319	0.0028638101678754367
11.0	4.0	0.6718790471861472	0.0034392049817755658
11.0	5.0	0.6933509493506492	0.004114681082641287
11.0	6.0	0.7118002645887446	0.004848362863496674
11.0	7.0	0.7279473214718616	0.005663778767382256
11.0	8.0	0.7423167906493506	0.006558593835804517
11.0	9.0	0.7553498395670996	0.007577770412067456
11.0	10.0	0.7674110012987012	0.008732706242283316
11.0	11.0	0.7788091134199133	0.010067961974926123
11.0	12.0	0.7897907334199135	0.0116751792813652
11.0	13.0	0.8006763186147188	0.013660936876212362
11.0	14.0	0.8117148417316017	0.016251347271966705
11.0	15.0	0.82336219982684	0.01982667471743117
11.0	16.0	0.8363118135930735	0.02563716210221792
11.0	17.0	0.848988705462555	0.0290289823826364
11.0	18.0	0.8629389389041097	0.03543178302864447
11.0	19.0	0.8778048572248807	0.03816564249359099
11.0	20.0	0.8921421889729727	0.04364499605073221
11.0	21.0	0.903502285	0.04412562484087258
11.0	22.0	0.9129045366071429	0.049188965174219806
11.0	23.0	0.9189445230379746	0.04848960832230059
11.0	24.0	0.9217663388235294	0.04793788606848797
11.0	25.0	0.9137167986206897	0.04395774238688786
11.0	26.0	0.9151713730000001	0.037010269686962506
11.0	27.0	0.9306215453333332	0.042039791810218836
11.0	28.0	0.921239215	0.023832072481805442
11.0	29.0	0.960869602857143	0.03715435337964482
11.0	30.0	0.95407906	0.05847722168724498
11.0	31.0	NaN	NaN
12.0	1.0	0.5802141588744589	0.002515767210964476
12.0	2.0	0.617148731082251	0.0025669799298085926
12.0	3.0	0.6473383063203463	0.00292221610387672
12.0	4.0	0.6723963245021646	0.003473662703766431
12.0	5.0	0.6935400682251084	0.004110128089902438
12.0	6.0	0.7116957314285716	0.004817480660566962
12.0	7.0	0.7275467780952383	0.0056260673199146904
12.0	8.0	0.7416752264069266	0.006490874174146258
12.0	9.0	0.7544431716883118	0.0074660617242643616
12.0	10.0	0.7662199544588746	0.008555412772218964
12.0	11.0	0.7773094682251083	0.009836524684068666
12.0	12.0	0.7879611526406926	0.011333212916247594
12.0	13.0	0.7984370695238094	0.013176478987035339
12.0	14.0	0.8090022884848482	0.015499419131991423
12.0	15.0	0.8200073076190476	0.018611060948827016
12.0	16.0	0.8319686980952382	0.023234277778249737
12.0	17.0	0.8444562853275109	0.02733125612161448
12.0	18.0	0.8602693746255505	0.03731415004491604
12.0	19.0	0.8717165456603775	0.03841844326789522
12.0	20.0	0.8849699679792746	0.04238407840982292
12.0	21.0	0.8962076615853659	0.04539165694776289
12.0	22.0	0.9026149004724413	0.04506815454844591
12.0	23.0	0.9155784670588234	0.04776840627385283
12.0	24.0	0.9142095912121213	0.043372010571166526
12.0	25.0	0.9192497432558138	0.0475316802125778
12.0	26.0	0.9243835841379311	0.04926073311631033
12.0	27.0	0.9285370389473684	0.04742912586189041
12.0	28.0	0.923458538	0.049264066207414185
12.0	29.0	0.9165078966666668	0.04745740505625045
12.0	30.0	0.927441924	0.03729196509321921
12.0	31.0	0.9352888733333332	0.0415423162161203
12.0	32.0	NaN	NaN
12.0	33.0	NaN	NaN
12.0	34.0	NaN	NaN
13.0	1.0	0.582358728917749	0.0028606432463738865
13.0	2.0	0.6189031929004329	0.00279422941361125
13.0	3.0	0.6487973845021645	0.0030768149475479466
13.0	4.0	0.6736313445021644	0.003570888530031436
13.0	5.0	0.6946170696103898	0.004175896961706846
13.0	6.0	0.7126498356709955	0.004887927862601758
13.0	7.0	0.7284123094372293	0.005670051041784452
13.0	8.0	0.7424544859740261	0.006521864476726482
13.0	9.0	0.7551688887445884	0.007480570272457649
13.0	10.0	0.7669249608658008	0.00857721009129756
13.0	11.0	0.7780039939393939	0.00983305877002541
13.0	12.0	0.7886482279653682	0.011314813734595771
13.0	13.0	0.7991378950649353	0.013121181238532566
13.0	14.0	0.8097189716883118	0.015385028054882911
13.0	15.0	0.8207573011255412	0.018348426276694724
13.0	16.0	0.8327442552380951	0.022575224475214095
13.0	17.0	0.8466864668398268	0.029772723974850007
13.0	18.0	0.8622186765789472	0.03783145056365056
13.0	19.0	0.8754636455660376	0.043979030351916866
13.0	20.0	0.8868709935078536	0.04443021786890426
13.0	21.0	0.8980847791411045	0.04641677622367055
13.0	22.0	0.907997862635659	0.04842480095421066
13.0	23.0	0.9117748309890109	0.04995279025868549
13.0	24.0	0.9073011245901641	0.04077350992096925
13.0	25.0	0.9203609330434783	0.047648721030832515
13.0	26.0	0.9172419041379309	0.04206628115043258
13.0	27.0	0.9148900744444445	0.03434290067352861
13.0	28.0	0.9268598646153845	0.03546412196190505
13.0	29.0	0.9162543900000001	0.025032886500875626
13.0	30.0	0.9502322519999999	0.04458293053615836
13.0	31.0	0.94727912	0.05689927047862031
13.0	32.0	NaN	NaN
13.0	33.0	NaN	NaN
14.0	1.0	0.5846189849350649	0.003492715949430595
14.0	2.0	0.6208813825974026	0.003442934725348766
14.0	3.0	0.6505609827705628	0.0037136789223151754
14.0	4.0	0.6752850211255411	0.00418123420011765
14.0	5.0	0.6962010042424243	0.0048003339859118335
14.0	6.0	0.7141938869264071	0.005528630064754907
14.0	7.0	0.7299785637229437	0.006347573269767987
14.0	8.0	0.7440628451948051	0.007274618023173615
14.0	9.0	0.7568763015584415	0.00832798993920753
14.0	10.0	0.7687591554112554	0.009541455481968542
14.0	11.0	0.7800118370562771	0.010983196453765257
14.0	12.0	0.790896078008658	0.012724998034984919
14.0	13.0	0.8016931929004328	0.014909277160678469
14.0	14.0	0.8127286401731603	0.0178972422282868
14.0	15.0	0.8237869920000002	0.019913102719914186
14.0	16.0	0.8364995242608695	0.0249309048124221
14.0	17.0	0.8514194630567685	0.03414109923173637
14.0	18.0	0.8660897397309416	0.03873722781258739
14.0	19.0	0.8798661020388353	0.043694782246431633
14.0	20.0	0.8915073997752809	0.047848459307614194
14.0	21.0	0.8971794078873239	0.04525523037940198
14.0	22.0	0.9030658596296297	0.04486562648994231
14.0	23.0	0.9027238984210529	0.039052068303927524
14.0	24.0	0.9228061082539684	0.048944130774914336
14.0	25.0	0.9203584477777778	0.052905438549805554
14.0	26.0	0.9034714749999999	0.04648149471880651
14.0	27.0	0.9100296087499999	0.0468937320638694
14.0	28.0	0.9113583799999999	0.036112783797566
14.0	29.0	0.9218609200000001	0.05094387374311796
14.0	30.0	0.9286091066666667	0.045130877871494876
14.0	31.0	0.9345450200000001	0.04334616137088343
14.0	32.0	0.9573764	0.10454296573984871
14.0	33.0	NaN	NaN
14.0	34.0	NaN	NaN
14.0	35.0	NaN	NaN
15.0	1.0	0.5868680425974026	0.003933796189590276
15.0	2.0	0.6226921209523809	0.003642558082725951
15.0	3.0	0.6520352009523811	0.0037251634910508567
15.0	4.0	0.6764948988744588	0.004088165975543737
15.0	5.0	0.6971937502164504	0.004639165623887593
15.0	6.0	0.7150438909090908	0.005324596658988362
15.0	7.0	0.7306983227705629	0.006101237189944427
15.0	8.0	0.744681819047619	0.006988678562372204
15.0	9.0	0.7573882474458874	0.008020652316155487
15.0	10.0	0.769195162077922	0.009191804496460065
15.0	11.0	0.7803706058008658	0.010553036220604993
15.0	12.0	0.7911877592207792	0.012202707372931608
15.0	13.0	0.8019057679653678	0.014255534142136386
15.0	14.0	0.8128389376623375	0.016896098219823713
15.0	15.0	0.824412088138528	0.020581638235670406
15.0	16.0	0.8373839960173162	0.026816233913902063
15.0	17.0	0.8513106269868996	0.03289198742490101
15.0	18.0	0.8651791205429861	0.037515836428315734
15.0	19.0	0.8786237451960784	0.042671993215712474
15.0	20.0	0.8899118563333335	0.04269986359275445
15.0	21.0	0.9027784653691276	0.04767005984254736
15.0	22.0	0.9074451113761469	0.04875453183518776
15.0	23.0	0.9084356997435898	0.04270121943448472
15.0	24.0	0.915061122909091	0.04478326693224941
15.0	25.0	0.9177019649999999	0.045002537056173145
15.0	26.0	0.9109235466666668	0.04259760424693358
15.0	27.0	0.9090824599999999	0.03651346605175936
15.0	28.0	0.923910376	0.052372896680243364
15.0	29.0	0.9110456633333334	0.03385348284241237
15.0	30.0	0.918169505	0.0395418483319478
15.0	31.0	0.9320248666666666	0.04368944323889849
15.0	32.0	NaN	NaN
15.0	33.0	NaN	NaN
15.0	34.0	NaN	NaN
16.0	1.0	0.5892065389610388	0.004919539266046096
16.0	2.0	0.6244694123809522	0.004483879954222192
16.0	3.0	0.653397241904762	0.0044468510243307145
16.0	4.0	0.6774987521212121	0.004710421895748078
16.0	5.0	0.6979204812121214	0.005194293750470401
16.0	6.0	0.7155370399134198	0.005843800867571966
16.0	7.0	0.7309726994805198	0.0066226760677961394
16.0	8.0	0.7447703464069264	0.007527375270022285
16.0	9.0	0.7573264913419915	0.008575966131179743
16.0	10.0	0.7689752847619048	0.00979166977794101
16.0	11.0	0.7799855442424243	0.011234678726900113
16.0	12.0	0.7906480851948051	0.01296219891522358
16.0	13.0	0.8012061385281384	0.015124931494003032
16.0	14.0	0.8119724494372293	0.017950601107135325
16.0	15.0	0.8233853141991342	0.02197293673058168
16.0	16.0	0.8355101393043478	0.026947409047175137
16.0	17.0	0.848957319385965	0.03295912238628082
16.0	18.0	0.8609660377981653	0.03666092416756081
16.0	19.0	0.8736289012682925	0.03942167961648316
16.0	20.0	0.8866716242391305	0.04405363748171701
16.0	21.0	0.8931902417567568	0.04372255149945148
16.0	22.0	0.9041682233333332	0.04856884679187882
16.0	23.0	0.9047597845238093	0.04826015602186367
16.0	24.0	0.9087145296875002	0.04531085420009548
16.0	25.0	0.9165293338775511	0.04328516439535669
16.0	26.0	0.9241678658823529	0.044079366598545396
16.0	27.0	0.926358381	0.04744645251830764
16.0	28.0	0.910851016	0.04153858380588538
16.0	29.0	0.9149388	0.04571751026283618
16.0	30.0	0.8973808700000001	0.024438570969429977
16.0	31.0	0.9242201099999999	0.039664411680223687
16.0	32.0	0.90882156	0.008682451029104636
16.0	33.0	0.93873051	0.015606454772618863
16.0	34.0	NaN	NaN
17.0	1.0	0.5922590755844156	0.0064307895368407395
17.0	2.0	0.627050763809524	0.005562301176251742
17.0	3.0	0.6556412984415586	0.005172567380258315
17.0	4.0	0.6794930842424243	0.005184795224548263
17.0	5.0	0.6997370864935066	0.00548661136076455
17.0	6.0	0.7172252800000001	0.006042520688670017
17.0	7.0	0.7326072489177489	0.00675446868414309
17.0	8.0	0.7463668806926406	0.007621194608131437
17.0	9.0	0.7589327316017317	0.00865019066987204
17.0	10.0	0.7706212717748917	0.009858296375300118
17.0	11.0	0.7817171764502165	0.011291542268143556
17.0	12.0	0.7924778141125542	0.013021847651505358
17.0	13.0	0.8031844763636363	0.01519105364812698
17.0	14.0	0.8141878094372293	0.018014567380450153
17.0	15.0	0.8258724194805196	0.022000299660035538
17.0	16.0	0.8391364414718614	0.02872515485694076
17.0	17.0	0.8508531294222221	0.030252125038258592
17.0	18.0	0.8676888866968325	0.0409304403947708
17.0	19.0	0.881994219902439	0.045446910121065845
17.0	20.0	0.8916965731034484	0.04777446193557712
17.0	21.0	0.8945093650370372	0.044108701845826895
17.0	22.0	0.90269768317757	0.0446267178672244
17.0	23.0	0.9107577602500003	0.048701945707285206
17.0	24.0	0.9167587484210526	0.05059554126770134
17.0	25.0	0.908293745142857	0.04387546070445442
17.0	26.0	0.9100076241666666	0.04526752401201433
17.0	27.0	0.9130868187499998	0.05335848046215782
17.0	28.0	0.9241048276923076	0.0546629123716666
17.0	29.0	0.88693754	0.03955765003589773
17.0	30.0	0.886142284	0.02408478612633875
17.0	31.0	0.905473168	0.031915395061551693
17.0	32.0	0.939476556	0.04841057332247651
17.0	33.0	NaN	NaN
17.0	34.0	NaN	NaN
17.0	35.0	NaN	NaN
17.0	36.0	NaN	NaN
17.0	37.0	NaN	NaN
17.0	38.0	NaN	NaN
18.0	1.0	0.5950650715178573	0.007519873947827791
18.0	2.0	0.6293047049999999	0.006383360251514918
18.0	3.0	0.6574401976785714	0.00572868512041362
18.0	4.0	0.68097645875	0.005473105584071187
18.0	5.0	0.7009464327678572	0.005548980070068984
18.0	6.0	0.7182186625	0.005894294516735406
18.0	7.0	0.7334065235714285	0.006439135800114867
18.0	8.0	0.7470242385714286	0.00715932928902118
18.0	9.0	0.7594489775892858	0.008049392133696757
18.0	10.0	0.7710042340178571	0.009110066119000532
18.0	11.0	0.7819752498214286	0.01038434897498391
18.0	12.0	0.7926172153571427	0.011944080756242894
18.0	13.0	0.8031869188392852	0.013903261449228781
18.0	14.0	0.8140003701785714	0.01642854570056485
18.0	15.0	0.8254372771428572	0.019945109372367216
18.0	16.0	0.8382317497321431	0.02570122390461122
18.0	17.0	0.8512724066968326	0.029971305831792854
18.0	18.0	0.8669817960368663	0.03675330175324823
18.0	19.0	0.8812732474	0.04295770035131743
18.0	20.0	0.8887574960714284	0.041257212949406465
18.0	21.0	0.9035047460689655	0.04573523509809643
18.0	22.0	0.9168288396396399	0.053273259495447645
18.0	23.0	0.9120975913888887	0.04778436773349914
18.0	24.0	0.9158530776470587	0.04568089378323496
18.0	25.0	0.9118815662499999	0.03786794133747214
18.0	26.0	0.9367129161538463	0.050052308808464785
18.0	27.0	0.9309606528571429	0.04460606313146754
18.0	28.0	0.91773652	0.03325440740846239
18.0	29.0	0.9281213920000001	0.021781216658885685
18.0	30.0	0.969261165	0.0361963844931226
18.0	31.0	NaN	NaN
19.0	1.0	0.5978918931730769	0.008169457372841353
19.0	2.0	0.6318013649038463	0.006813104481377147
19.0	3.0	0.6597330167307693	0.006013652597148366
19.0	4.0	0.683105624326923	0.005623641984845965
19.0	5.0	0.7030091073076921	0.005653592668038013
19.0	6.0	0.7202611204807692	0.005943657068633803
19.0	7.0	0.7354962356730769	0.006485312231892528
19.0	8.0	0.7491926497115385	0.007216465587449335
19.0	9.0	0.761738137596154	0.008137380148481475
19.0	10.0	0.7734738652884615	0.009239955532658804
19.0	11.0	0.7846646331730768	0.010567112640412182
19.0	12.0	0.7955971163461542	0.012195865171077513
19.0	13.0	0.8065463630769228	0.014245998977955643
19.0	14.0	0.8178596248076923	0.016939290263118224
19.0	15.0	0.8299899088461539	0.020714344812856698
19.0	16.0	0.84384495	0.026948428020941138
19.0	17.0	0.8581585210784314	0.03251371154853148
19.0	18.0	0.8721642288659792	0.03529357783673327
19.0	19.0	0.8893502823333334	0.04240395349972362
19.0	20.0	0.9051488946052632	0.04896104784672752
19.0	21.0	0.9104296112962963	0.05143516576244025
19.0	22.0	0.9065152569444445	0.045233147327843386
19.0	23.0	0.9101546752941176	0.04392792647499996
19.0	24.0	0.9137743805882352	0.04513935482571505
19.0	25.0	0.9160560663636363	0.04663464555324074
19.0	26.0	0.9294616762500001	0.05723102837111407
19.0	27.0	0.9256100980000002	0.05379296445092873
19.0	28.0	0.905655272	0.05162243711240996
19.0	29.0	0.9246003700000001	0.07807102301719802
19.0	30.0	0.9171592066666667	0.06340634846662394
19.0	31.0	NaN	NaN
19.0	32.0	NaN	NaN
19.0	33.0	NaN	NaN
19.0	34.0	NaN	NaN
19.0	35.0	NaN	NaN
19.0	36.0	NaN	NaN
19.0	37.0	NaN	NaN
19.0	38.0	NaN	NaN
20.0	1.0	0.6001386653846154	0.00869730496978743
20.0	2.0	0.6335378683516483	0.007271375981255739
20.0	3.0	0.6610595053846154	0.006356103596804938
20.0	4.0	0.6841287808791209	0.005881667637561232
20.0	5.0	0.7037721030769232	0.005781736720211532
20.0	6.0	0.7208030275824177	0.005992155339980701
20.0	7.0	0.7358432667032966	0.006441120843444522
20.0	8.0	0.7493574636263738	0.007090934948975118
20.0	9.0	0.7617597991208789	0.007924425316849143
20.0	10.0	0.7733362598901099	0.008943276657543317
20.0	11.0	0.7843610915384617	0.010195274085586677
20.0	12.0	0.7951199625274726	0.011714979180150865
20.0	13.0	0.8058841978021977	0.013605227369516568
20.0	14.0	0.81694697010989	0.01606722932163713
20.0	15.0	0.8287512628571427	0.019443772541437213
20.0	16.0	0.8420012630769229	0.024702010566609246
20.0	17.0	0.8570777538121548	0.03114701925040492
20.0	18.0	0.8739581975	0.03891853486155825
20.0	19.0	0.8868767782051282	0.04332886348336046
20.0	20.0	0.8997490712121212	0.04694834117133025
20.0	21.0	0.9092477668000001	0.05176930695530009
20.0	22.0	0.9089612957142856	0.046605494825035995
20.0	23.0	0.9119589118367349	0.04725623916323042
20.0	24.0	0.9190576550000001	0.0449181386973405
20.0	25.0	0.9351983546153847	0.051993769978920364
20.0	26.0	0.9171540784615385	0.04529645549114815
20.0	27.0	0.92132496	0.03161030641275088
20.0	28.0	0.9384936700000001	0.04188336345992616
20.0	29.0	0.9349853666666667	0.018535503293262163
20.0	30.0	0.99159847	0.0561456502133673
21.0	1.0	0.6030911773076922	0.010077293026420906
21.0	2.0	0.6357992593589743	0.008595287602356769
21.0	3.0	0.6627701444871795	0.007667337667999934
21.0	4.0	0.6854021166666667	0.007222747311609285
21.0	5.0	0.7046784162820513	0.0071613175725749765
21.0	6.0	0.7213959832051284	0.0074095371629601635
21.0	7.0	0.7361605812820513	0.007907347278008146
21.0	8.0	0.7494350101282051	0.00862412586188619
21.0	9.0	0.7615899143589743	0.009585503990398191
21.0	10.0	0.7729542889743588	0.010744513370491354
21.0	11.0	0.7837679093589744	0.012173778919160678
21.0	12.0	0.7943119470512823	0.01393174228923248
21.0	13.0	0.8048426076923075	0.01618013722407353
21.0	14.0	0.8157097362820512	0.01916756587961638
21.0	15.0	0.8273676138461539	0.023573528646121708
21.0	16.0	0.839577375483871	0.027800841248636222
21.0	17.0	0.8524665627631579	0.03264074922805169
21.0	18.0	0.8685087179865771	0.040713805388922074
21.0	19.0	0.8835707811678832	0.04920468553871068
21.0	20.0	0.8872504581981981	0.04741533028991098
21.0	21.0	0.8957762860215053	0.047895552287108525
21.0	22.0	0.9017114611111112	0.04942264542403869
21.0	23.0	0.8999246166037737	0.041129561228342396
21.0	24.0	0.9159106046511627	0.052561388291236105
21.0	25.0	0.9127191764285711	0.04985692579071677
21.0	26.0	0.9155793959999998	0.05058289077450373
21.0	27.0	0.9254598359999999	0.05730252868395463
21.0	28.0	0.9051517088888887	0.03737993986756148
21.0	29.0	0.92367472	0.04106463095077876
21.0	30.0	0.939405504	0.06286149219649563
21.0	31.0	0.88728359	0.008933657784189026
21.0	32.0	0.90499133	0.012591973711606981
21.0	33.0	0.9320082000000001	0.021093928663745796
21.0	34.0	NaN	NaN
22.0	1.0	0.6033841734545455	0.010027760570412166
22.0	2.0	0.6359443921818181	0.008542974063987765
22.0	3.0	0.6627793736363636	0.007568451342613242
22.0	4.0	0.6852695125454547	0.007056820243637232
22.0	5.0	0.7044112836363638	0.0068960015464685515
22.0	6.0	0.7210112825454544	0.007033961605772361
22.0	7.0	0.7356754849090908	0.007455236299515178
22.0	8.0	0.748824868	0.008052708939650335
22.0	9.0	0.7608572750909092	0.008875619664834139
22.0	10.0	0.7720746892727275	0.009879980822994678
22.0	11.0	0.7827103621818182	0.011128127683245856
22.0	12.0	0.7930554634545455	0.01269316341152611
22.0	13.0	0.8033420245454546	0.014657519091478673
22.0	14.0	0.8138653538181817	0.017271449935015226
22.0	15.0	0.8250124338181817	0.02094824757887268
22.0	16.0	0.8375613914545456	0.027447766824032823
22.0	17.0	0.8509505045871559	0.03398010901519972
22.0	18.0	0.8635957624528301	0.03476241820194914
22.0	19.0	0.877633633939394	0.04136308841804933
22.0	20.0	0.8909995094382022	0.04470492572103703
22.0	21.0	0.8990523715492957	0.04703324721437762
22.0	22.0	0.8999815561538461	0.042070524900698944
22.0	23.0	0.9114362356097562	0.04746802485010926
22.0	24.0	0.913058177142857	0.045290700327505796
22.0	25.0	0.9252903640000001	0.056838905605143236
22.0	26.0	0.9034299799999999	0.0397267157812755
22.0	27.0	0.91460572	0.055649496121566354
22.0	28.0	0.9118153933333334	0.04422957686218518
22.0	29.0	0.926122988	0.04447784780575295
22.0	30.0	0.94032918	0.06588539259555493
22.0	31.0	NaN	NaN
22.0	32.0	NaN	NaN
22.0	33.0	NaN	NaN
22.0	34.0	NaN	NaN
22.0	35.0	NaN	NaN
23.0	1.0	0.604120728	0.0091592185318527
23.0	2.0	0.6367523187499999	0.0077339848940282145
23.0	3.0	0.6637321164999997	0.0068509005741448385
23.0	4.0	0.6863458997499998	0.006415961188998825
23.0	5.0	0.7056440540000002	0.0063882612071952715
23.0	6.0	0.7223940067500001	0.006657576832422175
23.0	7.0	0.73722095	0.007190306970758747
23.0	8.0	0.75056672175	0.00790958127588239
23.0	9.0	0.7628086874999999	0.008850986857852475
23.0	10.0	0.7742571405	0.009997194824824545
23.0	11.0	0.7852126370000001	0.011367447626162186
23.0	12.0	0.7959307014999999	0.013112466173568179
23.0	13.0	0.8066716604999999	0.015266005234204669
23.0	14.0	0.817742222	0.0180939261723977
23.0	15.0	0.8296772167499998	0.02208361354371164
23.0	16.0	0.8432759797500001	0.028326960815962022
23.0	17.0	0.8616056227500003	0.044235748406366196
23.0	18.0	0.8716622346666668	0.039581066495384204
23.0	19.0	0.886688076231884	0.04542906428447235
23.0	20.0	0.8906707134545454	0.042367534966987266
23.0	21.0	0.904493451304348	0.04870648307689365
23.0	22.0	0.8987741941935484	0.03968935105817788
23.0	23.0	0.9098687088000003	0.042110508488567344
23.0	24.0	0.9251556284210526	0.04794005386079359
23.0	25.0	0.9304079745454547	0.05607196024649691
23.0	26.0	0.9316743685714285	0.05592405201257843
23.0	27.0	0.8955286933333334	0.030062222732860792
23.0	28.0	0.92451616	0.049315786537566214
23.0	29.0	0.9320582	0.060918578559969745
23.0	30.0	NaN	NaN
23.0	31.0	NaN	NaN
23.0	32.0	NaN	NaN
24.0	1.0	0.6055765162068966	0.009050736040318998
24.0	2.0	0.6380645724137932	0.007604912407261301
24.0	3.0	0.6648819886206897	0.006684991449521084
24.0	4.0	0.6874080627586208	0.006212767145316902
24.0	5.0	0.7066791289655173	0.006128869394296088
24.0	6.0	0.723413375172414	0.00635641082199674
24.0	7.0	0.7382407413793104	0.006825121924521769
24.0	8.0	0.751631731724138	0.007516216709278861
24.0	9.0	0.7639475500000001	0.00840886618672262
24.0	10.0	0.7754776220689659	0.009493224247777583
24.0	11.0	0.7865478975862068	0.010816307642064852
24.0	12.0	0.7973748903448277	0.012431412483718013
24.0	13.0	0.8082646775862069	0.014453140217534757
24.0	14.0	0.8195677096551724	0.017104221205160527
24.0	15.0	0.8317145186206897	0.020760311475798383
24.0	16.0	0.8455620386206896	0.026268307344126416
24.0	17.0	0.863089517586207	0.03724293706466292
24.0	18.0	0.8794802367272728	0.044690587500294816
24.0	19.0	0.8836630657777775	0.040457299801231424
24.0	20.0	0.8992768405000001	0.04357525032690483
24.0	21.0	0.9104875896774193	0.046612007812355485
24.0	22.0	0.91225653	0.0505386999228035
24.0	23.0	0.9158666114285715	0.047617663769305506
24.0	24.0	0.9159922577777778	0.05048866807253923
24.0	25.0	0.9321675971428572	0.056603902967349545
24.0	26.0	0.92315433	0.0567967138633554
24.0	27.0	0.89284012	0.031786033733525156
24.0	28.0	0.91896884	0.05022647349019039
24.0	29.0	NaN	NaN
24.0	30.0	NaN	NaN
24.0	31.0	NaN	NaN
25.0	1.0	0.6080927266666668	0.009858056685051625
25.0	2.0	0.6402524714285714	0.008693692283475914
25.0	3.0	0.6668358238095239	0.008034728783427824
25.0	4.0	0.6891935238095238	0.0077266767251762455
25.0	5.0	0.7083189209523809	0.007787529765513587
25.0	6.0	0.7250277980952381	0.008117661905857556
25.0	7.0	0.7398527314285714	0.008687095180631387
25.0	8.0	0.7532397076190476	0.009468666337598958
25.0	9.0	0.7656219304761904	0.01047905879766042
25.0	10.0	0.7772415661904761	0.011770751376835217
25.0	11.0	0.7884726085714286	0.013361334127075018
25.0	12.0	0.7995281514285713	0.015373320761347578
25.0	13.0	0.81079779	0.018033711196117148
25.0	14.0	0.822668801904762	0.021780334717716853
25.0	15.0	0.8358591004761904	0.027733266310801603
25.0	16.0	0.8481891614634144	0.03084514415544541
25.0	17.0	0.8696840960975609	0.05189946003686978
25.0	18.0	0.8796655121052632	0.046031691145233096
25.0	19.0	0.8873029974999997	0.046373544696869294
25.0	20.0	0.8944123288888888	0.03861983769834252
25.0	21.0	0.9133486736363637	0.05297286824041849
25.0	22.0	0.9195239337500001	0.05204786866970863
25.0	23.0	0.9166551760000001	0.05138697317712408
25.0	24.0	0.9117207828571428	0.032329661511574626
25.0	25.0	0.9437116066666666	0.048517187149523244
25.0	26.0	0.9131846800000001	0.042046435971254376
25.0	27.0	NaN	NaN
25.0	28.0	NaN	NaN
25.0	29.0	NaN	NaN
26.0	1.0	0.6077014147826086	0.010608032527629438
26.0	2.0	0.6394069739130434	0.0089643766392101
26.0	3.0	0.66560686	0.007962929183053635
26.0	4.0	0.6876661643478261	0.007365498692997223
26.0	5.0	0.7064078773913043	0.007236324075192529
26.0	6.0	0.7227119686956524	0.007385191731105813
26.0	7.0	0.7371320947826088	0.00782633265898988
26.0	8.0	0.7500631034782608	0.00844093201192564
26.0	9.0	0.7619688347826087	0.009327396960980954
26.0	10.0	0.7730535208695651	0.010384223344839441
26.0	11.0	0.7835710495652175	0.011728277758468074
26.0	12.0	0.7937979626086957	0.013382642145830416
26.0	13.0	0.8040577130434782	0.015522089814360597
26.0	14.0	0.8145115121739132	0.018291794280791338
26.0	15.0	0.8256690808695654	0.022224770391991576
26.0	16.0	0.8382892226086954	0.028869678852847625
26.0	17.0	0.8466697090909091	0.024925822843402275
26.0	18.0	0.8623125154545456	0.03250408860421391
26.0	19.0	0.88524533	0.04978114735358575
26.0	20.0	0.8867482144444445	0.0403156275388734
26.0	21.0	0.9011026799999998	0.05072195294340704
26.0	22.0	0.919116865	0.06548685178350572
26.0	23.0	0.8947679228571429	0.05406538199070758
26.0	24.0	0.8944295799999998	0.027827541993609154
26.0	25.0	0.9243218633333333	0.04125094642434163
26.0	26.0	0.9280503400000001	0.06182865933237435
26.0	27.0	NaN	NaN
26.0	28.0	NaN	NaN
26.0	29.0	NaN	NaN
26.0	30.0	NaN	NaN
26.0	31.0	NaN	NaN
27.0	1.0	0.6037055783333334	0.006522271956162394
27.0	2.0	0.6365491516666667	0.005966481338638719
27.0	3.0	0.6636465033333333	0.005781581478106807
27.0	4.0	0.6864232783333334	0.005946096368723116
27.0	5.0	0.7058250833333334	0.006378095473910313
27.0	6.0	0.7227630933333332	0.006982998701856786
27.0	7.0	0.7376962966666668	0.007727033109647451
27.0	8.0	0.7511963983333333	0.008728030078210238
27.0	9.0	0.7636269916666665	0.009865009925599598
27.0	10.0	0.7752453116666667	0.011221935005691332
27.0	11.0	0.7864371000000001	0.01297870723452142
27.0	12.0	0.7974003816666667	0.015134383399553746
27.0	13.0	0.8084904166666668	0.017982500518783823
27.0	14.0	0.8201475516666665	0.022133055580200654
27.0	15.0	0.8330638866666665	0.02874317824081815
27.0	16.0	0.8497983899999998	0.044707037728294687
27.0	17.0	0.8514663181818182	0.021767295156366013
27.0	18.0	0.8681537327272728	0.028168562018071518
27.0	19.0	0.8916497	0.04088755590269393
27.0	20.0	0.9107890866666667	0.05723942912028381
27.0	21.0	0.9086605966666667	0.04929776070795007
27.0	22.0	0.91407283	0.060021873260356164
27.0	23.0	0.8767310500000001	0.01818923300158093
27.0	24.0	0.8952493100000001	0.025866857010348243
27.0	25.0	0.92439774	0.04305126299159186
27.0	26.0	NaN	NaN
27.0	27.0	NaN	NaN
28.0	1.0	0.6096614872727274	0.008854064940016074
28.0	2.0	0.6415930272727274	0.007327619392317107
28.0	3.0	0.6681006909090909	0.006285334563718091
28.0	4.0	0.6904016927272728	0.00565126047324859
28.0	5.0	0.7094599	0.005447503510438526
28.0	6.0	0.7261059272727273	0.005547884279350262
28.0	7.0	0.7409352236363635	0.0058730744849887
28.0	8.0	0.7543525709090908	0.006552677778553515
28.0	9.0	0.7667273436363636	0.007345180864005028
28.0	10.0	0.7783320272727271	0.008418842858328085
28.0	11.0	0.7896419763636363	0.009767639172745155
28.0	12.0	0.80067944	0.011448046061203613
28.0	13.0	0.8119661836363636	0.01365050339184255
28.0	14.0	0.8237828272727273	0.016752982802252913
28.0	15.0	0.8366702745454543	0.021237884041186587
28.0	16.0	0.8518215781818181	0.029265267728357393
28.0	17.0	0.8591509399999998	0.019649021775768417
28.0	18.0	0.878075512	0.026904533719276046
28.0	19.0	0.9070252599999999	0.04390946569515156
28.0	20.0	0.9034685366666667	0.04126625002068669
28.0	21.0	0.9150209800000001	0.02519522090276248
28.0	22.0	0.9435127050000001	0.023664107886881485
28.0	23.0	0.98799587	0.011516436013151013
29.0	1.0	0.6109145066666666	0.00907687777737405
29.0	2.0	0.6426589666666667	0.007331097818675362
29.0	3.0	0.6688727733333333	0.006107125171701202
29.0	4.0	0.6909510900000001	0.005614002918470927
29.0	5.0	0.7099689066666667	0.005389435726495581
29.0	6.0	0.72658499	0.005684326729972519
29.0	7.0	0.74121381	0.006337054561769218
29.0	8.0	0.75454922	0.007192875475813544
29.0	9.0	0.7668613933333334	0.008194133795155323
29.0	10.0	0.77849638	0.009382712386835683
29.0	11.0	0.7896835633333333	0.010963105171433226
29.0	12.0	0.8007023266666667	0.012806348504067297
29.0	13.0	0.8119912633333334	0.015164213852886257
29.0	14.0	0.8236521266666667	0.018262704096152545
29.0	15.0	0.8364546466666667	0.02251222904216702
29.0	16.0	0.8512610966666667	0.028900666482810172
29.0	17.0	0.8705157533333333	0.040392499495376
29.0	18.0	0.879607604	0.047243600812415666
29.0	19.0	0.8772001249999999	0.025606317793723583
29.0	20.0	0.9032150299999999	0.04247543236105778
29.0	21.0	0.90763736	0.024763337818282858
29.0	22.0	0.9543325666666668	0.04774006135410526
29.0	23.0	NaN	NaN
29.0	24.0	NaN	NaN
30.0	1.0	0.6087329466666667	0.008184428740903917
30.0	2.0	0.6402739	0.007087923205086284
30.0	3.0	0.6662675333333333	0.006717239329675062
30.0	4.0	0.6881348866666667	0.0070024165600551065
30.0	5.0	0.7067049000000001	0.00766175960883659
30.0	6.0	0.72287318	0.008901956146286033
30.0	7.0	0.7371800733333332	0.010163891591734617
30.0	8.0	0.7501694333333333	0.011644194298281561
30.0	9.0	0.7618895066666665	0.013364092355776836
30.0	10.0	0.7729323933333333	0.015127721858394103
30.0	11.0	0.7834682666666666	0.01744800021477915
30.0	12.0	0.7938190533333334	0.020131876616474052
30.0	13.0	0.80405142	0.023316299939818895
30.0	14.0	0.8145872933333332	0.027374198697330595
30.0	15.0	0.8260371933333333	0.03265626095351602
30.0	16.0	0.8388897133333334	0.04015156525567753
30.0	17.0	0.8549395733333333	0.05209517498953748
30.0	18.0	0.8800709333333333	0.07800372971514972
30.0	19.0	0.8486484000000001	0.03989536057434244
30.0	20.0	0.86293117	0.05004597741322473
30.0	21.0	0.8830981	0.06823521041480567
30.0	22.0	0.93289635	0.1274660523673038
30.0	23.0	NaN	NaN
30.0	24.0	NaN	NaN
30.0	25.0	NaN	NaN
30.0	26.0	NaN	NaN
30.0	27.0	NaN	NaN
30.0	28.0	NaN	NaN
31.0	1.0	0.6121412500000001	0.00025120675508431053
31.0	2.0	0.64440939	0.001326744453540278
31.0	3.0	0.67124863	0.002904695662164945
31.0	4.0	0.69408001	0.004341225514552239
31.0	5.0	0.71366405	0.005848466045058259
31.0	6.0	0.7310665299999999	0.0074264172536829265
31.0	7.0	0.7466427099999999	0.008933657784188946
31.0	8.0	0.76092548	0.010762815747897924
31.0	9.0	0.7743701000000001	0.012772469788572645
31.0	10.0	0.78723183	0.015104041262450242
31.0	11.0	0.80009356	0.017938026246496697
31.0	12.0	0.81331055	0.021274424740711537
31.0	13.0	0.82723806	0.026118063765432634
31.0	14.0	0.84281424	0.032790860753862554
31.0	15.0	0.86156013	0.043302469746676085
31.0	16.0	0.88834937	0.06332086071196599
31.0	17.0	NaN	NaN
31.0	18.0	NaN	NaN
31.0	19.0	NaN	NaN
31.0	20.0	NaN	NaN
32.0	1.0	NaN	NaN
32.0	2.0	NaN	NaN
32.0	3.0	NaN	NaN
32.0	4.0	NaN	NaN
32.0	5.0	NaN	NaN
32.0	6.0	NaN	NaN
32.0	7.0	NaN	NaN
32.0	8.0	NaN	NaN
32.0	9.0	NaN	NaN
32.0	10.0	NaN	NaN
32.0	11.0	NaN	NaN
32.0	12.0	NaN	NaN
32.0	13.0	NaN	NaN
32.0	14.0	NaN	NaN
32.0	15.0	NaN	NaN
32.0	16.0	NaN	NaN
32.0	17.0	NaN	NaN
32.0	18.0	NaN	NaN
32.0	19.0	NaN	NaN
32.0	20.0	NaN	NaN
32.0	21.0	NaN	NaN
