# REJUVENATION INDEX IN LINEAGE
# original file "wt_decCap_highRe_3gen.txt" 
# mother	daughter	rejMean	rejStd
0.0	0.0	0.0	0.0
0.0	1.0	0.04981000000000001	0.09877095220762024
0.0	2.0	0.03617999999999998	0.23544325006251507
0.0	3.0	0.054279999999999995	0.15643258256798323
0.0	4.0	-0.058899999999999994	0.16228370904752648
0.0	5.0	-0.013549999999999996	0.19074583583630048
0.0	6.0	0.009079999999999998	0.17682531115953584
0.0	7.0	-0.022759999999999996	0.1849118660936129
0.0	8.0	0.009080000000000001	0.15486757640714283
0.0	9.0	-0.0046300000000000004	0.16828751224549546
0.0	10.0	0.004450000000000008	0.2684122006251662
0.0	11.0	-0.03158	0.13996977292734789
0.0	12.0	-0.018099999999999998	0.15406073117082394
0.0	13.0	-0.009160000000000005	0.1974634942351511
0.0	14.0	-0.03619	0.10607076725783908
0.0	15.0	-0.04529	0.17059271477215354
0.0	16.0	-0.054299999999999994	0.13951915838176332
0.0	17.0	-0.054310000000000004	0.15789099932126172
0.0	18.0	0.05433000000000001	0.16771508280414138
0.0	19.0	-0.09608749999999999	0.1666245431887426
0.0	20.0	-0.056487499999999996	0.1870712044535831
0.0	21.0	-0.028275	0.12329168376542794
0.0	22.0	-0.13576	0.07839003763234204
0.0	23.0	-0.15384	0.1452489690152739
0.0	24.0	-0.22622	0.10617460619187621
0.0	25.0	-0.15825	0.2237992962455423
1.0	1.0	-0.005096103896103896	0.21059163043872692
1.0	2.0	0.016046320346320343	0.20856514834930237
1.0	3.0	0.002533333333333334	0.21419361409444626
1.0	4.0	-0.02623766233766234	0.19316074565588542
1.0	5.0	-0.022721645021645025	0.18808986603049377
1.0	6.0	-0.008051515151515153	0.19993258882378653
1.0	7.0	-0.00860909090909091	0.20861152653665274
1.0	8.0	-0.02018225108225108	0.19167100251562674
1.0	9.0	-0.017634632034632034	0.18843957240341375
1.0	10.0	-0.02151601731601731	0.21462855041996068
1.0	11.0	-0.040354545454545455	0.1971710838743996
1.0	12.0	-0.027590043290043293	0.20885389429288231
1.0	13.0	-0.032526406926406924	0.20007990500447292
1.0	14.0	-0.03798268398268397	0.19251884459693505
1.0	15.0	-0.042100432900432895	0.20948824611581757
1.0	16.0	-0.038362337662337674	0.22376454339266746
1.0	17.0	-0.05509086956521741	0.21061383308042728
1.0	18.0	-0.05886288209606986	0.19966037056050667
1.0	19.0	-0.06247668161434977	0.19844063195010875
1.0	20.0	-0.09024417475728155	0.19240765422645068
1.0	21.0	-0.1082153409090909	0.18587810458284668
1.0	22.0	-0.12413191489361702	0.1943199832820484
1.0	23.0	-0.20824234234234237	0.1882240843199932
1.0	24.0	-0.20833684210526318	0.20161121982145425
1.0	25.0	-0.24660967741935488	0.1780810763132283
1.0	26.0	-0.29348372093023256	0.15818515963478424
1.0	27.0	-0.29326129032258064	0.18892338249039717
1.0	28.0	-0.4274363636363635	0.2050964919145888
1.0	29.0	-0.3946181818181818	0.3624911662873506
1.0	30.0	-0.5553	0.26808331416433456
1.0	31.0	-0.6145	0.290107643815188
1.0	32.0	-0.9268000000000001	0.41394030970660495
1.0	33.0	NaN	NaN
1.0	34.0	NaN	NaN
1.0	35.0	NaN	NaN
1.0	36.0	NaN	NaN
1.0	37.0	NaN	NaN
1.0	38.0	NaN	NaN
1.0	39.0	NaN	NaN
1.0	40.0	NaN	NaN
1.0	41.0	NaN	NaN
1.0	42.0	NaN	NaN
1.0	43.0	NaN	NaN
1.0	44.0	NaN	NaN
1.0	45.0	NaN	NaN
1.0	46.0	NaN	NaN
2.0	1.0	0.011525108225108221	0.18574334530033046
2.0	2.0	0.02132640692640693	0.18024462494449459
2.0	3.0	0.00039437229437229286	0.19483341181505695
2.0	4.0	0.011145021645021643	0.19282090171491187
2.0	5.0	-0.010177922077922081	0.18554975211636926
2.0	6.0	-0.016233333333333332	0.17724081055878815
2.0	7.0	-0.0143030303030303	0.18384137216962923
2.0	8.0	-0.018618614718614715	0.1824442093395976
2.0	9.0	-0.0029277056277056284	0.18910542450412912
2.0	10.0	-0.015292640692640691	0.1911840003480505
2.0	11.0	-0.026432034632034633	0.18095535244367927
2.0	12.0	-0.026847186147186144	0.18629498739634495
2.0	13.0	-0.016240692640692642	0.19196670790948397
2.0	14.0	-0.03566060606060606	0.161630857357331
2.0	15.0	-0.030391774891774893	0.18226585854987495
2.0	16.0	-0.019389610389610387	0.19708508684526096
2.0	17.0	-0.02546320346320347	0.16984370228343876
2.0	18.0	-0.04759004329004329	0.17771194189400227
2.0	19.0	-0.05200352422907489	0.17689233310024702
2.0	20.0	-0.06464905660377358	0.1657849879409892
2.0	21.0	-0.08726666666666669	0.17621167226725773
2.0	22.0	-0.11869398496240603	0.17286629171712475
2.0	23.0	-0.1486910891089109	0.16415203142149043
2.0	24.0	-0.2023794871794872	0.17741105644909214
2.0	25.0	-0.23558541666666663	0.15192993344439548
2.0	26.0	-0.27527352941176475	0.13777624439829644
2.0	27.0	-0.30069500000000005	0.1706438842644005
2.0	28.0	-0.44469999999999993	0.14690255892319173
2.0	29.0	-0.37521000000000004	0.20134596235225466
2.0	30.0	-0.4897666666666667	0.2026486877990249
2.0	31.0	-0.5428200000000001	0.08389840284534622
2.0	32.0	-0.474825	0.058529615010978274
3.0	1.0	0.015879220779220778	0.19587660956592634
3.0	2.0	-0.0011575757575757566	0.19970785232262372
3.0	3.0	1.1688311688314697e-5	0.19790487744106586
3.0	4.0	0.007073160173160172	0.20652057265237653
3.0	5.0	-0.017010822510822508	0.20394693601143157
3.0	6.0	-0.019749350649350645	0.18382860255994365
3.0	7.0	-0.022491341991341993	0.18031424866753892
3.0	8.0	-0.02366883116883117	0.19990558788527732
3.0	9.0	-0.03071601731601732	0.19786408588084034
3.0	10.0	-0.028381385281385278	0.19518997847088349
3.0	11.0	-0.015060173160173159	0.2035434590235565
3.0	12.0	-0.04774848484848485	0.18985807785278772
3.0	13.0	-0.04914545454545454	0.17995491938776698
3.0	14.0	-0.053425541125541126	0.19845350456781904
3.0	15.0	-0.04616926406926406	0.2030281832200396
3.0	16.0	-0.044029870129870134	0.19875040851908907
3.0	17.0	-0.05033782608695652	0.18413842928448768
3.0	18.0	-0.05179339207048458	0.19318364411712532
3.0	19.0	-0.07202081447963801	0.18859756318021564
3.0	20.0	-0.07917951219512195	0.18764156373505675
3.0	21.0	-0.11315027322404367	0.18342708132119653
3.0	22.0	-0.1406	0.1728066397555075
3.0	23.0	-0.17536355140186916	0.17417531256760607
3.0	24.0	-0.2423615384615384	0.19442087378631998
3.0	25.0	-0.2553740740740741	0.21549998221353092
3.0	26.0	-0.31277027027027027	0.16316498784438485
3.0	27.0	-0.33631200000000006	0.1890515412967233
3.0	28.0	-0.3666055555555556	0.2615801676063522
3.0	29.0	-0.3881333333333333	0.223565525612569
3.0	30.0	-0.48590000000000005	0.18530648743558406
3.0	31.0	-0.58765	0.17178907706836308
3.0	32.0	-0.59935	0.27921682733436154
3.0	33.0	-0.542	0.1917673590577917
3.0	34.0	NaN	NaN
3.0	35.0	NaN	NaN
3.0	36.0	NaN	NaN
3.0	37.0	NaN	NaN
3.0	38.0	NaN	NaN
3.0	39.0	NaN	NaN
3.0	40.0	NaN	NaN
3.0	41.0	NaN	NaN
4.0	1.0	0.007850649350649355	0.206889760578394
4.0	2.0	0.0031398268398268405	0.2157886233612509
4.0	3.0	0.004899567099567101	0.21054559487567276
4.0	4.0	0.004490909090909091	0.2009787028616529
4.0	5.0	-0.012732034632034633	0.19949938784850751
4.0	6.0	-0.023690476190476182	0.20412020264122313
4.0	7.0	-0.017425541125541122	0.20415709295952508
4.0	8.0	-0.022537229437229436	0.20287198597859513
4.0	9.0	-0.033096969696969694	0.19273327309002652
4.0	10.0	-0.025254978354978357	0.2001418745895987
4.0	11.0	-0.014887878787878788	0.2133481613218027
4.0	12.0	-0.03307402597402598	0.19362450083193683
4.0	13.0	-0.05364069264069264	0.1921840711569892
4.0	14.0	-0.04893333333333332	0.1996125106444912
4.0	15.0	-0.032299999999999995	0.19520824866748354
4.0	16.0	-0.04014329004329004	0.21321274869195964
4.0	17.0	-0.05267662337662338	0.1993911130740201
4.0	18.0	-0.06786096491228069	0.18031019457287006
4.0	19.0	-0.05941658986175114	0.18862569466131932
4.0	20.0	-0.10090307692307691	0.17883028004968482
4.0	21.0	-0.12153017751479292	0.15754055101734682
4.0	22.0	-0.13249503546099292	0.1958209150241403
4.0	23.0	-0.18175648148148144	0.16281590961846296
4.0	24.0	-0.2110632183908046	0.18246763339297503
4.0	25.0	-0.25518059701492535	0.17781380049963227
4.0	26.0	-0.3261093023255814	0.19718169746750921
4.0	27.0	-0.363525	0.1526165289456139
4.0	28.0	-0.3450684210526315	0.18349483508514342
4.0	29.0	-0.5058636363636363	0.14596651857687962
4.0	30.0	-0.5041571428571429	0.1914468582239195
4.0	31.0	-0.5202666666666667	0.20828403363356168
4.0	32.0	-0.46155999999999997	0.24328967918923314
4.0	33.0	-0.5880666666666666	0.47914967737997416
4.0	34.0	NaN	NaN
4.0	35.0	NaN	NaN
4.0	36.0	NaN	NaN
4.0	37.0	NaN	NaN
4.0	38.0	NaN	NaN
4.0	39.0	NaN	NaN
4.0	40.0	NaN	NaN
5.0	1.0	0.03288484848484848	0.2011351842285453
5.0	2.0	0.029595238095238098	0.2241417736977115
5.0	3.0	0.0076359307359307365	0.20310771196557464
5.0	4.0	0.010002164502164502	0.21308664607249558
5.0	5.0	0.0033186147186147178	0.21064391558676654
5.0	6.0	-0.008812121212121214	0.19782041511190426
5.0	7.0	-0.014077056277056278	0.1871897812660383
5.0	8.0	-0.008983549783549784	0.18734912698058598
5.0	9.0	0.01762857142857143	0.20619281490695707
5.0	10.0	-0.015458441558441558	0.19172560443462308
5.0	11.0	-0.010342857142857145	0.20808452866160662
5.0	12.0	-0.020756709956709956	0.2012483832730045
5.0	13.0	-0.0007848484848484863	0.2163117389824403
5.0	14.0	-0.008237662337662337	0.21628516182936605
5.0	15.0	-0.020518614718614717	0.19832344256132958
5.0	16.0	-0.02977229437229437	0.18230550926212205
5.0	17.0	-0.03696086956521739	0.1972992704757038
5.0	18.0	-0.03368237885462555	0.1996931585313516
5.0	19.0	-0.05838333333333333	0.19004621983722433
5.0	20.0	-0.07401212121212121	0.18177279356870776
5.0	21.0	-0.1088025	0.19120536226724505
5.0	22.0	-0.1204640625	0.191254278006551
5.0	23.0	-0.1859704081632653	0.19919891380131946
5.0	24.0	-0.21966190476190478	0.20545891468154845
5.0	25.0	-0.2753431818181819	0.19497480027718703
5.0	26.0	-0.30322941176470586	0.21285433421375963
5.0	27.0	-0.37913076923076916	0.1816124704291658
5.0	28.0	-0.38536190476190474	0.15124905446378986
5.0	29.0	-0.3897307692307692	0.13779518245458475
5.0	30.0	-0.40714999999999996	0.2854190184817948
5.0	31.0	-0.6604	0.08176285831598601
5.0	32.0	-0.56555	0.2683928774514455
5.0	33.0	-0.5127	0.13885229562380305
5.0	34.0	-0.56555	0.2250720884516781
5.0	35.0	NaN	NaN
5.0	36.0	NaN	NaN
5.0	37.0	NaN	NaN
5.0	38.0	NaN	NaN
6.0	1.0	0.03288268398268398	0.19930161969210228
6.0	2.0	0.037391774891774886	0.19839894475495465
6.0	3.0	0.015862770562770565	0.2024137742329981
6.0	4.0	0.024662770562770563	0.18848499605639052
6.0	5.0	-0.0019632034632034593	0.18708805294077832
6.0	6.0	0.006669264069264071	0.20004122044539255
6.0	7.0	-0.0010199134199134223	0.20346950191718477
6.0	8.0	0.007625108225108223	0.19995418360401743
6.0	9.0	-0.013926406926406927	0.18977456865538658
6.0	10.0	-0.003922510822510819	0.19875366185244314
6.0	11.0	-0.014114285714285713	0.1848295551236462
6.0	12.0	-0.0234991341991342	0.18451522807224197
6.0	13.0	-0.011349350649350652	0.17967006715695635
6.0	14.0	-0.034871861471861464	0.17879614827943957
6.0	15.0	-0.007858008658008656	0.18753055962769957
6.0	16.0	-0.02429264069264069	0.19442168511063082
6.0	17.0	-0.010831739130434784	0.19650391129483263
6.0	18.0	-0.04645263157894737	0.20599569783392063
6.0	19.0	-0.052463926940639255	0.17585098655561132
6.0	20.0	-0.06636751269035532	0.18313530199595343
6.0	21.0	-0.0917479768786127	0.16789161495108437
6.0	22.0	-0.11407045454545456	0.18175128746297312
6.0	23.0	-0.1921494623655913	0.167218439944034
6.0	24.0	-0.2322805970149254	0.160390762636232
6.0	25.0	-0.23715333333333335	0.22242930092299193
6.0	26.0	-0.3098925925925926	0.20890403009318365
6.0	27.0	-0.2821142857142857	0.1738826451538919
6.0	28.0	-0.39431428571428573	0.1770412983421702
6.0	29.0	-0.4624000000000001	0.1027236705925173
6.0	30.0	-0.4393142857142857	0.1642871919188207
6.0	31.0	-0.49694000000000005	0.17728690871014705
6.0	32.0	-0.7080666666666667	0.06745119223062952
6.0	33.0	-0.5724999999999999	0.05180222002964738
6.0	34.0	-0.6629666666666666	0.02718866185256882
6.0	35.0	NaN	NaN
7.0	1.0	0.044083116883116884	0.18768129373506803
7.0	2.0	0.027027705627705633	0.16902127808785525
7.0	3.0	0.03351861471861471	0.18090394989266625
7.0	4.0	0.028760173160173166	0.17039467502387398
7.0	5.0	0.022906060606060603	0.183071770809858
7.0	6.0	0.034854112554112554	0.18107280728304068
7.0	7.0	0.019962337662337657	0.18525725054563713
7.0	8.0	0.00958831168831169	0.17229871985243936
7.0	9.0	0.0002008658008657997	0.17647771900043063
7.0	10.0	0.008377056277056276	0.1752702480816444
7.0	11.0	0.02096796536796536	0.1839041343240941
7.0	12.0	0.01389480519480519	0.1843688688444544
7.0	13.0	-0.008801731601731606	0.18371375276094673
7.0	14.0	0.002531168831168832	0.18651004210735883
7.0	15.0	-0.0023515151515151526	0.18541236904672898
7.0	16.0	-0.0007952380952380957	0.1883859706393961
7.0	17.0	0.008810389610389607	0.17928868068570714
7.0	18.0	-0.021430434782608688	0.16101895663924184
7.0	19.0	-0.023460747663551405	0.17509097447909563
7.0	20.0	-0.05494659685863872	0.16939946428934058
7.0	21.0	-0.05817261146496816	0.18025211710107203
7.0	22.0	-0.11155084745762714	0.16808549399003464
7.0	23.0	-0.15527654320987652	0.1529672892088411
7.0	24.0	-0.18261272727272723	0.1709088798318777
7.0	25.0	-0.2142342105263158	0.15124850372512652
7.0	26.0	-0.255304	0.19063912784805395
7.0	27.0	-0.4224916666666667	0.1599798195133222
7.0	28.0	-0.3620666666666667	0.17644908236277873
7.0	29.0	-0.4438	0.09805531602111126
7.0	30.0	-0.43065	0.03203193718775061
7.0	31.0	-0.34	0.2884995667241114
7.0	32.0	-0.40800000000000003	0.2563969188582422
7.0	33.0	NaN	NaN
7.0	34.0	NaN	NaN
8.0	1.0	0.022680519480519475	0.19139520849867347
8.0	2.0	0.025646753246753248	0.19134511723999303
8.0	3.0	0.019166233766233765	0.1868724972974584
8.0	4.0	0.024089610389610393	0.19109456565277164
8.0	5.0	0.010757142857142856	0.18190052472274493
8.0	6.0	0.020928138528138532	0.19145316156790398
8.0	7.0	0.0158004329004329	0.2038342217497678
8.0	8.0	0.006835064935064937	0.1759901168911633
8.0	9.0	0.0005683982683982692	0.19730376623597828
8.0	10.0	0.005872294372294371	0.19570680424824477
8.0	11.0	-0.009242424242424245	0.17714295141449074
8.0	12.0	0.006237662337662337	0.1810104551669018
8.0	13.0	0.004472294372294376	0.19950862662708602
8.0	14.0	-0.01333722943722944	0.1882287096318782
8.0	15.0	0.0042870129870129885	0.1889119249698694
8.0	16.0	-0.010989177489177491	0.18724771993670428
8.0	17.0	-0.012618260869565214	0.19072406808117803
8.0	18.0	-0.030849115044247786	0.17985483485699125
8.0	19.0	-0.036330985915492955	0.16771020850068769
8.0	20.0	-0.05811105263157894	0.17090372126049522
8.0	21.0	-0.08741296296296296	0.16648435441716583
8.0	22.0	-0.10522142857142856	0.15214570784988599
8.0	23.0	-0.160678125	0.1621455435894587
8.0	24.0	-0.2182450980392157	0.16341600694390437
8.0	25.0	-0.2573761904761905	0.14434523285702303
8.0	26.0	-0.27464999999999995	0.13321497663551196
8.0	27.0	-0.37858421052631575	0.10039187253047649
8.0	28.0	-0.3771999999999999	0.14996820875226735
8.0	29.0	-0.33965	0.1957824583562072
8.0	30.0	-0.430125	0.02572124608179007
8.0	31.0	-0.48276666666666673	0.10467403371100846
8.0	32.0	NaN	NaN
8.0	33.0	NaN	NaN
9.0	1.0	0.05384415584415584	0.21306653593991823
9.0	2.0	0.03504935064935064	0.18572170575543115
9.0	3.0	0.01703030303030303	0.1911081538528333
9.0	4.0	0.022108658008658005	0.1860478604002088
9.0	5.0	0.007206060606060605	0.1826053688852495
9.0	6.0	0.024455844155844158	0.18861632749660365
9.0	7.0	0.02874891774891775	0.1963048483003284
9.0	8.0	0.013319480519480521	0.19041330359005065
9.0	9.0	0.034268398268398274	0.21299476804461615
9.0	10.0	0.002132467532467534	0.1865423011415619
9.0	11.0	-0.004106493506493506	0.1898354140720638
9.0	12.0	0.010933333333333335	0.1881407920233898
9.0	13.0	0.02135324675324675	0.21598827499441942
9.0	14.0	0.002324675324675324	0.20213597994538499
9.0	15.0	-0.0029683982683982673	0.19929622151468906
9.0	16.0	-0.015294372294372294	0.1850314413080627
9.0	17.0	-0.00612751091703057	0.18198969048158828
9.0	18.0	-0.03005336322869956	0.17057860747681058
9.0	19.0	-0.043306161137440756	0.18129490526803377
9.0	20.0	-0.06429567567567568	0.18530661249230287
9.0	21.0	-0.08328807947019867	0.1862812930050152
9.0	22.0	-0.14701810344827584	0.148449386250368
9.0	23.0	-0.16817528089887637	0.15201381163393352
9.0	24.0	-0.18499850746268656	0.133323540730398
9.0	25.0	-0.22516444444444444	0.17315570391407784
9.0	26.0	-0.27729677419354837	0.13052578412934607
9.0	27.0	-0.3123761904761905	0.15137290016631744
9.0	28.0	-0.3716285714285714	0.1365553504490532
9.0	29.0	-0.3267222222222222	0.12552213726846928
9.0	30.0	-0.3955	0.1745291570674272
9.0	31.0	NaN	NaN
10.0	1.0	0.05384242424242424	0.20527257027036475
10.0	2.0	0.03738701298701299	0.19476378090482666
10.0	3.0	0.023332034632034634	0.19301333185474093
10.0	4.0	0.029372727272727273	0.20421375116776025
10.0	5.0	0.023687878787878786	0.18931773115769768
10.0	6.0	0.02092467532467533	0.19756920426887786
10.0	7.0	0.027618181818181816	0.2020354396767446
10.0	8.0	0.030357575757575757	0.196907028207669
10.0	9.0	0.027433333333333337	0.18371936388597326
10.0	10.0	0.02662597402597402	0.18677270054866907
10.0	11.0	0.005294372294372296	0.1856470763793258
10.0	12.0	-0.003128138528138528	0.1872134344294439
10.0	13.0	0.009203463203463203	0.19248479891680026
10.0	14.0	-0.009798268398268395	0.1861616074381209
10.0	15.0	-0.0007857142857142855	0.1786573232276168
10.0	16.0	-0.004303896103896101	0.199822677114241
10.0	17.0	-0.01467456140350877	0.16957730804235124
10.0	18.0	-0.01732837837837838	0.19163027669624574
10.0	19.0	-0.030183823529411773	0.1829132246902596
10.0	20.0	-0.06295652173913044	0.1743024648329793
10.0	21.0	-0.09676026490066225	0.16477637333852213
10.0	22.0	-0.11874732142857147	0.19283554303972927
10.0	23.0	-0.15735666666666667	0.17608696909593638
10.0	24.0	-0.21840468749999997	0.14588276814336448
10.0	25.0	-0.2326571428571429	0.12505873964809233
10.0	26.0	-0.3016625	0.11543148094639633
10.0	27.0	-0.3115058823529412	0.1625686488479107
10.0	28.0	-0.4650636363636364	0.15461408262333204
10.0	29.0	-0.418625	0.08970554609387317
10.0	30.0	-0.47969999999999996	0.05223657722324463
10.0	31.0	-0.5127666666666667	0.17106473433566996
10.0	32.0	-0.49854999999999994	0.19226233380462224
10.0	33.0	NaN	NaN
11.0	1.0	0.05323419913419914	0.1844675491648851
11.0	2.0	0.04244718614718615	0.17655281012713148
11.0	3.0	0.04658441558441559	0.18373762962082296
11.0	4.0	0.03619047619047619	0.17899154678907653
11.0	5.0	0.027202597402597405	0.17599705479800504
11.0	6.0	0.02642121212121212	0.1989221572249962
11.0	7.0	0.020145021645021643	0.1950010574305208
11.0	8.0	0.027392640692640694	0.1835910400566525
11.0	9.0	0.02115021645021645	0.1889882080228607
11.0	10.0	0.03228354978354978	0.19975565375346624
11.0	11.0	0.020954112554112555	0.16993906214201907
11.0	12.0	0.014475757575757574	0.17794198351346482
11.0	13.0	0.023670562770562762	0.18436054514983077
11.0	14.0	0.025265367965367963	0.18702497813816582
11.0	15.0	-0.0015961038961038977	0.19836706233530046
11.0	16.0	0.018611688311688315	0.16764018894568777
11.0	17.0	-0.008380616740088106	0.1811104407440957
11.0	18.0	-0.008086301369863009	0.1888688040217009
11.0	19.0	-0.024909569377990427	0.1805448969420983
11.0	20.0	-0.04841081081081082	0.1683936110784979
11.0	21.0	-0.0785921052631579	0.15494140594111283
11.0	22.0	-0.10704107142857143	0.14555304506801442
11.0	23.0	-0.16782025316455698	0.1412872273427131
11.0	24.0	-0.21202941176470588	0.15270878860644221
11.0	25.0	-0.2590758620689655	0.16263144498082688
11.0	26.0	-0.22399	0.17014179195136347
11.0	27.0	-0.2716	0.15300110643857637
11.0	28.0	-0.311075	0.14198876967663926
11.0	29.0	-0.42005714285714285	0.07671644450274566
11.0	30.0	-0.5645	0.15966471119192244
11.0	31.0	NaN	NaN
12.0	1.0	0.020749783549783553	0.16743328947334812
12.0	2.0	0.015846753246753244	0.18396959029267917
12.0	3.0	0.026061038961038962	0.19160091028819176
12.0	4.0	0.01332900432900433	0.19489196489639646
12.0	5.0	0.012948484848484848	0.175454876609216
12.0	6.0	0.018406493506493503	0.20652697876464238
12.0	7.0	-0.0019575757575757565	0.18233840402850604
12.0	8.0	-0.0064432900432900425	0.1897581033052294
12.0	9.0	0.007234199134199135	0.19495172155787072
12.0	10.0	-0.012143722943722943	0.18460988089338756
12.0	11.0	0.0007913419913419929	0.18018484184043007
12.0	12.0	-0.016644155844155843	0.18055348948032945
12.0	13.0	-0.014874891774891775	0.18948015812574626
12.0	14.0	-0.02210692640692641	0.17534242683237983
12.0	15.0	-0.018416017316017313	0.1819645028777523
12.0	16.0	-0.03875974025974026	0.1723365281573339
12.0	17.0	-0.029234061135371178	0.18166607493453216
12.0	18.0	-0.028496475770925116	0.17229256062785137
12.0	19.0	-0.030496698113207547	0.192578475020389
12.0	20.0	-0.07028652849740932	0.17388227077079113
12.0	21.0	-0.08605426829268292	0.17490459111738563
12.0	22.0	-0.11823464566929134	0.16788501137421255
12.0	23.0	-0.14498823529411764	0.17129158412167944
12.0	24.0	-0.19531515151515152	0.17712589893799288
12.0	25.0	-0.24196976744186047	0.12990511470352162
12.0	26.0	-0.31357241379310347	0.10539179927622358
12.0	27.0	-0.28572105263157893	0.14236031976388241
12.0	28.0	-0.32996	0.18462585108507662
12.0	29.0	-0.4975	0.1513773298747207
12.0	30.0	-0.4162800000000001	0.1904642669899002
12.0	31.0	-0.5127	0.24963006629811246
12.0	32.0	NaN	NaN
12.0	33.0	NaN	NaN
12.0	34.0	NaN	NaN
13.0	1.0	0.048330303030303036	0.18767430237884472
13.0	2.0	0.02347229437229437	0.1859744744369621
13.0	3.0	0.011509956709956713	0.17437406976033085
13.0	4.0	0.01662077922077922	0.19478641301893074
13.0	5.0	0.011323809523809526	0.20146865285402524
13.0	6.0	0.0011683982683982704	0.18328745562174426
13.0	7.0	0.008958008658008654	0.187793242026437
13.0	8.0	0.006043722943722944	0.1857930888450945
13.0	9.0	0.004291774891774893	0.18589678101818496
13.0	10.0	-0.004526406926406928	0.19516443400282335
13.0	11.0	-0.02684069264069264	0.18603760416377232
13.0	12.0	-0.00453160173160173	0.18516968245729737
13.0	13.0	-0.018819913419913417	0.1737921293109307
13.0	14.0	0.005043722943722947	0.2037089559449127
13.0	15.0	-0.020983116883116878	0.18095470636929928
13.0	16.0	-0.04229956709956711	0.17012529691961065
13.0	17.0	-0.021343722943722946	0.18735964472451588
13.0	18.0	-0.02582280701754386	0.20253651763409447
13.0	19.0	-0.044628773584905655	0.17253174520014083
13.0	20.0	-0.07370000000000002	0.16554322507557068
13.0	21.0	-0.08215276073619632	0.17287195550924545
13.0	22.0	-0.11013023255813952	0.1617762911422027
13.0	23.0	-0.1372384615384616	0.16460728873374195
13.0	24.0	-0.21141639344262297	0.15865867996039787
13.0	25.0	-0.2222478260869565	0.18499890779152717
13.0	26.0	-0.31522068965517247	0.13566557985226116
13.0	27.0	-0.29915555555555556	0.12634627126052397
13.0	28.0	-0.3690384615384615	0.12391403295875153
13.0	29.0	-0.33198333333333335	0.16115332347384792
13.0	30.0	-0.46182	0.049224049000463184
13.0	31.0	-0.58915	0.19226233380462224
13.0	32.0	NaN	NaN
13.0	33.0	NaN	NaN
14.0	1.0	0.05664242424242423	0.1901905735816444
14.0	2.0	0.02802467532467532	0.1765405388763214
14.0	3.0	0.04897489177489177	0.18168467086605194
14.0	4.0	0.02980909090909091	0.18081408817405087
14.0	5.0	0.013770129870129868	0.1796417578052897
14.0	6.0	0.02802727272727273	0.19853808218840882
14.0	7.0	0.03624415584415584	0.19575983299874708
14.0	8.0	0.01978225108225108	0.20092700077423142
14.0	9.0	0.03956666666666666	0.21955668727582914
14.0	10.0	0.010228138528138529	0.18586942526477826
14.0	11.0	0.01548658008658009	0.1938732782941327
14.0	12.0	0.028622510822510817	0.18672737046925933
14.0	13.0	0.007266233766233763	0.19853868899737723
14.0	14.0	0.013178354978354978	0.20252733633818096
14.0	15.0	0.014396956521739132	0.17793481471493997
14.0	16.0	0.009480434782608698	0.19110418935120982
14.0	17.0	-0.0078646288209607	0.19165829222925476
14.0	18.0	-0.014988789237668162	0.18611538489704257
14.0	19.0	-0.04457815533980584	0.17492951293619047
14.0	20.0	-0.059415168539325845	0.18469992657269826
14.0	21.0	-0.08564859154929579	0.19003531763426715
14.0	22.0	-0.1310601851851852	0.16134149534323633
14.0	23.0	-0.1565026315789474	0.15896634358562337
14.0	24.0	-0.180168253968254	0.13978613483483793
14.0	25.0	-0.27384166666666665	0.18249454688526215
14.0	26.0	-0.30283	0.1487456822902769
14.0	27.0	-0.34175625	0.14564474115119982
14.0	28.0	-0.4143333333333333	0.1946118670273701
14.0	29.0	-0.47451250000000006	0.10226480245631227
14.0	30.0	-0.43688333333333335	0.0978697586932075
14.0	31.0	-0.406625	0.19164398199091287
14.0	32.0	-0.6107	0.09715647173503161
14.0	33.0	NaN	NaN
14.0	34.0	NaN	NaN
14.0	35.0	NaN	NaN
15.0	1.0	0.053852813852813854	0.17856219736832413
15.0	2.0	0.04487489177489178	0.1881144967528425
15.0	3.0	0.057364935064935056	0.20507221512744814
15.0	4.0	0.05366580086580087	0.20108525879237132
15.0	5.0	0.028394805194805195	0.1809379914653232
15.0	6.0	0.047008658008658	0.19678428603183945
15.0	7.0	0.035252813852813855	0.18729920420071655
15.0	8.0	0.018816017316017314	0.1864261228049043
15.0	9.0	0.007635064935064936	0.18206328696570495
15.0	10.0	0.02272770562770563	0.17932723286342236
15.0	11.0	0.01585411255411255	0.17924112461919137
15.0	12.0	0.001767532467532468	0.17704594990018474
15.0	13.0	0.016664502164502167	0.19810263050420573
15.0	14.0	-0.002148051948051947	0.17278697334935894
15.0	15.0	0.022535497835497836	0.1861149489232014
15.0	16.0	0.00391168831168831	0.18249147685209563
15.0	17.0	-0.001790829694323143	0.18938119766643083
15.0	18.0	-0.009004977375565612	0.17986004792268206
15.0	19.0	-0.02348578431372549	0.17618752812799982
15.0	20.0	-0.05050166666666666	0.1719944293871853
15.0	21.0	-0.09987181208053691	0.17538797228343275
15.0	22.0	-0.11415688073394498	0.17404162622933186
15.0	23.0	-0.17515	0.1642925817028797
15.0	24.0	-0.18836545454545453	0.1592656425461025
15.0	25.0	-0.23615	0.1755603298828395
15.0	26.0	-0.34887619047619045	0.1388606780365194
15.0	27.0	-0.2617642857142857	0.08556480771135595
15.0	28.0	-0.33029	0.2855470867961671
15.0	29.0	-0.40734999999999993	0.1960896810135607
15.0	30.0	-0.3957	0.04307102661109127
15.0	31.0	-0.5882999999999999	0.13650043955973182
15.0	32.0	NaN	NaN
15.0	33.0	NaN	NaN
15.0	34.0	NaN	NaN
16.0	1.0	0.026039393939393942	0.2011971722888331
16.0	2.0	0.03701645021645021	0.1930496173829207
16.0	3.0	0.02328701298701299	0.2124232675890588
16.0	4.0	0.03447575757575757	0.1957688670927866
16.0	5.0	0.03076017316017315	0.20488399277123365
16.0	6.0	0.02135238095238095	0.18812712487536623
16.0	7.0	0.00197056277056277	0.19619317299458183
16.0	8.0	0.00410952380952381	0.18541680753803938
16.0	9.0	0.0031021645021645	0.1884986634587347
16.0	10.0	0.001392207792207796	0.1872379930088283
16.0	11.0	0.009193506493506493	0.19722560090744615
16.0	12.0	0.020754978354978353	0.19833474570922513
16.0	13.0	0.004721212121212119	0.19284120890628492
16.0	14.0	-0.008216883116883119	0.18022810841138834
16.0	15.0	-0.009192207792207793	0.17490059519592
16.0	16.0	-0.02258913043478261	0.2039060784608975
16.0	17.0	-0.014689035087719297	0.19335231637941425
16.0	18.0	-0.030068807339449548	0.18969490818954804
16.0	19.0	-0.052965365853658526	0.17391989315708642
16.0	20.0	-0.07670217391304349	0.16189566732644026
16.0	21.0	-0.09722364864864866	0.16743904012513142
16.0	22.0	-0.13230083333333334	0.18593672525248756
16.0	23.0	-0.16531785714285713	0.13910918062842537
16.0	24.0	-0.19500937500000004	0.15562631955837583
16.0	25.0	-0.24000816326530605	0.17421319414816466
16.0	26.0	-0.2873029411764706	0.16474026661879843
16.0	27.0	-0.30978999999999995	0.15817954122818126
16.0	28.0	-0.35741	0.18152361003461784
16.0	29.0	-0.4845571428571428	0.15169729570367932
16.0	30.0	-0.56515	0.09349925133390105
16.0	31.0	-0.452175	0.09753684346611458
16.0	32.0	-0.47475	0.03245620125646253
16.0	33.0	-0.6556	0.16051323932934627
16.0	34.0	NaN	NaN
17.0	1.0	0.057954978354978356	0.20491477732032568
17.0	2.0	0.0650038961038961	0.21105061773333889
17.0	3.0	0.05086406926406927	0.1925458722506416
17.0	4.0	0.03737878787878787	0.19441388689508474
17.0	5.0	0.038156277056277055	0.19977963259985138
17.0	6.0	0.03504242424242424	0.2023251838463154
17.0	7.0	0.030720346320346325	0.19192295866437717
17.0	8.0	0.016645454545454543	0.19699254778144
17.0	9.0	0.012318181818181817	0.19651672927609876
17.0	10.0	0.017592207792207794	0.20858173047235845
17.0	11.0	0.024843290043290046	0.1843248192387271
17.0	12.0	0.0076069264069264075	0.19166394513538476
17.0	13.0	0.025839393939393947	0.20993488671195534
17.0	14.0	0.002514285714285716	0.20927972567269804
17.0	15.0	0.017985281385281382	0.18367188431212955
17.0	16.0	-0.008222077922077926	0.1867469275389255
17.0	17.0	0.0013848888888888914	0.18345743385998856
17.0	18.0	-0.013914479638009052	0.19541036928922353
17.0	19.0	-0.020087317073170727	0.21402636940138747
17.0	20.0	-0.04961954022988504	0.18039498656189423
17.0	21.0	-0.0958251851851852	0.16539060537420963
17.0	22.0	-0.11076448598130842	0.1875263801579869
17.0	23.0	-0.1425225	0.19127667082997205
17.0	24.0	-0.18334035087719294	0.21270583632570486
17.0	25.0	-0.2572028571428572	0.17791581367686943
17.0	26.0	-0.33739583333333334	0.15322379052185092
17.0	27.0	-0.28567499999999996	0.20308216235471463
17.0	28.0	-0.3792923076923077	0.18158516579252126
17.0	29.0	-0.4447666666666666	0.18671240630088473
17.0	30.0	-0.6153000000000001	0.06940270167651974
17.0	31.0	-0.53392	0.11349762993120163
17.0	32.0	-0.52488	0.14583769060157253
17.0	33.0	NaN	NaN
17.0	34.0	NaN	NaN
17.0	35.0	NaN	NaN
17.0	36.0	NaN	NaN
17.0	37.0	NaN	NaN
17.0	38.0	NaN	NaN
18.0	1.0	0.049243749999999996	0.1877359572560914
18.0	2.0	0.04538973214285714	0.1961327029301139
18.0	3.0	0.033085267857142844	0.17555147062980322
18.0	4.0	0.04197276785714286	0.18462241510963526
18.0	5.0	0.052865178571428584	0.19273753463549093
18.0	6.0	0.010689285714285717	0.18395773269509924
18.0	7.0	0.019736607142857153	0.18925532567186412
18.0	8.0	0.020120089285714286	0.18054828304198584
18.0	9.0	0.011883482142857144	0.17927554772732507
18.0	10.0	0.032678124999999995	0.1993460706586703
18.0	11.0	0.033912053571428576	0.19127078728678493
18.0	12.0	0.013871428571428571	0.1961191476548728
18.0	13.0	0.017945089285714286	0.19971243782826942
18.0	14.0	-0.001039285714285715	0.18392343106454592
18.0	15.0	-0.0026424107142857165	0.18051304745333188
18.0	16.0	0.00803080357142857	0.1805712728054495
18.0	17.0	-0.005752941176470587	0.17903297703582477
18.0	18.0	0.003511981566820276	0.1939101188892145
18.0	19.0	-0.020596499999999997	0.18364839832896437
18.0	20.0	-0.059808928571428575	0.17451756764523518
18.0	21.0	-0.07521517241379314	0.1726216870834385
18.0	22.0	-0.08974504504504502	0.1629658791608838
18.0	23.0	-0.12945555555555555	0.19935728976585132
18.0	24.0	-0.20056470588235292	0.15292015671392625
18.0	25.0	-0.217790625	0.15564734199646493
18.0	26.0	-0.2785115384615385	0.12908371028731108
18.0	27.0	-0.2813	0.12718406407190389
18.0	28.0	-0.3103714285714286	0.13179769489999582
18.0	29.0	-0.48885999999999996	0.09821253993253609
18.0	30.0	-0.39595	0.11900858512449147
18.0	31.0	NaN	NaN
19.0	1.0	0.09766394230769232	0.18742748213832366
19.0	2.0	0.08198173076923077	0.2090730081966829
19.0	3.0	0.07263028846153846	0.18292541231190818
19.0	4.0	0.06327019230769232	0.19857981219782445
19.0	5.0	0.07070673076923077	0.18709477242168304
19.0	6.0	0.060237500000000006	0.1861582077081251
19.0	7.0	0.06742403846153842	0.18342673457157957
19.0	8.0	0.07068653846153847	0.1807874290538529
19.0	9.0	0.04785240384615386	0.1895127349524814
19.0	10.0	0.0391543269230769	0.18679464008832894
19.0	11.0	0.04370144230769231	0.18298944571828862
19.0	12.0	0.03392451923076924	0.18802503796874873
19.0	13.0	0.02895288461538462	0.1866544734406516
19.0	14.0	0.03217307692307692	0.18811711802199782
19.0	15.0	0.024119711538461534	0.17964999128314016
19.0	16.0	0.023037500000000002	0.20715776045659334
19.0	17.0	0.019293627450980386	0.17420095187474555
19.0	18.0	0.013760824742268044	0.19064765512728946
19.0	19.0	-0.012072777777777776	0.19075650565666535
19.0	20.0	-0.042257236842105264	0.17470481996632695
19.0	21.0	-0.06614166666666668	0.18229977372448933
19.0	22.0	-0.12877222222222223	0.15748967703458208
19.0	23.0	-0.15519411764705882	0.18019130879347617
19.0	24.0	-0.1595941176470588	0.18131605244280025
19.0	25.0	-0.28776363636363633	0.13928320086532348
19.0	26.0	-0.38160625	0.1421344455964141
19.0	27.0	-0.37070000000000003	0.17679115111088312
19.0	28.0	-0.37992	0.22290086810059762
19.0	29.0	-0.554025	0.21327754023025175
19.0	30.0	-0.4673	0.09377185078689658
19.0	31.0	NaN	NaN
19.0	32.0	NaN	NaN
19.0	33.0	NaN	NaN
19.0	34.0	NaN	NaN
19.0	35.0	NaN	NaN
19.0	36.0	NaN	NaN
19.0	37.0	NaN	NaN
19.0	38.0	NaN	NaN
20.0	1.0	0.0951901098901099	0.17780423529683037
20.0	2.0	0.04476538461538461	0.17347170979448642
20.0	3.0	0.04870714285714285	0.17476577254303863
20.0	4.0	0.07158736263736265	0.19642872578763232
20.0	5.0	0.05695604395604394	0.17955087351148807
20.0	6.0	0.04252142857142858	0.19038884354978408
20.0	7.0	0.042996703296703305	0.1684313512965117
20.0	8.0	0.026873076923076923	0.1785627642115117
20.0	9.0	0.03803736263736264	0.18365143458478644
20.0	10.0	0.032803846153846156	0.1589226568778136
20.0	11.0	0.015915384615384616	0.17139327715115807
20.0	12.0	0.022378021978021977	0.17637656338352592
20.0	13.0	0.04849505494505495	0.17740213433955354
20.0	14.0	0.0199	0.16374850410518282
20.0	15.0	0.017891758241758236	0.16627870728158203
20.0	16.0	0.019882967032967033	0.1820749122920994
20.0	17.0	0.030739226519337016	0.19086660774669764
20.0	18.0	0.0025750000000000035	0.1736398675419905
20.0	19.0	-0.015035256410256412	0.17806085324585946
20.0	20.0	-0.02535909090909091	0.16883436526318843
20.0	21.0	-0.07418200000000001	0.16143926110541582
20.0	22.0	-0.14473142857142857	0.14146362828785491
20.0	23.0	-0.13206122448979593	0.1942570009638504
20.0	24.0	-0.18335555555555555	0.15913935392684603
20.0	25.0	-0.2626076923076923	0.12585844722727807
20.0	26.0	-0.31663846153846154	0.16803814318214352
20.0	27.0	-0.25626666666666664	0.11967877840285636
20.0	28.0	-0.36169999999999997	0.14291799047005943
20.0	29.0	-0.3161	0.07785582829820772
20.0	30.0	-0.4516	0.1269963779011039
21.0	1.0	0.06317884615384614	0.2324792011535282
21.0	2.0	0.05824102564102564	0.20272653020257003
21.0	3.0	0.04140961538461537	0.20465524552244227
21.0	4.0	0.030998717948717947	0.2344104272114244
21.0	5.0	0.008934615384615386	0.19391936290678585
21.0	6.0	0.019965384615384614	0.20072585337569124
21.0	7.0	0.017648076923076926	0.18769715637805212
21.0	8.0	0.026651282051282053	0.18660761575136814
21.0	9.0	0.01212948717948718	0.1918532077356149
21.0	10.0	0.027210256410256407	0.21304011773629658
21.0	11.0	-0.006162820512820508	0.19847335507136393
21.0	12.0	0.014441025641025642	0.19041998975839286
21.0	13.0	0.01704615384615385	0.2103307985622204
21.0	14.0	-0.0014852564102564112	0.182693851373305
21.0	15.0	-0.006126923076923077	0.19542422187712025
21.0	16.0	-0.009958709677419353	0.1890229559985457
21.0	17.0	-0.012532236842105257	0.1812070513086343
21.0	18.0	0.006950335570469799	0.20111365975089843
21.0	19.0	-0.038334306569343064	0.16767783949742127
21.0	20.0	-0.0628063063063063	0.19353072825277848
21.0	21.0	-0.09099569892473117	0.1628874677659786
21.0	22.0	-0.1382847222222222	0.16595752948958944
21.0	23.0	-0.15452264150943396	0.16802593050972067
21.0	24.0	-0.23153488372093023	0.13827302509324998
21.0	25.0	-0.2892821428571429	0.17775328731360682
21.0	26.0	-0.28729	0.19315147014986098
21.0	27.0	-0.3408933333333333	0.15927416823410712
21.0	28.0	-0.3569	0.15568090762839226
21.0	29.0	-0.4523875	0.15282611442420432
21.0	30.0	-0.38	0.10420642974404215
21.0	31.0	-0.565	0.03153696244092008
21.0	32.0	-0.6779999999999999	0.06434671708797587
21.0	33.0	-0.67805	0.12833988078535838
21.0	34.0	NaN	NaN
22.0	1.0	0.05760636363636364	0.22114336015116784
22.0	2.0	0.06826	0.2047177390878663
22.0	3.0	0.03905181818181819	0.19586115927426812
22.0	4.0	0.012721818181818178	0.18972091641435915
22.0	5.0	0.02549545454545454	0.18033486150139488
22.0	6.0	0.006157272727272726	0.18940156188339602
22.0	7.0	0.018500909090909096	0.2168331280316963
22.0	8.0	0.00902090909090909	0.19624620003120802
22.0	9.0	0.005315454545454547	0.2127440384728907
22.0	10.0	0.012689090909090909	0.1876436449618766
22.0	11.0	0.005319090909090905	0.1862475261804577
22.0	12.0	0.020143636363636353	0.20516771502701842
22.0	13.0	-0.008196363636363639	0.1645340019109141
22.0	14.0	-0.010277272727272723	0.193569697121915
22.0	15.0	0.008621818181818177	0.19500588623523304
22.0	16.0	0.013968181818181824	0.19960809627262446
22.0	17.0	-0.01991467889908257	0.18438967032693443
22.0	18.0	-0.017525471698113207	0.19428030170536528
22.0	19.0	-0.016023232323232325	0.20130527575448273
22.0	20.0	-0.04876516853932584	0.17323904340346108
22.0	21.0	-0.11281126760563379	0.14802597798002096
22.0	22.0	-0.101775	0.17708110900563806
22.0	23.0	-0.20079268292682928	0.15095101422356177
22.0	24.0	-0.198775	0.15831055654887585
22.0	25.0	-0.23744499999999996	0.14967287302999374
22.0	26.0	-0.2879	0.1799481036299077
22.0	27.0	-0.37885	0.17395635741677937
22.0	28.0	-0.3244	0.15553980840929438
22.0	29.0	-0.47043999999999997	0.13769492728492216
22.0	30.0	-0.5276333333333333	0.10369287985842293
22.0	31.0	NaN	NaN
22.0	32.0	NaN	NaN
22.0	33.0	NaN	NaN
22.0	34.0	NaN	NaN
22.0	35.0	NaN	NaN
23.0	1.0	0.07182999999999999	0.1745258947817403
23.0	2.0	0.035050000000000005	0.17783854859700302
23.0	3.0	0.04184125	0.21285808233094552
23.0	4.0	0.03954500000000001	0.18903712708809753
23.0	5.0	0.04520625000000001	0.1971610415106315
23.0	6.0	0.031062499999999986	0.16303526167867158
23.0	7.0	0.06559749999999999	0.1915869158444407
23.0	8.0	0.0356425	0.17506404526069305
23.0	9.0	0.04581875	0.21911930285689957
23.0	10.0	0.019748750000000002	0.16482369252832213
23.0	11.0	0.04128749999999999	0.19693681912696798
23.0	12.0	0.024865000000000005	0.2084278122917114
23.0	13.0	0.0469075	0.18720748374024587
23.0	14.0	0.03108375	0.1946609512334885
23.0	15.0	0.02652875	0.19041763240990822
23.0	16.0	0.0011162500000000005	0.17665111753830384
23.0	17.0	0.010747499999999998	0.16924392551221684
23.0	18.0	-0.010872000000000001	0.1884676469188681
23.0	19.0	0.0019478260869565244	0.16834645701883016
23.0	20.0	-0.05433636363636364	0.17601202438263336
23.0	21.0	-0.09252173913043481	0.16060113450968241
23.0	22.0	-0.13285483870967743	0.15246746940185782
23.0	23.0	-0.12489600000000001	0.23929165342736047
23.0	24.0	-0.1643578947368421	0.18062409189557027
23.0	25.0	-0.27996363636363636	0.18231216236294973
23.0	26.0	-0.2975714285714286	0.11954319601836698
23.0	27.0	-0.42300000000000004	0.13845938032506142
23.0	28.0	-0.37766666666666665	0.05227928206597075
23.0	29.0	-0.43065	0.03203193718775061
23.0	30.0	NaN	NaN
23.0	31.0	NaN	NaN
23.0	32.0	NaN	NaN
24.0	1.0	0.09739827586206895	0.2069220511693548
24.0	2.0	0.06550862068965517	0.18262186057388538
24.0	3.0	0.09511034482758622	0.1930669829129442
24.0	4.0	0.05844137931034483	0.1975856163833109
24.0	5.0	0.10136551724137932	0.23865028186803525
24.0	6.0	0.05929310344827586	0.1842042172042043
24.0	7.0	0.06473448275862069	0.19092553664836093
24.0	8.0	0.06787586206896551	0.18823687886552218
24.0	9.0	0.031167241379310345	0.20036091066393433
24.0	10.0	0.06551896551724137	0.18283419145177235
24.0	11.0	0.09200862068965515	0.20101250575086008
24.0	12.0	0.0420948275862069	0.18014962730572273
24.0	13.0	0.028013793103448276	0.19776495303394342
24.0	14.0	0.00621896551724138	0.15844088549172622
24.0	15.0	0.02176724137931034	0.19084506105503127
24.0	16.0	-0.007051724137931035	0.1707782898825867
24.0	17.0	0.024901724137931028	0.19606294504068797
24.0	18.0	-0.006661818181818183	0.15850054269203634
24.0	19.0	-0.023131111111111106	0.17387311573022834
24.0	20.0	-0.048615000000000005	0.1836910527112136
24.0	21.0	-0.06865161290322581	0.14490762085082054
24.0	22.0	-0.14255500000000002	0.14775735968846107
24.0	23.0	-0.15518571428571426	0.17900325247213916
24.0	24.0	-0.29665555555555556	0.1435795346760038
24.0	25.0	-0.21995714285714282	0.17624710737241295
24.0	26.0	-0.328325	0.09348691084852466
24.0	27.0	-0.2266	0.1923330444827409
24.0	28.0	-0.06795	0.09609581156325181
24.0	29.0	NaN	NaN
24.0	30.0	NaN	NaN
24.0	31.0	NaN	NaN
25.0	1.0	0.13450714285714288	0.21802018746633794
25.0	2.0	0.08714761904761904	0.1873093153805735
25.0	3.0	0.08715476190476187	0.17257860874477865
25.0	4.0	0.08288571428571428	0.1996140649175102
25.0	5.0	0.10541190476190478	0.22971951423567313
25.0	6.0	0.05913571428571429	0.19610306625807464
25.0	7.0	0.06674285714285713	0.164529615012094
25.0	8.0	0.05920952380952382	0.19389963812029753
25.0	9.0	0.021507142857142853	0.16930423963235916
25.0	10.0	0.07640238095238094	0.1864880581910041
25.0	11.0	0.043045238095238095	0.1764187745143964
25.0	12.0	0.10118333333333335	0.20997882578113147
25.0	13.0	0.06352142857142858	0.16950362905060187
25.0	14.0	0.06132619047619047	0.1750053756101527
25.0	15.0	0.01395952380952381	0.14246362147464225
25.0	16.0	0.026399999999999996	0.15835373377347312
25.0	17.0	0.029724390243902436	0.14745357198197642
25.0	18.0	0.0059052631578947416	0.16958580375849674
25.0	19.0	-0.04814375	0.13002697471381008
25.0	20.0	-0.07546666666666668	0.11972765569600674
25.0	21.0	-0.06379090909090909	0.162074573985149
25.0	22.0	-0.05380625000000001	0.2206146669912648
25.0	23.0	-0.14952	0.1351768948041376
25.0	24.0	-0.2523142857142857	0.08602824010310856
25.0	25.0	-0.2265	0.14338416927959655
25.0	26.0	-0.33914999999999995	0.09595439020701449
25.0	27.0	NaN	NaN
25.0	28.0	NaN	NaN
25.0	29.0	NaN	NaN
26.0	1.0	0.019673913043478267	0.1761812476281465
26.0	2.0	0.061039130434782596	0.19322633628875002
26.0	3.0	0.021699999999999997	0.16926273552192056
26.0	4.0	0.03157826086956522	0.19322034279434766
26.0	5.0	0.12194782608695653	0.23159297930473005
26.0	6.0	0.017808695652173915	0.2063627298825662
26.0	7.0	0.0020565217391304495	0.241573167583742
26.0	8.0	0.005960869565217384	0.1896773498221997
26.0	9.0	-0.01960869565217391	0.16523813370417714
26.0	10.0	-0.023600000000000006	0.19715905669373557
26.0	11.0	0.09250434782608695	0.23869923730361614
26.0	12.0	0.0038869565217391285	0.15116391255355238
26.0	13.0	-0.015730434782608698	0.19266702183909892
26.0	14.0	0.004034782608695659	0.21614034289342413
26.0	15.0	-0.03146086956521738	0.15820514225388857
26.0	16.0	-0.07864782608695652	0.15550260702159893
26.0	17.0	-0.00203181818181818	0.16999252752866645
26.0	18.0	-0.01431818181818182	0.22570403004264053
26.0	19.0	-0.039068181818181814	0.2018930489767001
26.0	20.0	-0.042711111111111116	0.20322400821836936
26.0	21.0	-0.057326666666666665	0.1704731292888231
26.0	22.0	-0.10559999999999999	0.15815563106119124
26.0	23.0	-0.1811	0.23779916596433498
26.0	24.0	-0.18095000000000003	0.17388307278168277
26.0	25.0	-0.27145	0.08070089838409483
26.0	26.0	-0.19556666666666667	0.3271576429388947
26.0	27.0	NaN	NaN
26.0	28.0	NaN	NaN
26.0	29.0	NaN	NaN
26.0	30.0	NaN	NaN
26.0	31.0	NaN	NaN
27.0	1.0	0.11314166666666665	0.22715302994930867
27.0	2.0	0.06789999999999997	0.18469718706328722
27.0	3.0	-0.011349999999999999	0.18230779417836698
27.0	4.0	0.04900833333333334	0.11969723516464617
27.0	5.0	0.09805833333333334	0.20601141829931896
27.0	6.0	0.04135833333333334	0.19982924282466466
27.0	7.0	0.10175833333333333	0.2540067123606036
27.0	8.0	0.07540000000000001	0.1813955647448165
27.0	9.0	0.03389166666666667	0.24039526337162961
27.0	10.0	0.09420833333333334	0.21351701851836005
27.0	11.0	0.04523333333333333	0.20238673300631566
27.0	12.0	0.041400000000000006	0.15484598800098112
27.0	13.0	0.09434166666666667	0.15011844692129148
27.0	14.0	0.08295	0.19862084253901724
27.0	15.0	0.09045833333333332	0.16141319906789947
27.0	16.0	-0.03775	0.19665166018761565
27.0	17.0	0.06173636363636364	0.15056543609160286
27.0	18.0	-0.02053636363636363	0.23572704245685208
27.0	19.0	-0.008290909090909092	0.21599999284511773
27.0	20.0	-0.045277777777777785	0.17380883736002736
27.0	21.0	-0.04548333333333332	0.2731633900555978
27.0	22.0	-0.13587500000000002	0.12262393390634091
27.0	23.0	-0.11324999999999999	0.09623723291948912
27.0	24.0	-0.24905	0.03245620125646255
27.0	25.0	-0.13565	0.19183806973591033
27.0	26.0	NaN	NaN
27.0	27.0	NaN	NaN
28.0	1.0	0.1275636363636364	0.26776617513318324
28.0	2.0	0.1523818181818182	0.18260257291824677
28.0	3.0	0.0946272727272727	0.19872271682376474
28.0	4.0	0.05765454545454545	0.09942603646566993
28.0	5.0	0.1110818181818182	0.16849798110471126
28.0	6.0	0.03295454545454545	0.09080705218909337
28.0	7.0	0.08636363636363636	0.14520718489611506
28.0	8.0	0.016490909090909098	0.11145813074464739
28.0	9.0	0.09878181818181818	0.17960503232471978
28.0	10.0	0.06580000000000001	0.09568866181528508
28.0	11.0	0.08226363636363636	0.13836355208455203
28.0	12.0	0.05346363636363636	0.15916291196586768
28.0	13.0	0.07816363636363637	0.16463743360929356
28.0	14.0	0.07004545454545454	0.1988698637985975
28.0	15.0	0.08231818181818182	0.11946551651570271
28.0	16.0	0.016445454545454544	0.1913451821376037
28.0	17.0	0.04528	0.1510067607022208
28.0	18.0	-0.04525	0.0977512290346151
28.0	19.0	0.15370999999999996	0.3412972554175547
28.0	20.0	-0.0453	0.16948641243474358
28.0	21.0	-0.13585999999999998	0.06402861079236376
28.0	22.0	0.011174999999999997	0.2751317426858147
28.0	23.0	-0.181	0.00014142135623731355
29.0	1.0	0.21145	0.2508709369377011
29.0	2.0	0.08295000000000001	0.21672232695317759
29.0	3.0	0.0302	0.1634454771475797
29.0	4.0	0.12828333333333333	0.09689244380583384
29.0	5.0	0.12825	0.19922259660992273
29.0	6.0	-0.014949999999999996	0.13615004590524382
29.0	7.0	0.007700000000000003	0.1629470220654554
29.0	8.0	0.1583	0.13636458484518627
29.0	9.0	0.1434666666666667	0.1702844052362596
29.0	10.0	0.022716666666666666	0.12052550629085391
29.0	11.0	0.06041666666666667	0.1557922387882871
29.0	12.0	0.14338333333333333	0.1727712408552612
29.0	13.0	-0.022500000000000003	0.20962268007064502
29.0	14.0	0.05283333333333332	0.17727232910600194
29.0	15.0	0.08298333333333334	0.20528930236782109
29.0	16.0	0.060316666666666664	0.16363177462420514
29.0	17.0	0.09056666666666667	0.15415713628199854
29.0	18.0	0.05434	0.21296827932816664
29.0	19.0	-0.04525	0.19215251754791035
29.0	20.0	-0.07932499999999999	0.16690608886436706
29.0	21.0	0.015033333333333329	0.1138965466260208
29.0	22.0	-0.0452	0.20716522391559836
29.0	23.0	NaN	NaN
29.0	24.0	NaN	NaN
30.0	1.0	0.1358	0.2828984093274475
30.0	2.0	0.045099999999999994	0.23966735280383933
30.0	3.0	-0.045433333333333326	0.2755984820954813
30.0	4.0	-0.015199999999999991	0.3400548779241374
30.0	5.0	0.07553333333333334	0.24936889006717206
30.0	6.0	0.0452	0.1196824548545024
30.0	7.0	-0.0907	0.28306654694612005
30.0	8.0	0.12066666666666666	0.1455206629085139
30.0	9.0	-0.18116666666666667	0.2523187336155073
30.0	10.0	-0.10583333333333332	0.3017699510112518
30.0	11.0	-0.045466666666666676	0.22645004599984814
30.0	12.0	-0.10566666666666669	0.21410428144559215
30.0	13.0	-0.09056666666666664	0.11985263173303008
30.0	14.0	-0.12086666666666666	0.2577684490649182
30.0	15.0	-0.06043333333333334	0.27308592664824993
30.0	16.0	-0.07559999999999999	0.3634547702259526
30.0	17.0	-0.1360333333333333	0.2756888886649829
30.0	18.0	-0.04530000000000001	0.2754835022283549
30.0	19.0	-0.20385	0.09637865427572645
30.0	20.0	-0.27185	0.2566090508925981
30.0	21.0	-0.15885	0.48047905781625905
30.0	22.0	-0.1813	0.2563969188582421
30.0	23.0	NaN	NaN
30.0	24.0	NaN	NaN
30.0	25.0	NaN	NaN
30.0	26.0	NaN	NaN
30.0	27.0	NaN	NaN
30.0	28.0	NaN	NaN
31.0	1.0	0.20384999999999998	0.0318905158315133
31.0	2.0	0.1812	0.06392245301926389
31.0	3.0	0.06795	0.0320319371877506
31.0	4.0	0.27180000000000004	0.25611407614576753
31.0	5.0	0.47565	0.15987684322627843
31.0	6.0	0.1812	0.06392245301926389
31.0	7.0	0.20390000000000003	0.03224406922210657
31.0	8.0	0.13585	0.12805703807288374
31.0	9.0	0.0679	0.16008897526063437
31.0	10.0	0.09065000000000001	0.06413458505361987
31.0	11.0	0.1132	0.16008897526063434
31.0	12.0	0.09055	0.12805703807288377
31.0	13.0	0.15855000000000002	0.0318905158315133
31.0	14.0	0.22649999999999998	0.0639224530192639
31.0	15.0	0.06785	0.22422356031425422
31.0	16.0	0.20395000000000002	0.09623723291948913
31.0	17.0	NaN	NaN
31.0	18.0	NaN	NaN
31.0	19.0	NaN	NaN
31.0	20.0	NaN	NaN
32.0	1.0	NaN	NaN
32.0	2.0	NaN	NaN
32.0	3.0	NaN	NaN
32.0	4.0	NaN	NaN
32.0	5.0	NaN	NaN
32.0	6.0	NaN	NaN
32.0	7.0	NaN	NaN
32.0	8.0	NaN	NaN
32.0	9.0	NaN	NaN
32.0	10.0	NaN	NaN
32.0	11.0	NaN	NaN
32.0	12.0	NaN	NaN
32.0	13.0	NaN	NaN
32.0	14.0	NaN	NaN
32.0	15.0	NaN	NaN
32.0	16.0	NaN	NaN
32.0	17.0	NaN	NaN
32.0	18.0	NaN	NaN
32.0	19.0	NaN	NaN
32.0	20.0	NaN	NaN
32.0	21.0	NaN	NaN
