# GROWTH PER CELL CYCLE IN LINEAGE
# original file "wt_unlimCap_highRe_3gen.txt" 
# mother	daughter	growthCycleMean	growthCycleStd
0.0	0.0	1.6128	0.006810938913900892
0.0	1.0	1.61427	0.004407077640946792
0.0	2.0	1.61871	0.00894134590912728
0.0	3.0	1.61814	0.007685223917796195
0.0	4.0	1.61462	0.007920409641482513
0.0	5.0	1.6212999999999997	0.007878804195787278
0.0	6.0	1.6181300000000003	0.007994171487889034
0.0	7.0	1.6173299999999997	0.00851965700926716
0.0	8.0	1.6169999999999998	0.00806997177469935
0.0	9.0	1.61918	0.007802535200532973
0.0	10.0	1.6121599999999998	0.006438288247318159
0.0	11.0	1.6178500000000002	0.005494087731370901
0.0	12.0	1.61377	0.006957338252202221
0.0	13.0	1.61924	0.007223603286756836
0.0	14.0	1.61278	0.007236297395768071
0.0	15.0	1.61041	0.00896257031585617
0.0	16.0	1.6117899999999998	0.0044303122538560166
0.0	17.0	1.61485	0.005922133624519674
0.0	18.0	1.6125	0.006269148444742897
0.0	19.0	1.61665	0.0061776029151911285
0.0	20.0	1.6181111111111113	0.005351972637365671
0.0	21.0	1.6152888888888888	0.004242771630798802
0.0	22.0	1.6169857142857142	0.0060490849367014505
0.0	23.0	1.616875	0.001615291511358442
0.0	24.0	1.611075	0.008404909279700796
0.0	25.0	1.61785	0.004171930009000642
0.0	26.0	1.6222	0.008343860018001284
0.0	27.0	1.6160999999999999	0.0072124891681027755
0.0	28.0	1.61185	0.013647160876900277
0.0	29.0	1.6195499999999998	0.002474873734152958
0.0	30.0	NaN	NaN
0.0	31.0	NaN	NaN
0.0	32.0	NaN	NaN
1.0	1.0	1.6207817073170734	0.007813668735874784
1.0	2.0	1.6201317073170736	0.007234157266667978
1.0	3.0	1.619287398373984	0.007085262351647323
1.0	4.0	1.6180617886178865	0.007402487395796838
1.0	5.0	1.6187784552845528	0.006924872595308712
1.0	6.0	1.6173406504065042	0.007521298600405999
1.0	7.0	1.6173333333333333	0.0076288942325139315
1.0	8.0	1.6161646341463416	0.00691837019767918
1.0	9.0	1.616259756097561	0.007421796796960348
1.0	10.0	1.615939837398374	0.007551739789677857
1.0	11.0	1.6156406504065042	0.006977518854948591
1.0	12.0	1.6155004065040652	0.006899260522146366
1.0	13.0	1.6147195121951219	0.007041667920884503
1.0	14.0	1.6147467479674795	0.00724963402267666
1.0	15.0	1.6145247967479677	0.006933302873380786
1.0	16.0	1.6145004081632655	0.007286825625851938
1.0	17.0	1.6141577868852455	0.006976826782599322
1.0	18.0	1.6134108786610881	0.006555564611532047
1.0	19.0	1.613511711711712	0.007074167379671538
1.0	20.0	1.6136596059113304	0.0071032724185298
1.0	21.0	1.612841935483871	0.00724717014789717
1.0	22.0	1.611869536423841	0.0068139268499887665
1.0	23.0	1.6124024000000001	0.006561181836892965
1.0	24.0	1.6128673469387753	0.007478571112076995
1.0	25.0	1.6141	0.007520690757748531
1.0	26.0	1.61203	0.007595252276445941
1.0	27.0	1.6135894736842105	0.0067953795699201985
1.0	28.0	1.6125928571428572	0.005235698585913816
1.0	29.0	1.6144200000000002	0.005687530219699943
1.0	30.0	1.6095400000000002	0.006235163442757105
1.0	31.0	1.612230769230769	0.006165682527153074
1.0	32.0	1.60931	0.008848282947053136
1.0	33.0	1.6134999999999997	0.00863249674196285
1.0	34.0	1.6136333333333333	0.0016289055630493634
1.0	35.0	1.6115000000000002	0.012700787377166898
1.0	36.0	1.6147	0.004250882261366432
1.0	37.0	1.61105	0.0028991378028648397
1.0	38.0	NaN	NaN
1.0	39.0	NaN	NaN
1.0	40.0	NaN	NaN
2.0	1.0	1.6213894308943089	0.007808679765158566
2.0	2.0	1.6195504065040651	0.008063714381722502
2.0	3.0	1.6178772357723579	0.007540901402386258
2.0	4.0	1.6186142276422766	0.007361100240315131
2.0	5.0	1.61779918699187	0.007543317041552822
2.0	6.0	1.6169508130081298	0.006980496104642711
2.0	7.0	1.6170617886178864	0.007107501301229005
2.0	8.0	1.6162878048780491	0.0077315952401616605
2.0	9.0	1.61639918699187	0.007079559492060647
2.0	10.0	1.6156906504065038	0.006652017799114377
2.0	11.0	1.6156556910569109	0.007329589746160543
2.0	12.0	1.6146902439024395	0.006912206471714785
2.0	13.0	1.6149967479674798	0.007141856329421498
2.0	14.0	1.6146353658536587	0.006844500940967928
2.0	15.0	1.6143569105691056	0.007095921004792489
2.0	16.0	1.6135361788617884	0.006822970807898039
2.0	17.0	1.6137192622950822	0.007088766824449223
2.0	18.0	1.6140141078838177	0.006952850744237644
2.0	19.0	1.6129106666666673	0.007128994619559923
2.0	20.0	1.6144121212121214	0.007263849334391899
2.0	21.0	1.6135058823529416	0.006335274645834092
2.0	22.0	1.6128318840579707	0.00683668705259151
2.0	23.0	1.6123785714285717	0.007732456791401294
2.0	24.0	1.61272	0.006616564164905724
2.0	25.0	1.612944927536232	0.006939052661055902
2.0	26.0	1.6131472727272722	0.007324991582486742
2.0	27.0	1.6119170731707317	0.007288034798182034
2.0	28.0	1.6097965517241375	0.005174834901342996
2.0	29.0	1.61240625	0.005215805306949263
2.0	30.0	1.6132818181818183	0.006559088074087481
2.0	31.0	1.6102000000000003	0.00855202565811999
2.0	32.0	1.6116333333333335	0.003227795945636438
2.0	33.0	1.61295	0.010818733752154242
2.0	34.0	NaN	NaN
2.0	35.0	NaN	NaN
2.0	36.0	NaN	NaN
2.0	37.0	NaN	NaN
2.0	38.0	NaN	NaN
3.0	1.0	1.6208235772357724	0.007341056825445407
3.0	2.0	1.6193004065040653	0.007280919979813491
3.0	3.0	1.619159756097561	0.007638648129505066
3.0	4.0	1.6183373983739835	0.007221926910870579
3.0	5.0	1.6173666666666666	0.007504068737628111
3.0	6.0	1.6173979674796748	0.006994461069154489
3.0	7.0	1.6168186991869917	0.007231251333759561
3.0	8.0	1.6169463414634146	0.0074774795784537
3.0	9.0	1.6159609756097564	0.0077986459750587905
3.0	10.0	1.615850406504065	0.006683972593450573
3.0	11.0	1.6144126016260163	0.007549783328411259
3.0	12.0	1.615689430894309	0.007337455634278184
3.0	13.0	1.6146434959349596	0.006658260051411948
3.0	14.0	1.6149536585365853	0.0066716921658898625
3.0	15.0	1.614732520325203	0.006594964014816758
3.0	16.0	1.614738367346939	0.006736327788759836
3.0	17.0	1.6141575510204078	0.007111125700760562
3.0	18.0	1.6128508403361341	0.006810749393989861
3.0	19.0	1.6127223214285713	0.0064404440955062635
3.0	20.0	1.6129194029850749	0.006922627509969828
3.0	21.0	1.6134666666666664	0.006856066214630216
3.0	22.0	1.612902142857143	0.006452944984443215
3.0	23.0	1.6112801886792454	0.006141434915490353
3.0	24.0	1.6139358974358975	0.007086606616709672
3.0	25.0	1.6118067796610174	0.006513060205749441
3.0	26.0	1.6120880952380954	0.005915016128091837
3.0	27.0	1.6119888888888891	0.007508064040818058
3.0	28.0	1.612473684210526	0.009595707495499284
3.0	29.0	1.612915384615385	0.0057333594215268026
3.0	30.0	1.6110400000000002	0.006434317713980611
3.0	31.0	1.6127500000000001	0.0063200474681762275
3.0	32.0	1.609675	0.011875570161750759
3.0	33.0	1.6090666666666664	0.004445597072760068
3.0	34.0	1.6165	0.002404163056034311
3.0	35.0	1.6077499999999998	0.0028991378028648397
3.0	36.0	1.61375	0.0031819805153395844
3.0	37.0	1.6085500000000001	0.009404520189780989
3.0	38.0	1.61445	0.004171930009000642
3.0	39.0	1.6108	0.011030865786510182
3.0	40.0	1.6108500000000001	0.0045961940777126805
3.0	41.0	1.60595	0.0006363961030679797
3.0	42.0	1.6225	0.004242640687119289
3.0	43.0	1.6009	0.00028284271247458785
4.0	1.0	1.6205495934959349	0.007720245041936771
4.0	2.0	1.6195142276422765	0.007653261330496006
4.0	3.0	1.6189178861788616	0.007454159584108683
4.0	4.0	1.618419918699187	0.007192669850980231
4.0	5.0	1.6181520325203256	0.006948984357954868
4.0	6.0	1.6176760162601624	0.007037459100815641
4.0	7.0	1.6173349593495934	0.007529229938561352
4.0	8.0	1.6161105691056912	0.007338278872981998
4.0	9.0	1.6153024390243904	0.007344346301632814
4.0	10.0	1.6158861788617882	0.006793392049881127
4.0	11.0	1.6159512195121952	0.007439402717452126
4.0	12.0	1.6145873983739836	0.007433073068706649
4.0	13.0	1.6148439024390244	0.0073144212748761876
4.0	14.0	1.6151288617886181	0.006728994551846423
4.0	15.0	1.6144040650406504	0.007345757052428534
4.0	16.0	1.6145987755102045	0.007160962487011179
4.0	17.0	1.6137049382716049	0.0068111764235727545
4.0	18.0	1.6136687763713082	0.006509474498156604
4.0	19.0	1.6137411764705885	0.006899168360329464
4.0	20.0	1.6125247572815535	0.006786422505901415
4.0	21.0	1.6120045454545455	0.007053824236797817
4.0	22.0	1.6121226666666664	0.0071577540126490004
4.0	23.0	1.6130570175438599	0.0065275721448241385
4.0	24.0	1.6120543478260863	0.006467015430705597
4.0	25.0	1.6117333333333335	0.007297333652189171
4.0	26.0	1.6123106382978727	0.0075777200323096225
4.0	27.0	1.6121628571428572	0.008206922677345798
4.0	28.0	1.6143249999999998	0.005969653194219863
4.0	29.0	1.615635	0.00560922876770249
4.0	30.0	1.6116666666666666	0.007475451889510128
4.0	31.0	1.6131363636363636	0.006870993047190884
4.0	32.0	1.6119499999999998	0.00472422833204888
4.0	33.0	1.61314	0.0043136991086537195
4.0	34.0	1.607225	0.0032128647652834258
4.0	35.0	1.6166	0.005374011537017797
4.0	36.0	1.62015	0.0007778174593052736
4.0	37.0	1.61215	0.0004949747468306857
4.0	38.0	1.6214	0.0022627416997970167
5.0	1.0	1.6209634146341463	0.007428486464268862
5.0	2.0	1.620517886178862	0.007232009713289538
5.0	3.0	1.6187447154471548	0.007429963641540759
5.0	4.0	1.618761382113821	0.0075290249606090875
5.0	5.0	1.6180463414634145	0.007557942627763157
5.0	6.0	1.6169642276422762	0.007800791483457029
5.0	7.0	1.6164788617886179	0.007240799956172623
5.0	8.0	1.6166056910569104	0.006891714052521014
5.0	9.0	1.6161747967479674	0.007593166568036583
5.0	10.0	1.6148345528455288	0.0070902797218396554
5.0	11.0	1.6152434959349593	0.0076581354882978014
5.0	12.0	1.6145821138211385	0.0075125857123197705
5.0	13.0	1.6148223577235774	0.006801436532692656
5.0	14.0	1.6149768292682927	0.006881948563297649
5.0	15.0	1.615271544715447	0.007152468052131931
5.0	16.0	1.614053658536585	0.007526381277340823
5.0	17.0	1.6131906122448982	0.006761974323728794
5.0	18.0	1.613733620689655	0.006832142571349136
5.0	19.0	1.6126789473684215	0.006918567329053006
5.0	20.0	1.6134777777777778	0.006850588834245313
5.0	21.0	1.6130171779141105	0.007134333566876426
5.0	22.0	1.6129588235294114	0.007388955427485548
5.0	23.0	1.6133941747572815	0.007307192605445814
5.0	24.0	1.6134934210526315	0.008969196701694309
5.0	25.0	1.6116716981132075	0.006740930583968438
5.0	26.0	1.612371794871795	0.007821493622264919
5.0	27.0	1.6130482758620692	0.006565799956139343
5.0	28.0	1.6114874999999997	0.008000016983677617
5.0	29.0	1.6112473684210527	0.0055566145189567045
5.0	30.0	1.6123428571428573	0.004885884580285151
5.0	31.0	1.614825	0.004388647544828283
5.0	32.0	1.6128	0.006256019323641648
5.0	33.0	1.6148499999999997	0.004768647607026527
5.0	34.0	1.6137833333333331	0.007128651111301998
5.0	35.0	1.6096600000000003	0.008485458149092443
5.0	36.0	1.61375	0.00857496355677396
5.0	37.0	1.6153333333333333	0.009915812288125178
5.0	38.0	1.6227	0.007490660852021017
5.0	39.0	1.61745	0.004737615433949818
5.0	40.0	NaN	NaN
5.0	41.0	NaN	NaN
5.0	42.0	NaN	NaN
5.0	43.0	NaN	NaN
5.0	44.0	NaN	NaN
5.0	45.0	NaN	NaN
5.0	46.0	NaN	NaN
5.0	47.0	NaN	NaN
6.0	1.0	1.6201605691056908	0.007726479125371191
6.0	2.0	1.6197739837398375	0.0075749408284709755
6.0	3.0	1.619730487804878	0.007914471720728932
6.0	4.0	1.6180126016260161	0.007406475637385229
6.0	5.0	1.6165674796747969	0.007986749188601452
6.0	6.0	1.6174715447154473	0.007014492523284693
6.0	7.0	1.6168910569105692	0.007590246245152664
6.0	8.0	1.616421138211382	0.00695144386155937
6.0	9.0	1.6151626016260163	0.0068502751128902105
6.0	10.0	1.6163869918699185	0.006880614108206916
6.0	11.0	1.6144926829268296	0.006900028639179933
6.0	12.0	1.6144955284552844	0.00721051530364404
6.0	13.0	1.6142260162601627	0.007479685002626117
6.0	14.0	1.6139036585365854	0.006848162782765413
6.0	15.0	1.6149467479674797	0.007095820097106887
6.0	16.0	1.6140178861788619	0.006753448491987683
6.0	17.0	1.6137557377049183	0.007435346006437422
6.0	18.0	1.614003781512605	0.007058796647616326
6.0	19.0	1.6131825112107625	0.00786892101814084
6.0	20.0	1.6132737113402063	0.007380704407680172
6.0	21.0	1.6132286549707606	0.006095499588965459
6.0	22.0	1.6126718309859158	0.006551967558925904
6.0	23.0	1.6139582608695648	0.00674760493712328
6.0	24.0	1.6126673913043483	0.007785688599351842
6.0	25.0	1.612981690140845	0.006552236474433847
6.0	26.0	1.6138980769230773	0.006222649658970088
6.0	27.0	1.613035	0.0068717761672152464
6.0	28.0	1.6117838709677421	0.00742577029782964
6.0	29.0	1.6109125000000002	0.00472811319109706
6.0	30.0	1.6129733333333336	0.005032674192098026
6.0	31.0	1.6133416666666667	0.006584756271230957
6.0	32.0	1.6085666666666665	0.005079632532641208
6.0	33.0	1.614875	0.004958074222921646
6.0	34.0	1.61505	0.0032848135411313152
6.0	35.0	1.6119666666666668	0.00323161466349768
6.0	36.0	1.6078666666666666	0.013418767951393134
6.0	37.0	NaN	NaN
6.0	38.0	NaN	NaN
6.0	39.0	NaN	NaN
6.0	40.0	NaN	NaN
7.0	1.0	1.6215630081300811	0.0072545702341052665
7.0	2.0	1.619370731707317	0.008396726589665926
7.0	3.0	1.6183430894308943	0.007327650527501567
7.0	4.0	1.6176459349593497	0.0075313578294313056
7.0	5.0	1.6171126016260164	0.006483999438164674
7.0	6.0	1.6167613821138211	0.007174092598550475
7.0	7.0	1.6162995934959348	0.006439562020646546
7.0	8.0	1.6166052845528456	0.0073428135435285
7.0	9.0	1.6151073170731707	0.00701717043656408
7.0	10.0	1.615458130081301	0.007115926012807077
7.0	11.0	1.6149349593495932	0.0071658656140302255
7.0	12.0	1.614769105691057	0.0074077359462934615
7.0	13.0	1.6149357723577236	0.006789074417168002
7.0	14.0	1.6138654471544716	0.0070071206642470735
7.0	15.0	1.6143943089430894	0.006383605286925767
7.0	16.0	1.6131203252032522	0.007167448632101325
7.0	17.0	1.6134854166666661	0.0072229350419785445
7.0	18.0	1.6130862660944207	0.006328553265074767
7.0	19.0	1.613253211009174	0.006470415748967492
7.0	20.0	1.612519786096257	0.00741008350751918
7.0	21.0	1.6123393750000006	0.00722157927008268
7.0	22.0	1.6128566929133858	0.007184502617806387
7.0	23.0	1.6122237623762372	0.006949261090430436
7.0	24.0	1.6116882352941178	0.0072620364195407055
7.0	25.0	1.6130098039215686	0.00565534278013139
7.0	26.0	1.6127204545454545	0.007299365360927228
7.0	27.0	1.6152617647058825	0.006202932576533438
7.0	28.0	1.6130423076923075	0.006246097858786585
7.0	29.0	1.6132421052631578	0.009056692785477846
7.0	30.0	1.6135499999999998	0.005926212956011644
7.0	31.0	1.6128	0.008142257895471251
7.0	32.0	1.6122583333333331	0.007719922083136421
7.0	33.0	1.6083500000000002	0.007947081924273297
7.0	34.0	1.6127444444444443	0.006833394308671018
7.0	35.0	1.6148250000000002	0.00571732954646282
7.0	36.0	1.6082999999999998	0.004397726685459216
7.0	37.0	1.6107	0.004972591544322409
7.0	38.0	1.610425	0.0035273928048914706
7.0	39.0	1.6094750000000002	0.014644310613112946
7.0	40.0	1.6136	0.0045508241011931565
7.0	41.0	1.6114	0.01022203502244054
7.0	42.0	1.6141666666666667	0.005736142722538751
7.0	43.0	1.60885	0.006576093065034796
7.0	44.0	1.6003	0.0032526911934580745
7.0	45.0	1.61405	0.004030508652763348
7.0	46.0	NaN	NaN
7.0	47.0	NaN	NaN
7.0	48.0	NaN	NaN
7.0	49.0	NaN	NaN
7.0	50.0	NaN	NaN
7.0	51.0	NaN	NaN
7.0	52.0	NaN	NaN
7.0	53.0	NaN	NaN
7.0	54.0	NaN	NaN
7.0	55.0	NaN	NaN
7.0	56.0	NaN	NaN
8.0	1.0	1.6220634146341462	0.007516765134590892
8.0	2.0	1.6199707317073166	0.007304460272366631
8.0	3.0	1.6185817073170732	0.0077554582972060035
8.0	4.0	1.6184540650406503	0.007840410998951972
8.0	5.0	1.617714634146341	0.007332039646360956
8.0	6.0	1.61695	0.00756796551530306
8.0	7.0	1.616271544715447	0.006271178261522176
8.0	8.0	1.6168195121951219	0.007059469350891553
8.0	9.0	1.6159508130081301	0.007290691531657974
8.0	10.0	1.6155024390243902	0.007791077716597538
8.0	11.0	1.6150418699186992	0.0073357994820028045
8.0	12.0	1.615588617886179	0.007152470139914793
8.0	13.0	1.6153150406504064	0.007145118027786106
8.0	14.0	1.6136719512195123	0.007463696207319918
8.0	15.0	1.613429674796748	0.007104339971061588
8.0	16.0	1.6140844897959186	0.007638722819718866
8.0	17.0	1.613908230452675	0.006950088749981727
8.0	18.0	1.6137688596491226	0.006911303677140783
8.0	19.0	1.6123372641509437	0.006449062393076904
8.0	20.0	1.6128694444444442	0.007603124153684304
8.0	21.0	1.6120699386503068	0.006684745255581206
8.0	22.0	1.61251	0.007643590312687949
8.0	23.0	1.6114989690721644	0.006841425516132111
8.0	24.0	1.6119757142857143	0.007063078848189002
8.0	25.0	1.6116583333333334	0.006326702389125574
8.0	26.0	1.6140256410256413	0.007444274308017499
8.0	27.0	1.6134870967741937	0.007835974388910132
8.0	28.0	1.612990909090909	0.006252992357256926
8.0	29.0	1.6145631578947368	0.006576828898684564
8.0	30.0	1.6154076923076923	0.005452287217071026
8.0	31.0	1.6089300000000002	0.008118572671487372
8.0	32.0	1.6116555555555554	0.004087209045030335
8.0	33.0	1.6101142857142858	0.005211023114970948
8.0	34.0	1.61142	0.007675089576024465
8.0	35.0	1.6080750000000001	0.0037473323845103085
8.0	36.0	1.6118666666666668	0.005644761583391628
8.0	37.0	1.6141	0.0014142135623730963
8.0	38.0	NaN	NaN
8.0	39.0	NaN	NaN
8.0	40.0	NaN	NaN
8.0	41.0	NaN	NaN
8.0	42.0	NaN	NaN
9.0	1.0	1.6196508130081302	0.00799606914585533
9.0	2.0	1.6187292682926833	0.007136462642952448
9.0	3.0	1.6193947154471546	0.007618506771599226
9.0	4.0	1.6180130081300814	0.00687719638354852
9.0	5.0	1.6178414634146343	0.007027258028612363
9.0	6.0	1.6162044715447155	0.0071130650362126605
9.0	7.0	1.6166597560975609	0.007560156457015589
9.0	8.0	1.6169333333333336	0.0075880858995564645
9.0	9.0	1.615419512195122	0.0071588182645426005
9.0	10.0	1.615740243902439	0.006638899461711842
9.0	11.0	1.6155056910569108	0.006533902803609929
9.0	12.0	1.6140056910569105	0.007042718640342076
9.0	13.0	1.6141691056910568	0.00666418548485402
9.0	14.0	1.6153353658536584	0.007196053997220347
9.0	15.0	1.6133386178861788	0.006564668302260154
9.0	16.0	1.613928979591837	0.006772571322264202
9.0	17.0	1.6134904958677685	0.006742054841629127
9.0	18.0	1.6142042372881353	0.007142291116617879
9.0	19.0	1.613120276497696	0.007081192743029656
9.0	20.0	1.6128046391752577	0.00738444164216498
9.0	21.0	1.6136358490566043	0.0065288772661782155
9.0	22.0	1.6120615999999999	0.0074770917237360025
9.0	23.0	1.6128970588235294	0.00667098721867708
9.0	24.0	1.612632876712329	0.006371247365977692
9.0	25.0	1.6110192307692306	0.006427240998100372
9.0	26.0	1.614265789473684	0.007349876862943113
9.0	27.0	1.6131321428571432	0.006729980109564384
9.0	28.0	1.6117736842105266	0.006607053647030335
9.0	29.0	1.6118666666666666	0.006043729532884999
9.0	30.0	1.6106083333333332	0.007999483884866735
9.0	31.0	1.61145	0.0063115854673062586
9.0	32.0	1.6149666666666667	0.004164452745159546
9.0	33.0	1.611266666666667	0.008689917529336313
9.0	34.0	1.6139333333333334	0.00622403941718456
9.0	35.0	1.6103833333333333	0.00777030672925253
9.0	36.0	1.614683333333333	0.005342440141608179
9.0	37.0	1.60884	0.007553012643971914
9.0	38.0	1.61058	0.004899693867988104
9.0	39.0	1.6138666666666666	0.0009291573243177821
9.0	40.0	1.6143999999999998	0.001979898987322272
9.0	41.0	1.60865	0.0037476659402886033
9.0	42.0	1.6054	0.00509116882454321
9.0	43.0	NaN	NaN
9.0	44.0	NaN	NaN
9.0	45.0	NaN	NaN
9.0	46.0	NaN	NaN
10.0	1.0	1.619831300813008	0.0069569489511668945
10.0	2.0	1.619581300813008	0.006687769520409767
10.0	3.0	1.6193357723577237	0.006816182785722197
10.0	4.0	1.6181752032520325	0.00782280255116018
10.0	5.0	1.6176943089430893	0.007217906314251206
10.0	6.0	1.6166532520325203	0.00752537270034365
10.0	7.0	1.6169906504065037	0.007445154154990425
10.0	8.0	1.6159504065040653	0.006860307293453453
10.0	9.0	1.6158162601626018	0.007367262100298053
10.0	10.0	1.6151016260162598	0.006711008120866845
10.0	11.0	1.6159065040650407	0.006572474945728458
10.0	12.0	1.614591056910569	0.007037497330322686
10.0	13.0	1.6142556910569106	0.007308409199729805
10.0	14.0	1.6148963414634148	0.00736051426423095
10.0	15.0	1.6138179591836732	0.00692301962557034
10.0	16.0	1.6132127049180327	0.007017646954998255
10.0	17.0	1.6131070833333332	0.006993517009373081
10.0	18.0	1.6132159482758621	0.006949051133139885
10.0	19.0	1.613049065420561	0.006833786134001962
10.0	20.0	1.613269021739131	0.0073228489722623
10.0	21.0	1.6132943396226416	0.006984089017396183
10.0	22.0	1.6123274193548391	0.006971397297385677
10.0	23.0	1.6117816326530612	0.006970458236630755
10.0	24.0	1.6119985915492958	0.00608831416867584
10.0	25.0	1.6115176470588235	0.006676337495434234
10.0	26.0	1.6131771428571429	0.008698616716070981
10.0	27.0	1.6134925925925927	0.007504661419407475
10.0	28.0	1.6110900000000001	0.0062232078375604365
10.0	29.0	1.6139142857142859	0.007457248115125941
10.0	30.0	1.6108727272727277	0.0062368406920637175
10.0	31.0	1.6144874999999999	0.007903785259517833
10.0	32.0	1.61102	0.008798693084771101
10.0	33.0	1.6125399999999999	0.00926353064441415
10.0	34.0	1.61186	0.0084132633383248
10.0	35.0	1.6118666666666666	0.002482606157515374
10.0	36.0	1.6121666666666667	0.002267891825756542
10.0	37.0	1.6161	0.006519969325081211
10.0	38.0	NaN	NaN
10.0	39.0	NaN	NaN
10.0	40.0	NaN	NaN
10.0	41.0	NaN	NaN
10.0	42.0	NaN	NaN
10.0	43.0	NaN	NaN
11.0	1.0	1.6191959349593497	0.007416456036591279
11.0	2.0	1.619197967479675	0.0074761140685709925
11.0	3.0	1.6189166666666668	0.006570224009683003
11.0	4.0	1.6181853658536587	0.007152818002424554
11.0	5.0	1.6172780487804876	0.007439305833156976
11.0	6.0	1.6161260162601627	0.007021521870019568
11.0	7.0	1.6168540650406504	0.007017933568456076
11.0	8.0	1.6154325203252033	0.007812459916605318
11.0	9.0	1.6158056910569103	0.008046886083631355
11.0	10.0	1.6148040650406505	0.006963917480362862
11.0	11.0	1.6145134146341467	0.006619613938957925
11.0	12.0	1.6149117886178863	0.00722060990498955
11.0	13.0	1.61464918699187	0.007430751009205576
11.0	14.0	1.6138540650406505	0.007660172890615443
11.0	15.0	1.614502032520325	0.007254327064457581
11.0	16.0	1.6129890243902438	0.00686808661405621
11.0	17.0	1.6140266949152544	0.00683295575494825
11.0	18.0	1.6135221198156682	0.00667172510344575
11.0	19.0	1.6133845360824743	0.007101628510691942
11.0	20.0	1.6135798742138363	0.007012022044220528
11.0	21.0	1.6135213235294117	0.006463761181051212
11.0	22.0	1.612053982300885	0.00791967526614017
11.0	23.0	1.612259139784946	0.0071396053440913815
11.0	24.0	1.6128675675675672	0.007118394233812467
11.0	25.0	1.6122641509433964	0.008899310568362162
11.0	26.0	1.6125731707317077	0.007441841989394961
11.0	27.0	1.6141187500000003	0.006669499062293616
11.0	28.0	1.610535	0.005275691523642317
11.0	29.0	1.6132749999999998	0.0074844282792118945
11.0	30.0	1.6139199999999998	0.004799722214184186
11.0	31.0	1.6159375	0.008072517309630607
11.0	32.0	1.61002	0.003465111830807179
11.0	33.0	1.61375	0.005627018156477987
11.0	34.0	1.61165	0.011309140845646314
11.0	35.0	1.6149	0.005374011537017797
11.0	36.0	NaN	NaN
12.0	1.0	1.620867073170732	0.007012811393699666
12.0	2.0	1.6192719512195122	0.007140267091389946
12.0	3.0	1.6184260162601625	0.0072443119124903
12.0	4.0	1.6176666666666666	0.007394765569179953
12.0	5.0	1.617290650406504	0.007056549569027539
12.0	6.0	1.6170678861788614	0.007305110400432161
12.0	7.0	1.6155500000000005	0.00741644477234372
12.0	8.0	1.6159670731707316	0.007071882609574608
12.0	9.0	1.615781300813008	0.007197214309104803
12.0	10.0	1.6153134146341463	0.007222647412107397
12.0	11.0	1.6147329268292683	0.007122314257198827
12.0	12.0	1.6147182926829264	0.00710731376188679
12.0	13.0	1.6143841463414634	0.006459148920600668
12.0	14.0	1.614647154471545	0.007167851415224442
12.0	15.0	1.6138845528455281	0.00617995485777483
12.0	16.0	1.6131950413223142	0.006512520354484883
12.0	17.0	1.613109583333333	0.00635629953343271
12.0	18.0	1.6133364444444447	0.006596326478872388
12.0	19.0	1.6136985365853658	0.006776700843220677
12.0	20.0	1.6123477272727271	0.007036914539325196
12.0	21.0	1.6128342281879195	0.006968333507123297
12.0	22.0	1.612436440677966	0.006233596117513537
12.0	23.0	1.6135409090909087	0.007128341303470749
12.0	24.0	1.6125231884057971	0.008369695772943485
12.0	25.0	1.6137000000000004	0.00746529075373061
12.0	26.0	1.6115555555555554	0.008557684748456692
12.0	27.0	1.6118499999999998	0.006831639945710401
12.0	28.0	1.6112105263157894	0.006844616273380439
12.0	29.0	1.60996	0.00658296502887785
12.0	30.0	1.6085	0.003147697571241568
12.0	31.0	1.6103	0.0076893866248659275
12.0	32.0	1.6142	0.0043034869582699725
12.0	33.0	1.6101	0.0031112698372207804
12.0	34.0	1.6095	0.002404163056034311
12.0	35.0	NaN	NaN
12.0	36.0	NaN	NaN
12.0	37.0	NaN	NaN
12.0	38.0	NaN	NaN
12.0	39.0	NaN	NaN
13.0	1.0	1.620570731707317	0.007176164989199673
13.0	2.0	1.6201089430894309	0.007285260581168218
13.0	3.0	1.61834918699187	0.007918223578710214
13.0	4.0	1.61779918699187	0.007559176026093235
13.0	5.0	1.6167743902439025	0.007240686814456709
13.0	6.0	1.616788211382114	0.007597216411025259
13.0	7.0	1.6170349593495934	0.007255455188914108
13.0	8.0	1.6156028455284555	0.007693322842550845
13.0	9.0	1.6159430894308946	0.006905568073407092
13.0	10.0	1.6160808943089429	0.006785398550023526
13.0	11.0	1.6151134146341461	0.006778015401463683
13.0	12.0	1.614278455284553	0.007279693818692569
13.0	13.0	1.6155056910569108	0.006650055096448235
13.0	14.0	1.6142394308943093	0.007201532580744976
13.0	15.0	1.61349837398374	0.006945625359245476
13.0	16.0	1.6128958847736625	0.006768813965464312
13.0	17.0	1.613065145228215	0.006760013319734479
13.0	18.0	1.6139379912663754	0.006808817643444251
13.0	19.0	1.613563768115942	0.007032448461485123
13.0	20.0	1.6135150289017341	0.006758586668021635
13.0	21.0	1.6130879432624115	0.006930898469661629
13.0	22.0	1.6128093220338984	0.007027297048648049
13.0	23.0	1.6128528735632184	0.006438742457756499
13.0	24.0	1.611526229508197	0.007161957405610667
13.0	25.0	1.6126487804878045	0.007716447432310407
13.0	26.0	1.6120666666666668	0.00611108702403957
13.0	27.0	1.6126550000000002	0.004643101844332329
13.0	28.0	1.6153583333333337	0.0052991351495629375
13.0	29.0	1.6109428571428572	0.005545826401555519
13.0	30.0	1.6142	0.0112818438209363
13.0	31.0	1.6143399999999999	0.00531347344022724
13.0	32.0	1.6101199999999998	0.0070076386893161285
13.0	33.0	1.61665	0.006466580755443105
13.0	34.0	1.611175	0.004966806485727638
13.0	35.0	1.617575	0.0025263610193319635
13.0	36.0	1.615075	0.0025656383221335233
13.0	37.0	1.6170250000000002	0.0026936654085712823
13.0	38.0	1.6131000000000002	0.0030199337741083055
13.0	39.0	1.6019999999999999	0.001979898987322272
13.0	40.0	1.6172	0.006788225099390893
13.0	41.0	1.6092	0.010465180361561006
13.0	42.0	NaN	NaN
14.0	1.0	1.61969756097561	0.007782743479499722
14.0	2.0	1.6182670731707316	0.007590628833804449
14.0	3.0	1.618360975609756	0.007261378225803847
14.0	4.0	1.61760081300813	0.006815809903631586
14.0	5.0	1.6168914634146345	0.007045447820581284
14.0	6.0	1.6171532520325202	0.007770391842186489
14.0	7.0	1.6165634146341463	0.00757342580981451
14.0	8.0	1.616248780487805	0.007481775036072197
14.0	9.0	1.6164686991869917	0.007117666719190257
14.0	10.0	1.6151130081300813	0.0064790898749821964
14.0	11.0	1.6152947154471542	0.0068283571783726875
14.0	12.0	1.6150686991869918	0.006672339792080358
14.0	13.0	1.6143439024390243	0.006962279081948148
14.0	14.0	1.6151556910569107	0.006886860317350366
14.0	15.0	1.614001632653061	0.0071437979942419955
14.0	16.0	1.6128604938271605	0.006762524572827977
14.0	17.0	1.612819491525424	0.0069074336580493756
14.0	18.0	1.6133103139013456	0.007648030506067745
14.0	19.0	1.613092424242424	0.006858926021939194
14.0	20.0	1.6133298780487804	0.006489672587410327
14.0	21.0	1.6112573529411764	0.007025273236841945
14.0	22.0	1.6125834951456306	0.005926876257692241
14.0	23.0	1.613630864197531	0.006653995829111037
14.0	24.0	1.6131396551724135	0.0071081109997151
14.0	25.0	1.6114324324324325	0.008128176440767765
14.0	26.0	1.6128625	0.006838180059177968
14.0	27.0	1.6135500000000003	0.005391267868578697
14.0	28.0	1.6136249999999999	0.006095918903063504
14.0	29.0	1.611011111111111	0.011896369660997877
14.0	30.0	1.6117714285714286	0.005752308025397105
14.0	31.0	1.6124333333333336	0.007516204716034079
14.0	32.0	1.6151	0.0029698484809834867
14.0	33.0	1.61555	0.006434671708797659
14.0	34.0	NaN	NaN
14.0	35.0	NaN	NaN
15.0	1.0	1.620011382113821	0.007906336422957532
15.0	2.0	1.6192784552845527	0.007294089251735132
15.0	3.0	1.6185556910569108	0.007562832595491586
15.0	4.0	1.6175776422764228	0.007296229675638974
15.0	5.0	1.6176443089430896	0.006837736536973516
15.0	6.0	1.6164313008130082	0.0070205090180418895
15.0	7.0	1.6172943089430896	0.006662840000137317
15.0	8.0	1.6163756097560973	0.007575043249970587
15.0	9.0	1.6150215447154475	0.00685924248004349
15.0	10.0	1.6145560975609756	0.0070721199816844845
15.0	11.0	1.6153959349593499	0.0067924135156202745
15.0	12.0	1.6143170731707315	0.0074466286832126005
15.0	13.0	1.6141967479674797	0.0071644637204417855
15.0	14.0	1.6143479674796748	0.007086484400471206
15.0	15.0	1.6147333333333334	0.006830007818642746
15.0	16.0	1.6137813008130082	0.007162867395211713
15.0	17.0	1.6141563559322032	0.006954680183264832
15.0	18.0	1.6138511111111107	0.006792275754166268
15.0	19.0	1.6122504901960788	0.006375997922852448
15.0	20.0	1.6129059523809526	0.006915440524681955
15.0	21.0	1.6122887999999997	0.007515856528356476
15.0	22.0	1.61248	0.006824302976210177
15.0	23.0	1.6123585714285713	0.007797816358352648
15.0	24.0	1.6143428571428575	0.005737522694218007
15.0	25.0	1.6129219512195123	0.007856796808977632
15.0	26.0	1.615060714285714	0.004637075969290736
15.0	27.0	1.6131333333333333	0.006548536732227549
15.0	28.0	1.6121999999999999	0.005434151267677426
15.0	29.0	1.6113749999999998	0.007327547648801379
15.0	30.0	1.6148900000000002	0.006803177362249323
15.0	31.0	1.61005	0.00885048021296015
15.0	32.0	1.6127000000000002	0.007507596153230365
15.0	33.0	1.61058	0.0056878818553130935
15.0	34.0	1.6167	0.008805112151472054
15.0	35.0	1.61425	0.006293250352560365
15.0	36.0	1.62125	0.003889087296526054
15.0	37.0	1.6134	0.0009899494936612145
15.0	38.0	1.61155	0.0071417784899841285
15.0	39.0	1.60605	0.0071417784899841285
15.0	40.0	1.6138	0.010323759005323556
15.0	41.0	1.60595	0.010535891039679496
15.0	42.0	NaN	NaN
15.0	43.0	NaN	NaN
15.0	44.0	NaN	NaN
15.0	45.0	NaN	NaN
16.0	1.0	1.6202155102040812	0.007759209509874902
16.0	2.0	1.619375918367347	0.007829271451975501
16.0	3.0	1.6183620408163264	0.0074632973472460095
16.0	4.0	1.6179497959183673	0.0070822024943724094
16.0	5.0	1.6173253061224493	0.006886355927425165
16.0	6.0	1.6163391836734693	0.007037389557918209
16.0	7.0	1.6162338775510205	0.007144007237620512
16.0	8.0	1.6162012244897956	0.007026556659878275
16.0	9.0	1.6156179591836737	0.006830422837999724
16.0	10.0	1.6158742857142858	0.007255870432808526
16.0	11.0	1.6151873469387754	0.007284069406090719
16.0	12.0	1.6151391836734692	0.006961958645621144
16.0	13.0	1.6143232653061224	0.0070734487923974215
16.0	14.0	1.6146273469387755	0.0072641458309790526
16.0	15.0	1.6141481632653063	0.006503350861844341
16.0	16.0	1.6141311475409836	0.006913933947352107
16.0	17.0	1.613467932489452	0.0068935846763739875
16.0	18.0	1.6127811659192828	0.006755978632526715
16.0	19.0	1.613792039800995	0.006803729588865801
16.0	20.0	1.613214285714286	0.006933076760441504
16.0	21.0	1.6137500000000002	0.00723375923896232
16.0	22.0	1.6126041666666666	0.006116466215355507
16.0	23.0	1.6132750000000002	0.007272553023012451
16.0	24.0	1.6135261538461534	0.006286301499169569
16.0	25.0	1.6120333333333332	0.006799593483783833
16.0	26.0	1.6110266666666666	0.006630646368520013
16.0	27.0	1.6140461538461535	0.00687035549410543
16.0	28.0	1.6118099999999997	0.006365441234137902
16.0	29.0	1.6137266666666668	0.00904603043697435
16.0	30.0	1.609722222222222	0.006216063420239882
16.0	31.0	1.6128714285714285	0.0035504526874349566
16.0	32.0	1.6136714285714286	0.005047677447999979
16.0	33.0	1.6115499999999996	0.008911284980293189
16.0	34.0	1.61338	0.005676442547934435
16.0	35.0	1.6169999999999998	0.003942714800743257
16.0	36.0	1.6098799999999998	0.009481930183248511
16.0	37.0	1.60972	0.003123619695161312
16.0	38.0	1.6201999999999999	0.009079647570252983
16.0	39.0	1.6132333333333335	0.015402705390071299
16.0	40.0	1.6109	0.008671216754296872
16.0	41.0	1.6049999999999998	0.005260228131934971
16.0	42.0	1.6156333333333333	0.006698009654616252
16.0	43.0	1.6125666666666667	0.005462905209989752
16.0	44.0	NaN	NaN
16.0	45.0	NaN	NaN
16.0	46.0	NaN	NaN
16.0	47.0	NaN	NaN
16.0	48.0	NaN	NaN
17.0	1.0	1.6211071729957809	0.006872161295581475
17.0	2.0	1.6184725738396624	0.00823756168927232
17.0	3.0	1.6177637130801692	0.00737348890939623
17.0	4.0	1.6179443037974686	0.007121668061283998
17.0	5.0	1.6171421940928272	0.007937285445938297
17.0	6.0	1.616829113924051	0.006942685797006043
17.0	7.0	1.616081434599156	0.007181024404117188
17.0	8.0	1.6159936708860765	0.007461131061825255
17.0	9.0	1.6154700421940928	0.0073422267495821675
17.0	10.0	1.614725316455696	0.007192783607360417
17.0	11.0	1.6154143459915613	0.00690253307213996
17.0	12.0	1.615055696202532	0.006739192481087518
17.0	13.0	1.613772995780591	0.007322049117248934
17.0	14.0	1.614084388185654	0.007512625597891668
17.0	15.0	1.614197033898305	0.006808407794537448
17.0	16.0	1.614374893617021	0.006635491812307388
17.0	17.0	1.613701777777778	0.006798266352300807
17.0	18.0	1.613633971291866	0.007221551880092266
17.0	19.0	1.612382978723404	0.00812909396057554
17.0	20.0	1.6131810126582276	0.00631477039033417
17.0	21.0	1.6119901515151513	0.006434767916934284
17.0	22.0	1.611509259259259	0.006991697840904713
17.0	23.0	1.6120131578947372	0.007102982323977498
17.0	24.0	1.6131932203389834	0.00704277238726977
17.0	25.0	1.6108227272727271	0.006759140706234844
17.0	26.0	1.614941176470588	0.005807107330131922
17.0	27.0	1.6138045454545453	0.006386926921285061
17.0	28.0	1.6117499999999998	0.008524100780589527
17.0	29.0	1.614292857142857	0.0071810074593937285
17.0	30.0	1.6148333333333333	0.005891493611105518
17.0	31.0	1.6147727272727272	0.004794182080207418
17.0	32.0	1.6124999999999998	0.006914658342969628
17.0	33.0	1.6090333333333335	0.006386443976632598
17.0	34.0	1.6120666666666665	0.002577466456296496
17.0	35.0	1.6114666666666666	0.011207289294621295
17.0	36.0	1.6082999999999998	0.0016970562748476843
17.0	37.0	NaN	NaN
17.0	38.0	NaN	NaN
17.0	39.0	NaN	NaN
17.0	40.0	NaN	NaN
17.0	41.0	NaN	NaN
17.0	42.0	NaN	NaN
18.0	1.0	1.6197040909090907	0.008192280116529196
18.0	2.0	1.619897727272727	0.007665211951614883
18.0	3.0	1.6181104545454545	0.007136940352886812
18.0	4.0	1.617667272727273	0.007581943330976475
18.0	5.0	1.6163313636363628	0.007438783223679791
18.0	6.0	1.6166263636363636	0.007106318203259516
18.0	7.0	1.6162163636363633	0.006565428025952949
18.0	8.0	1.615913181818182	0.007011664050150958
18.0	9.0	1.6157681818181822	0.007245548869083681
18.0	10.0	1.6146300000000002	0.006977073348576427
18.0	11.0	1.6147763636363635	0.006599846784892791
18.0	12.0	1.6145977272727274	0.007273749908644062
18.0	13.0	1.615513636363636	0.007047082070751954
18.0	14.0	1.6145613636363638	0.0068707179577750565
18.0	15.0	1.6147086363636365	0.00691360038461319
18.0	16.0	1.6130392694063929	0.007454898729031442
18.0	17.0	1.613071028037383	0.0071524579227869875
18.0	18.0	1.6126093750000001	0.007062326539592492
18.0	19.0	1.6130005780346819	0.006746441759040039
18.0	20.0	1.612466666666667	0.006630908764939478
18.0	21.0	1.6134944000000002	0.006276984379718166
18.0	22.0	1.613012903225806	0.0061542354769500264
18.0	23.0	1.6129385714285716	0.006948345499180626
18.0	24.0	1.612247272727273	0.006580213171866488
18.0	25.0	1.6107651162790702	0.00700992098729094
18.0	26.0	1.6099968750000002	0.0086548693873971
18.0	27.0	1.6143280000000002	0.005944992290435149
18.0	28.0	1.6107	0.00803603725332593
18.0	29.0	1.612530769230769	0.008422230960913758
18.0	30.0	1.61128	0.006107154274564651
18.0	31.0	1.6110777777777778	0.0065695848000040455
18.0	32.0	1.6141714285714286	0.007472775987033237
18.0	33.0	1.6168666666666667	0.0034863543518505093
18.0	34.0	1.6128399999999998	0.006283947803729732
18.0	35.0	1.6206	0.004450468140169792
18.0	36.0	1.61215	0.014919953083036237
18.0	37.0	1.6205	0.010748023074035594
18.0	38.0	NaN	NaN
18.0	39.0	NaN	NaN
18.0	40.0	NaN	NaN
18.0	41.0	NaN	NaN
19.0	1.0	1.619073469387755	0.0070042778287002705
19.0	2.0	1.6183397959183676	0.006814445287293871
19.0	3.0	1.6182749999999997	0.0076378435337570135
19.0	4.0	1.6173576530612248	0.0070200148003380265
19.0	5.0	1.6169403061224492	0.007720486095242581
19.0	6.0	1.6171826530612248	0.006377227522512272
19.0	7.0	1.6168581632653065	0.007773979259824538
19.0	8.0	1.61595306122449	0.007410605070027999
19.0	9.0	1.6147795918367345	0.007091735300766529
19.0	10.0	1.6143183673469386	0.006941378669514803
19.0	11.0	1.614558163265306	0.007133509561245929
19.0	12.0	1.6146010204081631	0.007021330064631947
19.0	13.0	1.613801020408163	0.00669181658519103
19.0	14.0	1.6147081632653062	0.007166133649388634
19.0	15.0	1.613944897959184	0.006462937689571043
19.0	16.0	1.614084455958549	0.007460009134781204
19.0	17.0	1.612673369565218	0.007238187856596062
19.0	18.0	1.613976300578035	0.007523325291652041
19.0	19.0	1.6120844155844154	0.006574610800082847
19.0	20.0	1.6123184615384614	0.006779286562534357
19.0	21.0	1.6130990384615385	0.007170428690821548
19.0	22.0	1.612527058823529	0.007079520905153019
19.0	23.0	1.6133883333333332	0.0072551113873556665
19.0	24.0	1.6115816326530616	0.006798825678912853
19.0	25.0	1.6134486486486488	0.007819513398529975
19.0	26.0	1.6160074074074076	0.008351228648709129
19.0	27.0	1.6122136363636363	0.00974842089554558
19.0	28.0	1.6103176470588236	0.0062140199643746785
19.0	29.0	1.610807692307692	0.00703852038647106
19.0	30.0	1.61161	0.005702913485423243
19.0	31.0	1.6107499999999997	0.0077399612402129815
19.0	32.0	1.6108	0.003800877091760154
19.0	33.0	1.614125	0.009255403826954327
19.0	34.0	1.6158333333333335	0.00818677795798398
19.0	35.0	NaN	NaN
19.0	36.0	NaN	NaN
19.0	37.0	NaN	NaN
19.0	38.0	NaN	NaN
19.0	39.0	NaN	NaN
19.0	40.0	NaN	NaN
19.0	41.0	NaN	NaN
19.0	42.0	NaN	NaN
19.0	43.0	NaN	NaN
19.0	44.0	NaN	NaN
19.0	45.0	NaN	NaN
19.0	46.0	NaN	NaN
19.0	47.0	NaN	NaN
19.0	48.0	NaN	NaN
19.0	49.0	NaN	NaN
19.0	50.0	NaN	NaN
20.0	1.0	1.6195718562874248	0.007885138424861183
20.0	2.0	1.619419161676647	0.007441838208365343
20.0	3.0	1.6178	0.007172672369184487
20.0	4.0	1.6181904191616765	0.00724692068825093
20.0	5.0	1.6168640718562874	0.007195139101754791
20.0	6.0	1.616374850299401	0.007098436265630181
20.0	7.0	1.6166538922155689	0.008492071060935316
20.0	8.0	1.6155640718562874	0.0074265578590191955
20.0	9.0	1.615580239520958	0.006708295884740322
20.0	10.0	1.6154125748502997	0.006641664579790816
20.0	11.0	1.6143395209580835	0.007042033507000288
20.0	12.0	1.614594610778443	0.007697732865153005
20.0	13.0	1.6147604790419163	0.007285502670833832
20.0	14.0	1.6139608433734933	0.0066098069847250005
20.0	15.0	1.6141427710843372	0.006521677756482707
20.0	16.0	1.6138578313253007	0.006513726680506796
20.0	17.0	1.6124310559006212	0.00670965010288208
20.0	18.0	1.613166225165563	0.007284036311617521
20.0	19.0	1.6135700729927005	0.006945802424354024
20.0	20.0	1.6131238938053096	0.006558163864553569
20.0	21.0	1.6130063829787236	0.007481199497157267
20.0	22.0	1.6130921052631582	0.006792010270072614
20.0	23.0	1.612257142857143	0.006863454276695867
20.0	24.0	1.6131222222222223	0.007775424247089185
20.0	25.0	1.6117533333333331	0.008555003913150658
20.0	26.0	1.6129399999999998	0.006807838619317204
20.0	27.0	1.6129263157894738	0.006669569543436586
20.0	28.0	1.6124416666666666	0.007756224284503079
20.0	29.0	1.6096799999999998	0.004123860111863889
20.0	30.0	1.61325	0.005116932674952857
20.0	31.0	1.6199	0.009192388155425205
21.0	1.0	1.620425179856115	0.007857647373738914
21.0	2.0	1.6195122302158274	0.007646467977198812
21.0	3.0	1.618753237410072	0.006558955622926402
21.0	4.0	1.6183482014388486	0.007469409620249137
21.0	5.0	1.617202158273381	0.0070070096128019175
21.0	6.0	1.616238848920864	0.0076661736841315145
21.0	7.0	1.6171043165467625	0.006404673005303945
21.0	8.0	1.6166410071942443	0.00721399417948801
21.0	9.0	1.6156424460431653	0.006852250010427293
21.0	10.0	1.6155496402877698	0.0071981617429983545
21.0	11.0	1.6143093525179857	0.0074340568838045795
21.0	12.0	1.6159460431654677	0.00723654439699761
21.0	13.0	1.6140064748201435	0.0069851831658066495
21.0	14.0	1.6142597122302156	0.007505821117054818
21.0	15.0	1.6147417266187045	0.006784369282579065
21.0	16.0	1.6139111111111113	0.00683340856650735
21.0	17.0	1.6135669230769232	0.006673578453414782
21.0	18.0	1.6131470588235295	0.007474168209822005
21.0	19.0	1.6129727272727274	0.006760026994828423
21.0	20.0	1.6124845360824742	0.0073575547937446886
21.0	21.0	1.6134271428571423	0.005956847756715586
21.0	22.0	1.6105811320754717	0.007164926769816703
21.0	23.0	1.6127166666666666	0.0074497363328222335
21.0	24.0	1.6137880000000002	0.007753994669416094
21.0	25.0	1.6118294117647058	0.006245174607835467
21.0	26.0	1.6126166666666668	0.009793303215911741
21.0	27.0	1.613	0.004654030511288051
21.0	28.0	1.612675	0.007750860167319061
21.0	29.0	1.6102	0.005271622141238978
21.0	30.0	1.61345	0.007000357133746834
21.0	31.0	NaN	NaN
21.0	32.0	NaN	NaN
21.0	33.0	NaN	NaN
21.0	34.0	NaN	NaN
21.0	35.0	NaN	NaN
21.0	36.0	NaN	NaN
22.0	1.0	1.619658558558559	0.006889484325186774
22.0	2.0	1.6187018018018013	0.007321437787036865
22.0	3.0	1.6180864864864866	0.007419280613086739
22.0	4.0	1.6174324324324325	0.007174274270071597
22.0	5.0	1.6156243243243242	0.008599568870971666
22.0	6.0	1.6160972972972973	0.007841132333110843
22.0	7.0	1.6151405405405408	0.00650348687423458
22.0	8.0	1.6153081081081078	0.006522299303649619
22.0	9.0	1.6145306306306302	0.007036770860568368
22.0	10.0	1.6152621621621617	0.0071870218140257834
22.0	11.0	1.6153828828828827	0.006543350182699352
22.0	12.0	1.6138756756756756	0.007937233502655428
22.0	13.0	1.6147693693693692	0.006855147936773732
22.0	14.0	1.614531531531532	0.00748466288767761
22.0	15.0	1.613370642201835	0.007367939844130168
22.0	16.0	1.613972222222222	0.006538753394199529
22.0	17.0	1.6132813725490198	0.006933227933841885
22.0	18.0	1.6147148936170213	0.007352944804660846
22.0	19.0	1.613245569620253	0.006519926015553853
22.0	20.0	1.6124681818181819	0.007185758545493023
22.0	21.0	1.6125111111111112	0.007870764309621405
22.0	22.0	1.6133586956521742	0.006579144695743971
22.0	23.0	1.6122473684210528	0.006395468701717762
22.0	24.0	1.61055	0.008216672301102424
22.0	25.0	1.6149850000000001	0.007609431474717487
22.0	26.0	1.6121062499999996	0.00756381462402843
22.0	27.0	1.6073416666666667	0.005573877112083303
22.0	28.0	1.614711111111111	0.007324179893415438
22.0	29.0	1.6092499999999998	0.006857738069405347
22.0	30.0	1.6161	0.0059749476985158975
22.0	31.0	1.6088333333333333	0.004867579823005838
22.0	32.0	1.6145333333333334	0.008950046554813755
22.0	33.0	1.61605	0.005161879502661699
22.0	34.0	NaN	NaN
22.0	35.0	NaN	NaN
23.0	1.0	1.619096551724138	0.006264136538724381
23.0	2.0	1.6174770114942527	0.0075676284440575016
23.0	3.0	1.6174172413793102	0.00687033066630088
23.0	4.0	1.6185436781609195	0.007383698278458318
23.0	5.0	1.6168482758620686	0.00837322507493817
23.0	6.0	1.6164919540229887	0.008762926908166102
23.0	7.0	1.6168666666666665	0.006753838988699048
23.0	8.0	1.6157000000000004	0.00815756176522669
23.0	9.0	1.6148402298850573	0.007060658441034866
23.0	10.0	1.6145103448275862	0.006846575013435182
23.0	11.0	1.6155252873563215	0.007033131202351435
23.0	12.0	1.6134999999999997	0.007323631708063191
23.0	13.0	1.6154793103448275	0.007212233436790031
23.0	14.0	1.6139793103448277	0.0059316874325873814
23.0	15.0	1.614277011494253	0.007650698420001931
23.0	16.0	1.6131494252873566	0.00706232838545506
23.0	17.0	1.6139523255813955	0.0070040110649992465
23.0	18.0	1.61371	0.0067727413442752816
23.0	19.0	1.612047619047619	0.006810211903833482
23.0	20.0	1.6106037735849055	0.007085927610524703
23.0	21.0	1.6133833333333332	0.00660132716392719
23.0	22.0	1.6127363636363634	0.00617230802566077
23.0	23.0	1.6120799999999997	0.006748641838671461
23.0	24.0	1.6133444444444445	0.007219925225474167
23.0	25.0	1.61158	0.009426181034166979
23.0	26.0	1.6147833333333332	0.005538020103490662
23.0	27.0	1.61158	0.00476308723413705
23.0	28.0	1.6091999999999997	0.004058324777540601
23.0	29.0	1.6187333333333334	0.00950806675057203
23.0	30.0	1.6200666666666665	0.003156474826975934
23.0	31.0	1.6159666666666668	0.005185878260558445
23.0	32.0	1.6197	0.002404163056034154
23.0	33.0	1.61075	0.0010606601717797046
23.0	34.0	NaN	NaN
23.0	35.0	NaN	NaN
24.0	1.0	1.619055714285714	0.007942303460899127
24.0	2.0	1.6184314285714285	0.007768620321377708
24.0	3.0	1.6168757142857144	0.00661952394878126
24.0	4.0	1.6186442857142858	0.008043750580136413
24.0	5.0	1.6172742857142857	0.00769058686278206
24.0	6.0	1.6170042857142857	0.005947388556486124
24.0	7.0	1.6147042857142857	0.006955624055693422
24.0	8.0	1.614515714285714	0.007386310010374476
24.0	9.0	1.6142442857142856	0.007698101322738958
24.0	10.0	1.615737142857143	0.0077730707831323576
24.0	11.0	1.6157028571428573	0.006997286667268504
24.0	12.0	1.6143942857142857	0.006444251133437258
24.0	13.0	1.6150428571428572	0.007335215267650589
24.0	14.0	1.6157757142857143	0.006196877093688854
24.0	15.0	1.6138599999999999	0.007083260528185094
24.0	16.0	1.6137014285714284	0.007160388072576543
24.0	17.0	1.614639393939394	0.006993488813238062
24.0	18.0	1.6129229508196723	0.007567659115002092
24.0	19.0	1.6119641509433964	0.008232325924708279
24.0	20.0	1.6133244444444443	0.007076342004285559
24.0	21.0	1.6148194444444441	0.00645736874517099
24.0	22.0	1.6105000000000003	0.007849246248313704
24.0	23.0	1.6128159999999996	0.006394377738816077
24.0	24.0	1.6165	0.007107990532616439
24.0	25.0	1.615509090909091	0.007929370031150608
24.0	26.0	1.6143818181818181	0.0044644861253716845
24.0	27.0	1.6143999999999998	0.003419064199455751
24.0	28.0	1.612575	0.0021929812280698626
24.0	29.0	1.611525	0.008883083173463348
24.0	30.0	1.6035666666666666	0.006350852961085825
24.0	31.0	1.60965	0.0004949747468306857
24.0	32.0	NaN	NaN
25.0	1.0	1.619613725490196	0.008362105467113981
25.0	2.0	1.620064705882353	0.008404803948443104
25.0	3.0	1.6175117647058823	0.008432879628189253
25.0	4.0	1.6169078431372548	0.00664725035295813
25.0	5.0	1.6170235294117645	0.00673544618374444
25.0	6.0	1.616856862745098	0.007673754098274476
25.0	7.0	1.6162372549019608	0.007827156847395197
25.0	8.0	1.6143607843137253	0.006774513367951154
25.0	9.0	1.616149019607843	0.006907369182229071
25.0	10.0	1.6169039215686274	0.008599068805034962
25.0	11.0	1.6160882352941175	0.00707529920381672
25.0	12.0	1.6148745098039214	0.007946995486025017
25.0	13.0	1.6146647058823531	0.00739669719616564
25.0	14.0	1.6141196078431375	0.0062315012511542835
25.0	15.0	1.6135254901960785	0.0063935856336567445
25.0	16.0	1.6146117647058824	0.005892084420943855
25.0	17.0	1.614536734693877	0.0065095344776447935
25.0	18.0	1.6145222222222217	0.00858338481891001
25.0	19.0	1.6136916666666667	0.007632426126169112
25.0	20.0	1.6145866666666666	0.007833250672099949
25.0	21.0	1.6139041666666667	0.0069196933311456415
25.0	22.0	1.614811111111111	0.007397287967968105
25.0	23.0	1.6113812500000002	0.00489247296023869
25.0	24.0	1.613309090909091	0.005690598306936517
25.0	25.0	1.6131909090909091	0.007030000646579603
25.0	26.0	1.6118125	0.005587597873863157
25.0	27.0	1.6106	0.005802585630561552
25.0	28.0	1.61605	0.0031819805153395844
25.0	29.0	1.6169	0.0
25.0	30.0	1.6102500000000002	0.010960155108391536
25.0	31.0	1.6029	0.002121320343559723
25.0	32.0	NaN	NaN
25.0	33.0	NaN	NaN
25.0	34.0	NaN	NaN
25.0	35.0	NaN	NaN
25.0	36.0	NaN	NaN
25.0	37.0	NaN	NaN
25.0	38.0	NaN	NaN
25.0	39.0	NaN	NaN
25.0	40.0	NaN	NaN
25.0	41.0	NaN	NaN
25.0	42.0	NaN	NaN
25.0	43.0	NaN	NaN
25.0	44.0	NaN	NaN
25.0	45.0	NaN	NaN
25.0	46.0	NaN	NaN
25.0	47.0	NaN	NaN
25.0	48.0	NaN	NaN
26.0	1.0	1.620003125	0.006893965775437495
26.0	2.0	1.6187062500000002	0.007144406226033115
26.0	3.0	1.6175781250000003	0.007010716882721574
26.0	4.0	1.6197124999999999	0.007220300681791858
26.0	5.0	1.6177124999999999	0.005626363633994477
26.0	6.0	1.61634375	0.007056268661222808
26.0	7.0	1.6148656250000002	0.005142649585385393
26.0	8.0	1.6123875000000003	0.006555113738832627
26.0	9.0	1.6132281250000005	0.008481563853631354
26.0	10.0	1.6156281249999997	0.007020855309304805
26.0	11.0	1.614253125	0.0066186922192792985
26.0	12.0	1.6144187500000005	0.004913079154073692
26.0	13.0	1.6142281250000001	0.006687698595182035
26.0	14.0	1.6139187499999998	0.007696435601480828
26.0	15.0	1.6137124999999999	0.00714832486580575
26.0	16.0	1.6149000000000002	0.006939554694275321
26.0	17.0	1.6124129032258065	0.0067743507406237274
26.0	18.0	1.615753846153846	0.006150136959075341
26.0	19.0	1.6143047619047621	0.006443405636034096
26.0	20.0	1.6102473684210525	0.006076308128118279
26.0	21.0	1.6086230769230772	0.006453830109084299
26.0	22.0	1.6115	0.005214642844912802
26.0	23.0	1.6120833333333335	0.00701581546697645
26.0	24.0	1.60835	0.005149433625814301
26.0	25.0	1.6070666666666666	0.0021385353243127078
26.0	26.0	1.61225	0.0016263455967290372
26.0	27.0	NaN	NaN
26.0	28.0	NaN	NaN
27.0	1.0	1.6179592592592595	0.009534603346162917
27.0	2.0	1.6181814814814814	0.0062049630902663
27.0	3.0	1.6158851851851852	0.008123882346973293
27.0	4.0	1.6197777777777778	0.008795380489138485
27.0	5.0	1.6185185185185187	0.00667959217070561
27.0	6.0	1.6159185185185183	0.0060466797651550904
27.0	7.0	1.6161925925925924	0.0062217315130069124
27.0	8.0	1.6147407407407408	0.00787148012956899
27.0	9.0	1.6135518518518521	0.006806578852075079
27.0	10.0	1.6141185185185185	0.006361847641456488
27.0	11.0	1.6150111111111112	0.007069725994762865
27.0	12.0	1.6140629629629633	0.006445878119336788
27.0	13.0	1.614703703703704	0.005569524318970248
27.0	14.0	1.613777777777778	0.0057800275041489145
27.0	15.0	1.616507407407407	0.008022369011607758
27.0	16.0	1.6156444444444444	0.006848713148823785
27.0	17.0	1.6136296296296295	0.006103518204522257
27.0	18.0	1.6144874999999994	0.0065086773183790836
27.0	19.0	1.6134473684210526	0.006544155018967752
27.0	20.0	1.611864285714286	0.00850742726570837
27.0	21.0	1.6123333333333336	0.008791455907282779
27.0	22.0	1.6169499999999999	0.008101474488566197
27.0	23.0	1.6108000000000002	0.005412947441089734
27.0	24.0	1.6118166666666667	0.011479968060350516
27.0	25.0	1.61345	0.0020403431084011145
27.0	26.0	1.6108250000000002	0.005966224378393171
27.0	27.0	1.6041999999999998	0.002497999199359333
27.0	28.0	1.6163999999999998	0.006850547423381593
27.0	29.0	1.6117	0.007114070564732959
27.0	30.0	1.59975	0.011950104602052751
27.0	31.0	1.61585	0.0009192388155425676
27.0	32.0	NaN	NaN
27.0	33.0	NaN	NaN
27.0	34.0	NaN	NaN
28.0	1.0	1.6171090909090913	0.006488738162672521
28.0	2.0	1.6175454545454548	0.007777239519614555
28.0	3.0	1.6188409090909088	0.007311807742790574
28.0	4.0	1.6185499999999997	0.006963698387932617
28.0	5.0	1.616486363636364	0.006222256171315356
28.0	6.0	1.6158863636363636	0.00669358580352048
28.0	7.0	1.6157818181818184	0.00520454346963044
28.0	8.0	1.6171636363636366	0.009442535245445026
28.0	9.0	1.6142636363636362	0.007486466866766065
28.0	10.0	1.6142636363636362	0.0065320853123745195
28.0	11.0	1.613072727272727	0.009273525133317348
28.0	12.0	1.6147227272727271	0.0071229964145770935
28.0	13.0	1.6158727272727271	0.00731425104834858
28.0	14.0	1.6147727272727272	0.007209661627234715
28.0	15.0	1.6141136363636364	0.006519370072881756
28.0	16.0	1.6168772727272724	0.007119519233245622
28.0	17.0	1.613190909090909	0.004955315480890365
28.0	18.0	1.6121299999999998	0.0076067214045419124
28.0	19.0	1.6135150000000003	0.006824435584913331
28.0	20.0	1.6144333333333334	0.0053387661722934
28.0	21.0	1.61346	0.006085538413137922
28.0	22.0	1.6127111111111114	0.008802193539744024
28.0	23.0	1.6096166666666667	0.005445150747836693
28.0	24.0	1.6139999999999999	0.005365817738239018
28.0	25.0	1.6150499999999999	0.0050496534534560265
28.0	26.0	1.6170166666666665	0.010807296917669377
28.0	27.0	1.6177500000000002	0.00570409209836814
28.0	28.0	1.605533333333333	0.003412232895529464
28.0	29.0	1.60835	0.001909188309203625
28.0	30.0	1.6174	0.006081118318204267
28.0	31.0	1.61185	0.010535891039679496
28.0	32.0	NaN	NaN
28.0	33.0	NaN	NaN
28.0	34.0	NaN	NaN
28.0	35.0	NaN	NaN
28.0	36.0	NaN	NaN
28.0	37.0	NaN	NaN
29.0	1.0	1.6217850000000003	0.007769459440656094
29.0	2.0	1.621985	0.007240839948368873
29.0	3.0	1.6173300000000002	0.00973718320881891
29.0	4.0	1.616715	0.006374560872388716
29.0	5.0	1.6158449999999998	0.007344562972918006
29.0	6.0	1.6169749999999996	0.008893218883242602
29.0	7.0	1.614875	0.0070989899207378115
29.0	8.0	1.6149550000000001	0.008973086953422697
29.0	9.0	1.6147950000000002	0.005777039398387926
29.0	10.0	1.6157299999999999	0.007680261782819109
29.0	11.0	1.6131999999999997	0.00624643055967504
29.0	12.0	1.614445	0.007145515708249617
29.0	13.0	1.613345	0.006257919193436335
29.0	14.0	1.6144649999999998	0.010362395323577703
29.0	15.0	1.6135899999999999	0.00705444242266792
29.0	16.0	1.612575	0.005902798176779352
29.0	17.0	1.6145444444444446	0.008788643890721076
29.0	18.0	1.6133882352941176	0.007862719182393325
29.0	19.0	1.610607142857143	0.0070726411436784035
29.0	20.0	1.61383	0.008400271159644557
29.0	21.0	1.6166666666666665	0.003624178067737082
29.0	22.0	1.612325	0.0060868026636870225
29.0	23.0	1.6163666666666667	0.004497036060933187
29.0	24.0	1.6075499999999998	0.011525840533340713
30.0	1.0	1.614242857142857	0.010080118610849308
30.0	2.0	1.6181142857142856	0.008851845278537409
30.0	3.0	1.6175714285714287	0.007015085785037043
30.0	4.0	1.615992857142857	0.007937589663766268
30.0	5.0	1.6161214285714283	0.009327476249597918
30.0	6.0	1.6187000000000002	0.005799602108367814
30.0	7.0	1.6167499999999997	0.008382467967774724
30.0	8.0	1.616657142857143	0.007607153949328957
30.0	9.0	1.612192857142857	0.006114102775326306
30.0	10.0	1.6144285714285715	0.008578544665118237
30.0	11.0	1.6150142857142857	0.006789681893857783
30.0	12.0	1.6203357142857144	0.005911345954096349
30.0	13.0	1.6128571428571428	0.00739893072167702
30.0	14.0	1.613114285714286	0.006631493293120601
30.0	15.0	1.6162357142857142	0.006917826152869029
30.0	16.0	1.6161571428571428	0.004828395861298721
30.0	17.0	1.614292857142857	0.008018005150497626
30.0	18.0	1.6159846153846154	0.0071629656513958785
30.0	19.0	1.6138076923076925	0.005573667484768798
30.0	20.0	1.6149083333333332	0.007658086437145238
30.0	21.0	1.6161999999999999	0.007425900618780188
30.0	22.0	1.6128799999999999	0.01192549090533944
30.0	23.0	1.6144375000000002	0.0062757896486645625
30.0	24.0	1.612425	0.0026195692121306715
30.0	25.0	1.6111999999999997	0.00479434190329753
30.0	26.0	1.61494	0.005886255176255983
30.0	27.0	1.6076000000000001	0.003309582048134394
30.0	28.0	NaN	NaN
30.0	29.0	NaN	NaN
30.0	30.0	NaN	NaN
30.0	31.0	NaN	NaN
30.0	32.0	NaN	NaN
30.0	33.0	NaN	NaN
30.0	34.0	NaN	NaN
30.0	35.0	NaN	NaN
30.0	36.0	NaN	NaN
31.0	1.0	1.6176000000000001	0.007289718787443048
31.0	2.0	1.6202363636363637	0.006165918054478586
31.0	3.0	1.6190545454545455	0.008365567958765703
31.0	4.0	1.6153545454545453	0.007474271019485926
31.0	5.0	1.6190272727272725	0.007148579006920334
31.0	6.0	1.615409090909091	0.00668333068842992
31.0	7.0	1.6221909090909092	0.009364235638369467
31.0	8.0	1.615663636363636	0.00813870662049846
31.0	9.0	1.6182727272727275	0.0047726493500132704
31.0	10.0	1.619118181818182	0.008125123775280987
31.0	11.0	1.6159636363636365	0.008625806945123762
31.0	12.0	1.6143454545454545	0.0034036344211338973
31.0	13.0	1.6137090909090908	0.006157345945365491
31.0	14.0	1.6137636363636363	0.007858660538192607
31.0	15.0	1.614518181818182	0.007403758259400175
31.0	16.0	1.6130727272727272	0.005796221339647195
31.0	17.0	1.6119363636363637	0.004410957430597744
31.0	18.0	1.6118454545454546	0.005032566668483152
31.0	19.0	1.61596	0.006227751511491861
31.0	20.0	1.6144333333333334	0.009134276107059615
31.0	21.0	1.6131375000000001	0.004948863505897114
31.0	22.0	1.6147166666666666	0.005558566961606838
31.0	23.0	1.6141750000000001	0.005113625589214257
31.0	24.0	1.6113	0.0019974984355437255
31.0	25.0	1.6193666666666668	0.00776938435999488
31.0	26.0	1.6156666666666666	0.005795112883571238
31.0	27.0	1.6207	0.002404163056034311
31.0	28.0	1.6148	0.0031112698372207804
31.0	29.0	1.613	0.0011313708498983514
31.0	30.0	1.605	0.014142135623730963
31.0	31.0	1.61245	0.00035355339059323483
31.0	32.0	1.6176	0.01131370849898477
31.0	33.0	1.6192	0.00509116882454321
31.0	34.0	NaN	NaN
31.0	35.0	NaN	NaN
31.0	36.0	NaN	NaN
31.0	37.0	NaN	NaN
31.0	38.0	NaN	NaN
31.0	39.0	NaN	NaN
31.0	40.0	NaN	NaN
32.0	1.0	1.6189333333333333	0.006828250141873842
32.0	2.0	1.6206555555555555	0.007656224773201059
32.0	3.0	1.6193777777777778	0.006122658282514576
32.0	4.0	1.6168444444444445	0.0068831517328748456
32.0	5.0	1.6127666666666665	0.006799816173985887
32.0	6.0	1.6210777777777778	0.008659355890852675
32.0	7.0	1.6151666666666664	0.00498121471129282
32.0	8.0	1.6182777777777777	0.009599710643787316
32.0	9.0	1.6150888888888888	0.006136864925278299
32.0	10.0	1.6166333333333336	0.010184547118060792
32.0	11.0	1.6167	0.005773863524538862
32.0	12.0	1.6127333333333331	0.008055432949258494
32.0	13.0	1.610011111111111	0.009199788644915233
32.0	14.0	1.6115777777777778	0.006650334160359483
32.0	15.0	1.6115777777777778	0.01037879783233322
32.0	16.0	1.610075	0.0049537143351515035
32.0	17.0	1.6139625	0.0038570667981918582
32.0	18.0	1.6132285714285715	0.006361790703283221
32.0	19.0	1.6147333333333334	0.005708823579921415
32.0	20.0	1.60995	0.0047169905660283395
32.0	21.0	1.6132333333333335	0.008851176946222108
32.0	22.0	1.6071666666666669	0.008095883727755345
32.0	23.0	NaN	NaN
32.0	24.0	NaN	NaN
33.0	1.0	1.6247166666666668	0.008964020675269972
33.0	2.0	1.6184833333333335	0.006603155811175948
33.0	3.0	1.6146500000000001	0.004938724531698435
33.0	4.0	1.6162166666666666	0.01120025297333353
33.0	5.0	1.6136499999999998	0.005013880732526416
33.0	6.0	1.6151833333333334	0.010348220458932357
33.0	7.0	1.6164500000000002	0.005469094989118346
33.0	8.0	1.6119333333333332	0.007473062736700819
33.0	9.0	1.6155333333333335	0.011307814407155182
33.0	10.0	1.6141666666666667	0.004994663819184129
33.0	11.0	1.6176333333333333	0.00660535136587502
33.0	12.0	1.6110166666666668	0.01045876028344982
33.0	13.0	1.6118333333333332	0.009043155791352182
33.0	14.0	1.6163333333333334	0.0047217228494127305
33.0	15.0	1.6135000000000002	0.005723984626114893
33.0	16.0	1.6075833333333334	0.009083042808809567
33.0	17.0	1.6118333333333332	0.009823577081016168
33.0	18.0	1.61372	0.004721969927900841
33.0	19.0	1.6124	0.0072401657439592195
33.0	20.0	1.6140999999999999	0.0015620499351812868
33.0	21.0	1.61445	0.001767766952966331
33.0	22.0	1.6099999999999999	0.011172287142747319
33.0	23.0	NaN	NaN
33.0	24.0	NaN	NaN
33.0	25.0	NaN	NaN
34.0	1.0	1.6121333333333332	0.01632829854373493
34.0	2.0	1.6267000000000003	0.010708407911543209
34.0	3.0	1.6193	0.010499047575851838
34.0	4.0	1.6212666666666669	0.0023437861108329206
34.0	5.0	1.6247333333333334	0.003914502948438482
34.0	6.0	1.6114	0.005214403129793456
34.0	7.0	1.6218333333333332	0.0027300793639257236
34.0	8.0	1.6108666666666667	0.003942503434790308
34.0	9.0	1.6193000000000002	0.004299999999999989
34.0	10.0	1.6150666666666667	0.003557152419187805
34.0	11.0	1.6195333333333333	0.005517547764481397
34.0	12.0	1.6138333333333332	0.00804072965179986
34.0	13.0	1.6030333333333333	0.003875994496040072
34.0	14.0	1.6220999999999999	0.005458021619598115
34.0	15.0	1.6185333333333334	0.006293117934166942
34.0	16.0	1.6152333333333333	0.012506531626847317
34.0	17.0	1.6151	0.0026870057685088986
34.0	18.0	1.6162	0.00042426406871203876
34.0	19.0	1.60495	0.0002121320343559409
34.0	20.0	1.6143	0.003535533905932819
34.0	21.0	1.6102	0.011172287142747477
34.0	22.0	1.60705	0.0019091883092037822
34.0	23.0	NaN	NaN
34.0	24.0	NaN	NaN
35.0	1.0	1.6170333333333333	0.010915279810125468
35.0	2.0	1.6127666666666667	0.004452340208624328
35.0	3.0	1.6197	0.002981610303175125
35.0	4.0	1.6150666666666667	0.009188217092196567
35.0	5.0	1.6207333333333336	0.00869329243344168
35.0	6.0	1.6156	0.00108166538263917
35.0	7.0	1.6182999999999998	0.005788782255362596
35.0	8.0	1.6158000000000001	0.0017058722109231338
35.0	9.0	1.6183333333333334	0.005612783029240752
35.0	10.0	1.6154	0.0032046840717924446
35.0	11.0	1.6159999999999999	0.005802585630561605
35.0	12.0	1.6119	0.009937806599043898
35.0	13.0	1.6174	0.011481724609134289
35.0	14.0	1.6143666666666665	0.0026501572280401694
35.0	15.0	1.6187333333333331	0.001703917055884343
35.0	16.0	1.6129666666666667	0.005139390365922135
35.0	17.0	1.6168666666666667	0.004042688874169374
35.0	18.0	1.6104333333333332	0.004291076011134464
35.0	19.0	1.6143	0.0033941125496953686
35.0	20.0	1.6091	0.00961665222413693
35.0	21.0	NaN	NaN
36.0	1.0	1.6232333333333333	0.007995206897468929
36.0	2.0	1.6180666666666668	0.0070315953618886075
36.0	3.0	1.611	0.004978955713801877
36.0	4.0	1.6133	0.0020074859899885064
36.0	5.0	1.6200999999999999	0.0029614185789921805
36.0	6.0	1.6175333333333333	0.007569235980819556
36.0	7.0	1.6217333333333332	0.00391705671816641
36.0	8.0	1.6192666666666664	0.0021221058723195816
36.0	9.0	1.6144333333333334	0.0028536526301099537
36.0	10.0	1.6105666666666665	0.003523256069793091
36.0	11.0	1.6194333333333333	0.008918706931687562
36.0	12.0	1.6207	0.004471017781221581
36.0	13.0	1.6125999999999998	0.0058506409905240515
36.0	14.0	1.6160333333333334	0.009650043177796257
36.0	15.0	1.6130000000000002	0.0038742741255620547
36.0	16.0	1.6100666666666665	0.005577036249956965
36.0	17.0	1.61235	0.004171930009000642
36.0	18.0	1.6167500000000001	0.010253048327205066
36.0	19.0	1.61915	0.004030508652763348
36.0	20.0	1.6132	0.01131370849898477
36.0	21.0	1.6181999999999999	0.015697770542341352
36.0	22.0	1.60995	0.006717514421272247
36.0	23.0	1.6077	0.0007071067811866267
36.0	24.0	1.6146500000000001	0.003889087296525897
36.0	25.0	1.60915	0.001767766952966331
36.0	26.0	1.609	0.004242640687119289
36.0	27.0	1.6170499999999999	0.008697413408594519
36.0	28.0	NaN	NaN
37.0	1.0	1.6217999999999997	0.0062217360921209015
37.0	2.0	1.6241666666666668	0.004384442191811177
37.0	3.0	1.6216666666666668	0.007344612537999171
37.0	4.0	1.6157333333333337	0.011015141094572214
37.0	5.0	1.6176333333333333	0.002600640946638649
37.0	6.0	1.6194	0.006519969325081276
37.0	7.0	1.6201333333333334	0.003253203549323833
37.0	8.0	1.6186333333333334	0.007335757175188748
37.0	9.0	1.6131	0.007108445681019268
37.0	10.0	1.6136	0.0033955853692699376
37.0	11.0	1.6228333333333333	0.010774661634285
37.0	12.0	1.6140666666666668	0.006950059951779805
37.0	13.0	1.6090666666666669	0.005685361319505905
37.0	14.0	1.612	0.009759610647971493
37.0	15.0	1.6201666666666668	0.00778609872357999
37.0	16.0	1.6113	0.010059324032955695
37.0	17.0	1.6115666666666666	0.008139615060513201
37.0	18.0	1.6171666666666666	0.003233161507461988
37.0	19.0	1.6201333333333334	0.0029704096238285715
37.0	20.0	1.6148	0.0024637369989509335
37.0	21.0	1.6089666666666667	0.005205125678918153
37.0	22.0	1.6148333333333333	0.011400584780323117
37.0	23.0	NaN	NaN
37.0	24.0	NaN	NaN
37.0	25.0	NaN	NaN
38.0	1.0	1.6166	0.006486139067272607
38.0	2.0	1.6129333333333333	0.002730079363925688
38.0	3.0	1.6186	0.008961584681293879
38.0	4.0	1.6172000000000002	0.014075865870347043
38.0	5.0	1.6190333333333333	0.012329368732150616
38.0	6.0	1.6248666666666667	0.010600157231538268
38.0	7.0	1.6156666666666668	0.007814303125252626
38.0	8.0	1.6121666666666667	0.008087232736439116
38.0	9.0	1.6161333333333332	0.007768097150096225
38.0	10.0	1.6169666666666667	0.004300387579432007
38.0	11.0	1.6207	0.006455230437404959
38.0	12.0	1.611	0.007967433714816854
38.0	13.0	1.6119666666666668	0.009566782809980277
38.0	14.0	1.6243666666666667	0.006772247288259177
38.0	15.0	1.6163999999999998	0.0057471732182004095
38.0	16.0	1.6186333333333334	0.0057274194305404974
38.0	17.0	1.6113666666666668	0.006140304009846164
38.0	18.0	1.6113	0.0046162755550334675
38.0	19.0	1.6152333333333333	0.007503554713156527
38.0	20.0	1.6154	0.002545584412271605
38.0	21.0	1.61235	0.0036062445840514662
38.0	22.0	NaN	NaN
38.0	23.0	NaN	NaN
38.0	24.0	NaN	NaN
39.0	1.0	1.6207666666666667	0.0041283572196859075
39.0	2.0	1.617	0.007999374975583949
39.0	3.0	1.6225333333333334	0.016401321085002054
39.0	4.0	1.6280999999999999	0.0009000000000000119
39.0	5.0	1.6146333333333331	0.009099633692261062
39.0	6.0	1.6179666666666666	0.011636293797138885
39.0	7.0	1.6133333333333333	0.005573448962117948
39.0	8.0	1.6158666666666666	0.006171979693204908
39.0	9.0	1.6162333333333334	0.009017945072650108
39.0	10.0	1.6132	0.00866256313108303
39.0	11.0	1.6216666666666668	0.007938723658960178
39.0	12.0	1.6118333333333332	0.003914502948438482
39.0	13.0	1.6248666666666667	0.00045092497528223974
39.0	14.0	1.6187666666666667	0.004366157731155906
39.0	15.0	1.6116000000000001	0.0083468556954101
39.0	16.0	1.6120999999999999	0.007582216034906951
39.0	17.0	1.6129333333333333	0.009330773458472356
39.0	18.0	1.6222666666666665	0.00750821772016065
39.0	19.0	1.611	0.006202418882984266
39.0	20.0	1.6063333333333334	0.006068223243531253
39.0	21.0	1.6078999999999999	0.004995998398718719
39.0	22.0	1.6093666666666666	0.010318107061536672
39.0	23.0	1.6128333333333333	0.005337914698956234
39.0	24.0	1.6095333333333333	0.0022744962812309274
39.0	25.0	1.6134666666666668	0.0093836737652869
39.0	26.0	1.6082999999999998	0.0040999999999999925
39.0	27.0	1.6127000000000002	0.012636059512363877
39.0	28.0	1.61755	0.005868986283848326
39.0	29.0	NaN	NaN
39.0	30.0	NaN	NaN
39.0	31.0	NaN	NaN
39.0	32.0	NaN	NaN
39.0	33.0	NaN	NaN
40.0	1.0	1.6308500000000001	0.011101576464628829
40.0	2.0	1.6259000000000001	0.006222539674441718
40.0	3.0	1.6219999999999999	0.003535533905932819
40.0	4.0	1.62135	7.071067811864696e-5
40.0	5.0	1.6194000000000002	0.003959797974644701
40.0	6.0	1.6178	0.010889444430272732
40.0	7.0	1.6109	0.008061017305526696
40.0	8.0	1.6108500000000001	0.003889087296525897
40.0	9.0	1.61555	0.004030508652763348
40.0	10.0	1.6209	0.006081118318204267
40.0	11.0	1.6117	0.005798275605729679
40.0	12.0	1.6188500000000001	0.00035355339059323483
40.0	13.0	1.6181999999999999	0.0008485281374239206
40.0	14.0	1.61475	0.0007778174593051166
40.0	15.0	1.6128	0.0018384776310851351
40.0	16.0	1.61815	0.0060104076400857775
40.0	17.0	1.6196000000000002	0.009192388155425205
40.0	18.0	1.6181999999999999	0.012727922061357868
40.0	19.0	NaN	NaN
40.0	20.0	NaN	NaN
40.0	21.0	NaN	NaN
40.0	22.0	NaN	NaN
40.0	23.0	NaN	NaN
40.0	24.0	NaN	NaN
41.0	1.0	NaN	NaN
41.0	2.0	NaN	NaN
41.0	3.0	NaN	NaN
41.0	4.0	NaN	NaN
41.0	5.0	NaN	NaN
41.0	6.0	NaN	NaN
41.0	7.0	NaN	NaN
41.0	8.0	NaN	NaN
41.0	9.0	NaN	NaN
41.0	10.0	NaN	NaN
41.0	11.0	NaN	NaN
41.0	12.0	NaN	NaN
41.0	13.0	NaN	NaN
41.0	14.0	NaN	NaN
41.0	15.0	NaN	NaN
41.0	16.0	NaN	NaN
41.0	17.0	NaN	NaN
41.0	18.0	NaN	NaN
41.0	19.0	NaN	NaN
41.0	20.0	NaN	NaN
41.0	21.0	NaN	NaN
42.0	1.0	NaN	NaN
42.0	2.0	NaN	NaN
42.0	3.0	NaN	NaN
42.0	4.0	NaN	NaN
42.0	5.0	NaN	NaN
42.0	6.0	NaN	NaN
42.0	7.0	NaN	NaN
42.0	8.0	NaN	NaN
42.0	9.0	NaN	NaN
42.0	10.0	NaN	NaN
42.0	11.0	NaN	NaN
42.0	12.0	NaN	NaN
42.0	13.0	NaN	NaN
42.0	14.0	NaN	NaN
42.0	15.0	NaN	NaN
42.0	16.0	NaN	NaN
42.0	17.0	NaN	NaN
42.0	18.0	NaN	NaN
42.0	19.0	NaN	NaN
43.0	1.0	NaN	NaN
43.0	2.0	NaN	NaN
43.0	3.0	NaN	NaN
43.0	4.0	NaN	NaN
43.0	5.0	NaN	NaN
43.0	6.0	NaN	NaN
43.0	7.0	NaN	NaN
43.0	8.0	NaN	NaN
43.0	9.0	NaN	NaN
43.0	10.0	NaN	NaN
43.0	11.0	NaN	NaN
43.0	12.0	NaN	NaN
43.0	13.0	NaN	NaN
43.0	14.0	NaN	NaN
43.0	15.0	NaN	NaN
43.0	16.0	NaN	NaN
43.0	17.0	NaN	NaN
43.0	18.0	NaN	NaN
43.0	19.0	NaN	NaN
44.0	1.0	NaN	NaN
44.0	2.0	NaN	NaN
44.0	3.0	NaN	NaN
44.0	4.0	NaN	NaN
44.0	5.0	NaN	NaN
44.0	6.0	NaN	NaN
44.0	7.0	NaN	NaN
44.0	8.0	NaN	NaN
44.0	9.0	NaN	NaN
44.0	10.0	NaN	NaN
44.0	11.0	NaN	NaN
44.0	12.0	NaN	NaN
44.0	13.0	NaN	NaN
44.0	14.0	NaN	NaN
44.0	15.0	NaN	NaN
44.0	16.0	NaN	NaN
44.0	17.0	NaN	NaN
44.0	18.0	NaN	NaN
44.0	19.0	NaN	NaN
44.0	20.0	NaN	NaN
44.0	21.0	NaN	NaN
44.0	22.0	NaN	NaN
44.0	23.0	NaN	NaN
45.0	1.0	NaN	NaN
45.0	2.0	NaN	NaN
45.0	3.0	NaN	NaN
45.0	4.0	NaN	NaN
45.0	5.0	NaN	NaN
45.0	6.0	NaN	NaN
45.0	7.0	NaN	NaN
45.0	8.0	NaN	NaN
45.0	9.0	NaN	NaN
45.0	10.0	NaN	NaN
45.0	11.0	NaN	NaN
45.0	12.0	NaN	NaN
45.0	13.0	NaN	NaN
45.0	14.0	NaN	NaN
45.0	15.0	NaN	NaN
45.0	16.0	NaN	NaN
45.0	17.0	NaN	NaN
45.0	18.0	NaN	NaN
45.0	19.0	NaN	NaN
