# INITIAL DAMAGE IN LINEAGE
# original file "wt_unlimCap_highRe_3gen.txt" 
# mother	daughter	initDMean	initDStd
0.0	0.0	0.14189999999999997	2.925694557147251e-17
0.0	1.0	0.06838	0.0002658320271650257
0.0	2.0	0.08081	0.0004931756504757955
0.0	3.0	0.09158000000000001	0.0007360555534589606
0.0	4.0	0.10095999999999998	0.0009686187187031983
0.0	5.0	0.10917000000000002	0.001198193084050591
0.0	6.0	0.11643	0.0014900037285561106
0.0	7.0	0.12291	0.001755277755798209
0.0	8.0	0.12874999999999998	0.002033196716721943
0.0	9.0	0.13402	0.0023460605277784282
0.0	10.0	0.13887	0.0026948716728878437
0.0	11.0	0.14336	0.003073253795066213
0.0	12.0	0.14759999999999998	0.003500476158086684
0.0	13.0	0.15162	0.00398184770064239
0.0	14.0	0.15548	0.0045381836797457956
0.0	15.0	0.15934000000000004	0.005190204448981003
0.0	16.0	0.16316999999999998	0.005992411868354844
0.0	17.0	0.16715	0.006957370192824297
0.0	18.0	0.17142999999999997	0.00832853862064381
0.0	19.0	0.17635	0.010413372812558538
0.0	20.0	0.1796	0.011026332119068423
0.0	21.0	0.1871888888888889	0.015717064328656005
0.0	22.0	0.19135714285714284	0.020181167553179963
0.0	23.0	0.180275	0.011064168894830436
0.0	24.0	0.186075	0.014753615376126168
0.0	25.0	0.17625	0.005303300858899111
0.0	26.0	0.17930000000000001	0.00622253967444162
0.0	27.0	0.18280000000000002	0.007636753236814716
0.0	28.0	0.18725	0.009970205614730322
0.0	29.0	0.19390000000000002	0.014849242404917492
0.0	30.0	NaN	NaN
0.0	31.0	NaN	NaN
0.0	32.0	NaN	NaN
1.0	1.0	0.053773170731707315	0.0014352741711052672
1.0	2.0	0.06842520325203252	0.00132107522663865
1.0	3.0	0.08102276422764228	0.001322169707723346
1.0	4.0	0.09191991869918698	0.0014224904839880892
1.0	5.0	0.1014288617886179	0.0016020714668519868
1.0	6.0	0.10978617886178862	0.0018404890744538542
1.0	7.0	0.11720203252032521	0.0021314831319518474
1.0	8.0	0.12383536585365854	0.0024618578657832927
1.0	9.0	0.12982845528455286	0.002835115671259453
1.0	10.0	0.13529837398373984	0.0032542087972808357
1.0	11.0	0.14035691056910568	0.003732473739007098
1.0	12.0	0.14509227642276423	0.004292449624205251
1.0	13.0	0.1495922764227642	0.0049468502967011715
1.0	14.0	0.15395081300813007	0.005759703378628909
1.0	15.0	0.15827723577235772	0.006838985639168715
1.0	16.0	0.16250897959183674	0.00781533807332744
1.0	17.0	0.16698114754098362	0.009316720947453025
1.0	18.0	0.17143556485355652	0.011035372404788748
1.0	19.0	0.1745373873873873	0.010946554590224419
1.0	20.0	0.17750197044334978	0.010707080846642927
1.0	21.0	0.181541935483871	0.012228074234191427
1.0	22.0	0.18279139072847683	0.011343209072082739
1.0	23.0	0.1850696	0.01138154437051776
1.0	24.0	0.18680714285714284	0.011531796026102303
1.0	25.0	0.18911818181818185	0.012231427674908075
1.0	26.0	0.188138	0.012242630269609853
1.0	27.0	0.1899263157894737	0.01394366434080128
1.0	28.0	0.18907499999999997	0.01231601261231356
1.0	29.0	0.18665	0.007507224590528219
1.0	30.0	0.19322	0.01115052984344124
1.0	31.0	0.19349999999999998	0.012058123126479236
1.0	32.0	0.19572	0.012592661001992831
1.0	33.0	0.19326	0.015496386675609253
1.0	34.0	0.1854	0.0057887822553625195
1.0	35.0	0.1894	0.007447818472546167
1.0	36.0	0.1953666666666667	0.01079089122053101
1.0	37.0	0.19805	0.016334166645409254
1.0	38.0	NaN	NaN
1.0	39.0	NaN	NaN
1.0	40.0	NaN	NaN
2.0	1.0	0.05630487804878048	0.0012837352170584778
2.0	2.0	0.07061219512195123	0.0012127947394919604
2.0	3.0	0.08292032520325203	0.0012429694103378703
2.0	4.0	0.09359471544715448	0.0013660656004825082
2.0	5.0	0.10290975609756098	0.0015503213430767835
2.0	6.0	0.11112439024390243	0.001789987639378809
2.0	7.0	0.1184081300813008	0.0020704172307871665
2.0	8.0	0.12494024390243902	0.0023916279020578103
2.0	9.0	0.13085325203252032	0.0027497772810545973
2.0	10.0	0.13626463414634146	0.00315216952633383
2.0	11.0	0.14127154471544714	0.0036146531789529703
2.0	12.0	0.14597154471544715	0.00413902325705983
2.0	13.0	0.1504532520325203	0.004759974446155891
2.0	14.0	0.1548028455284553	0.0055152878468112615
2.0	15.0	0.15912073170731705	0.006472347543799332
2.0	16.0	0.16355691056910565	0.007808771429154896
2.0	17.0	0.16799385245901638	0.009170232926636018
2.0	18.0	0.17280871369294606	0.01105895785122571
2.0	19.0	0.17650488888888888	0.011649230627228101
2.0	20.0	0.17933585858585857	0.01208284755745316
2.0	21.0	0.1818629411764706	0.012351392736889958
2.0	22.0	0.1831050724637681	0.011529120999304693
2.0	23.0	0.18485	0.011474593949517616
2.0	24.0	0.1867066666666667	0.01147208433987144
2.0	25.0	0.18748405797101445	0.010246471748397476
2.0	26.0	0.18990181818181814	0.010571738896684087
2.0	27.0	0.19157317073170732	0.009823569218727068
2.0	28.0	0.19503448275862068	0.012274924377482186
2.0	29.0	0.1911625	0.009284242923721174
2.0	30.0	0.19271818181818182	0.010753215164016589
2.0	31.0	0.19385	0.008904733893513362
2.0	32.0	0.1987	0.011025243761477574
2.0	33.0	0.19325	0.017889801564019644
2.0	34.0	NaN	NaN
2.0	35.0	NaN	NaN
2.0	36.0	NaN	NaN
2.0	37.0	NaN	NaN
2.0	38.0	NaN	NaN
3.0	1.0	0.05849878048780488	0.0011781508065805038
3.0	2.0	0.07249593495934958	0.0011514958061889825
3.0	3.0	0.08456178861788617	0.0012173923503649346
3.0	4.0	0.09502357723577236	0.0013552968678974856
3.0	5.0	0.10417073170731708	0.0015512855344384181
3.0	6.0	0.11224065040650406	0.0017886644155825488
3.0	7.0	0.11940731707317072	0.0020641021463296888
3.0	8.0	0.125840243902439	0.0023686486161521316
3.0	9.0	0.13167398373983738	0.0027168660636655967
3.0	10.0	0.1370178861788618	0.0031018896813321934
3.0	11.0	0.1419780487804878	0.0035513041372377233
3.0	12.0	0.14663252032520324	0.004061566922621384
3.0	13.0	0.15107845528455285	0.004664602182660614
3.0	14.0	0.15540243902439024	0.00541702476385194
3.0	15.0	0.15971341463414634	0.00639592527547169
3.0	16.0	0.16397877551020407	0.0073335434238993545
3.0	17.0	0.16876285714285713	0.009502150748775721
3.0	18.0	0.17287100840336134	0.010025295003495015
3.0	19.0	0.17682499999999998	0.010930120476567814
3.0	20.0	0.18000298507462686	0.01088223281522575
3.0	21.0	0.18370564971751413	0.011846876830059687
3.0	22.0	0.18573142857142855	0.012001097585981151
3.0	23.0	0.1869924528301887	0.011800619016154217
3.0	24.0	0.1878102564102564	0.011383133909242112
3.0	25.0	0.18945423728813557	0.011428885395829265
3.0	26.0	0.1910642857142857	0.012359904124432228
3.0	27.0	0.19086296296296293	0.01349168257021705
3.0	28.0	0.1895526315789474	0.012002053917793154
3.0	29.0	0.18846923076923072	0.010969608365493625
3.0	30.0	0.19044	0.012507970791992335
3.0	31.0	0.18955	0.01630616447850321
3.0	32.0	0.185025	0.015004971398395498
3.0	33.0	0.18556666666666666	0.020901036656906118
3.0	34.0	0.175	0.00028284271247460747
3.0	35.0	0.17665	0.0003535533905932741
3.0	36.0	0.1784	0.00042426406871192107
3.0	37.0	0.18030000000000002	0.0004242640687119407
3.0	38.0	0.18245	0.000494974746830568
3.0	39.0	0.18495	0.0006363961030679012
3.0	40.0	0.1879	0.0008485281374238617
3.0	41.0	0.1916	0.0011313708498984691
3.0	42.0	0.1968	0.0016970562748477233
3.0	43.0	0.20584999999999998	0.0037476659402887014
4.0	1.0	0.06037439024390244	0.0010473068640547846
4.0	2.0	0.0740739837398374	0.00103721270118025
4.0	3.0	0.08588008130081301	0.0011349950973084508
4.0	4.0	0.09612845528455284	0.0013108041043699795
4.0	5.0	0.10509634146341464	0.0015441353267821529
4.0	6.0	0.1130032520325203	0.001815463507885862
4.0	7.0	0.12003983739837397	0.00212075226689362
4.0	8.0	0.12635406504065042	0.002462080532975006
4.0	9.0	0.13207845528455286	0.0028398877622318112
4.0	10.0	0.1373219512195122	0.0032592984492501175
4.0	11.0	0.14218861788617887	0.003743744785737939
4.0	12.0	0.14676585365853662	0.004296544967301958
4.0	13.0	0.1511365853658537	0.00495462296253168
4.0	14.0	0.15538577235772358	0.005765520385827809
4.0	15.0	0.15962967479674794	0.006845774318238965
4.0	16.0	0.16382489795918365	0.007872763310374849
4.0	17.0	0.1682127572016461	0.009538536552139841
4.0	18.0	0.17232995780590715	0.010485413051597867
4.0	19.0	0.1755683257918552	0.010536667206505573
4.0	20.0	0.17963592233009706	0.01189017101248477
4.0	21.0	0.1818875	0.01170073807195817
4.0	22.0	0.18487066666666666	0.012600311845862204
4.0	23.0	0.18520789473684213	0.011476826553583267
4.0	24.0	0.1874913043478261	0.011945514144233841
4.0	25.0	0.18908260869565216	0.01299783869501726
4.0	26.0	0.18721914893617025	0.010880589783764168
4.0	27.0	0.18792857142857142	0.01110406844964735
4.0	28.0	0.18962857142857145	0.011305385709109887
4.0	29.0	0.189215	0.010710166100240316
4.0	30.0	0.19078	0.012084121813354913
4.0	31.0	0.18991818181818187	0.008927017215376941
4.0	32.0	0.19488	0.010921823209621285
4.0	33.0	0.19062	0.00990010100958571
4.0	34.0	0.19217499999999998	0.009505217865292029
4.0	35.0	0.18725	0.000494974746830568
4.0	36.0	0.19140000000000001	0.0005656854249492346
4.0	37.0	0.1973	0.0008485281374238421
4.0	38.0	0.20829999999999999	0.0021213203435596246
5.0	1.0	0.06208373983739838	0.0009779924446717753
5.0	2.0	0.07556056910569107	0.0009861231456923714
5.0	3.0	0.08719471544715447	0.0011031367707703874
5.0	4.0	0.09730569105691057	0.0012958836438701998
5.0	5.0	0.10616747967479674	0.0015425923547893617
5.0	6.0	0.11399146341463413	0.0018272674738814313
5.0	7.0	0.1209658536585366	0.0021460482627014012
5.0	8.0	0.12724715447154472	0.0025024665449700245
5.0	9.0	0.13295203252032523	0.0028945508154855234
5.0	10.0	0.1381930894308943	0.003330684952557651
5.0	11.0	0.14307845528455282	0.0038267990636434756
5.0	12.0	0.14768252032520326	0.004399747134384427
5.0	13.0	0.15210284552845527	0.005074171494905806
5.0	14.0	0.15643658536585367	0.005899543646033856
5.0	15.0	0.16077642276422766	0.006952733496224379
5.0	16.0	0.1653069105691057	0.008446720955865369
5.0	17.0	0.17014979591836732	0.010492243913254647
5.0	18.0	0.1740262931034483	0.01148543395461572
5.0	19.0	0.17671435406698568	0.01118504688141353
5.0	20.0	0.1799910052910053	0.011532838108422325
5.0	21.0	0.18296012269938652	0.012266639190173036
5.0	22.0	0.1852161764705882	0.011958683320241095
5.0	23.0	0.18692912621359226	0.012931741091608063
5.0	24.0	0.18748684210526315	0.012934113468965324
5.0	25.0	0.18690188679245284	0.013063358776570411
5.0	26.0	0.1858102564102564	0.011590486000250259
5.0	27.0	0.18565172413793105	0.011418738380701106
5.0	28.0	0.18783333333333332	0.01291388422578975
5.0	29.0	0.18930526315789473	0.014704854590848956
5.0	30.0	0.18710714285714286	0.013132195568127992
5.0	31.0	0.18776666666666667	0.011987822103613264
5.0	32.0	0.18909	0.012645284584469512
5.0	33.0	0.1894375	0.012722975561670197
5.0	34.0	0.18911666666666668	0.013585200280697613
5.0	35.0	0.18968000000000002	0.013668467361046736
5.0	36.0	0.1886	0.011332548992467082
5.0	37.0	0.18839999999999998	0.012095040305844375
5.0	38.0	0.19446666666666665	0.01654398178593452
5.0	39.0	0.195	0.024607315985291853
5.0	40.0	NaN	NaN
5.0	41.0	NaN	NaN
5.0	42.0	NaN	NaN
5.0	43.0	NaN	NaN
5.0	44.0	NaN	NaN
5.0	45.0	NaN	NaN
5.0	46.0	NaN	NaN
5.0	47.0	NaN	NaN
6.0	1.0	0.0635308943089431	0.000960623104015034
6.0	2.0	0.07675975609756097	0.0009966711642545626
6.0	3.0	0.08817845528455284	0.0011259024734074535
6.0	4.0	0.09811016260162601	0.0013271183966620755
6.0	5.0	0.10680934959349593	0.0015723484267950063
6.0	6.0	0.11449308943089431	0.0018518146114648673
6.0	7.0	0.12133861788617885	0.002158365906904328
6.0	8.0	0.12749715447154472	0.002505250004331786
6.0	9.0	0.13308902439024387	0.0028889800232803427
6.0	10.0	0.13822439024390246	0.003311756213629963
6.0	11.0	0.14299878048780487	0.0037914348337478388
6.0	12.0	0.14750000000000002	0.004343430413291093
6.0	13.0	0.15180365853658537	0.004993753938392695
6.0	14.0	0.15600487804878052	0.005779059363592343
6.0	15.0	0.16020284552845532	0.0067940514221678915
6.0	16.0	0.16455203252032521	0.008264710813548843
6.0	17.0	0.16890614754098357	0.009646757014663155
6.0	18.0	0.17327731092436974	0.011198187292840488
6.0	19.0	0.17722511210762332	0.012691960172798993
6.0	20.0	0.17895773195876288	0.011480317331025563
6.0	21.0	0.18218245614035086	0.012713473022145826
6.0	22.0	0.1840619718309859	0.012911667890536566
6.0	23.0	0.18495217391304347	0.01159327049073053
6.0	24.0	0.18648260869565214	0.011461148981540482
6.0	25.0	0.18800845070422537	0.012060357095860725
6.0	26.0	0.18792115384615385	0.011096516615383186
6.0	27.0	0.18862250000000003	0.010013055260060518
6.0	28.0	0.19091612903225808	0.011183264185802922
6.0	29.0	0.19276666666666673	0.011002081489493215
6.0	30.0	0.19194666666666663	0.010718932960398803
6.0	31.0	0.19581666666666672	0.012834742150141003
6.0	32.0	0.19261666666666666	0.015534917658831231
6.0	33.0	0.186675	0.007431632839872185
6.0	34.0	0.191875	0.011094856165509013
6.0	35.0	0.19123333333333334	0.007580457330091189
6.0	36.0	0.19810000000000003	0.011246777316191513
6.0	37.0	NaN	NaN
6.0	38.0	NaN	NaN
6.0	39.0	NaN	NaN
6.0	40.0	NaN	NaN
7.0	1.0	0.06491260162601627	0.0009625453818282953
7.0	2.0	0.07798333333333332	0.0010170017291070861
7.0	3.0	0.0892739837398374	0.0011730189481827444
7.0	4.0	0.099110162601626	0.0013906166500262922
7.0	5.0	0.1077349593495935	0.001657462222419855
7.0	6.0	0.11536341463414634	0.0019548899772864896
7.0	7.0	0.12217682926829271	0.0022810111674960976
7.0	8.0	0.1283052845528455	0.002644735340396087
7.0	9.0	0.13389837398373977	0.003048250987037231
7.0	10.0	0.13903739837398374	0.00349581436890961
7.0	11.0	0.14382845528455285	0.004005843085869018
7.0	12.0	0.14836544715447156	0.004591436705839095
7.0	13.0	0.15272560975609759	0.005283485498649073
7.0	14.0	0.15700447154471545	0.006144566234437635
7.0	15.0	0.16132479674796743	0.007270931428370853
7.0	16.0	0.16587357723577237	0.009000534735142136
7.0	17.0	0.1698766666666667	0.009673565181430593
7.0	18.0	0.1742596566523605	0.011072305613816039
7.0	19.0	0.17825275229357798	0.012092352640821043
7.0	20.0	0.18072780748663106	0.012418620125126692
7.0	21.0	0.183496875	0.013011554719198312
7.0	22.0	0.18497480314960632	0.013116922115888151
7.0	23.0	0.18716138613861383	0.01412565021722561
7.0	24.0	0.1851573529411765	0.013549338433775145
7.0	25.0	0.18411568627450983	0.012195283884338562
7.0	26.0	0.18682954545454544	0.013869266333364313
7.0	27.0	0.18669411764705882	0.013676521380696511
7.0	28.0	0.18714615384615385	0.015059594437280992
7.0	29.0	0.18377894736842107	0.012221137378755275
7.0	30.0	0.18475000000000003	0.013342063808371878
7.0	31.0	0.18175833333333333	0.010544577092544114
7.0	32.0	0.18661666666666665	0.01499204839745107
7.0	33.0	0.18577000000000002	0.013748054407806222
7.0	34.0	0.1865777777777778	0.01250867476771398
7.0	35.0	0.1908125	0.017330850898243363
7.0	36.0	0.18262	0.01253742397783532
7.0	37.0	0.18005000000000002	0.009216832427683603
7.0	38.0	0.182675	0.011258885380000989
7.0	39.0	0.18655	0.015234719120045065
7.0	40.0	0.18186666666666665	0.00955213763161594
7.0	41.0	0.18460000000000001	0.011601293031382319
7.0	42.0	0.18856666666666666	0.015409845337748636
7.0	43.0	0.18259999999999998	0.010748023074035535
7.0	44.0	0.18519999999999998	0.013010764773832475
7.0	45.0	0.18895	0.016758430714121177
7.0	46.0	NaN	NaN
7.0	47.0	NaN	NaN
7.0	48.0	NaN	NaN
7.0	49.0	NaN	NaN
7.0	50.0	NaN	NaN
7.0	51.0	NaN	NaN
7.0	52.0	NaN	NaN
7.0	53.0	NaN	NaN
7.0	54.0	NaN	NaN
7.0	55.0	NaN	NaN
7.0	56.0	NaN	NaN
8.0	1.0	0.06613658536585368	0.0008953182804428672
8.0	2.0	0.07904146341463414	0.0008999253328907328
8.0	3.0	0.09019918699186992	0.0010305929289974223
8.0	4.0	0.09991788617886178	0.0012454346029628276
8.0	5.0	0.10845325203252033	0.0015081985447897952
8.0	6.0	0.11600772357723577	0.0018080492647289078
8.0	7.0	0.12275650406504064	0.002142499583021829
8.0	8.0	0.1288378048780488	0.002512416849783918
8.0	9.0	0.13438739837398375	0.00292068690198486
8.0	10.0	0.1394930894308943	0.003373811658989994
8.0	11.0	0.14426666666666668	0.003895474436886395
8.0	12.0	0.14878577235772356	0.004496592906676748
8.0	13.0	0.15314512195121951	0.005218706206988771
8.0	14.0	0.15742967479674796	0.0061294715869010695
8.0	15.0	0.16177520325203248	0.007391749051486573
8.0	16.0	0.16615020408163264	0.008660943160741202
8.0	17.0	0.1708522633744856	0.010568815475655084
8.0	18.0	0.17430526315789474	0.01091056427073198
8.0	19.0	0.17798773584905658	0.011655218328311337
8.0	20.0	0.17965611111111113	0.01055064489484328
8.0	21.0	0.1836319018404908	0.011680133526641798
8.0	22.0	0.18578615384615385	0.01209369592872493
8.0	23.0	0.1871659793814434	0.01294006928270622
8.0	24.0	0.18747714285714287	0.013418937207409441
8.0	25.0	0.1851145833333333	0.011233782439935423
8.0	26.0	0.18674871794871795	0.011869041370301668
8.0	27.0	0.18800645161290325	0.012320496079943942
8.0	28.0	0.1862	0.010312498196248042
8.0	29.0	0.18836315789473687	0.010517668231563485
8.0	30.0	0.1875	0.01073607625407594
8.0	31.0	0.18711	0.0096094224592324
8.0	32.0	0.19054444444444443	0.01173148659709322
8.0	33.0	0.19075714285714288	0.01064892125097767
8.0	34.0	0.19212	0.014558056188928515
8.0	35.0	0.190525	0.009133956791372883
8.0	36.0	0.19236666666666666	0.01118942953565254
8.0	37.0	0.1922	0.013859292911256337
8.0	38.0	NaN	NaN
8.0	39.0	NaN	NaN
8.0	40.0	NaN	NaN
8.0	41.0	NaN	NaN
8.0	42.0	NaN	NaN
9.0	1.0	0.06722682926829268	0.0009457594439569437
9.0	2.0	0.07996178861788616	0.0009512200822791446
9.0	3.0	0.0909731707317073	0.0010693559511797484
9.0	4.0	0.10056869918699188	0.001262955690627796
9.0	5.0	0.10899552845528455	0.0015045578119138772
9.0	6.0	0.1164548780487805	0.0017886822721717474
9.0	7.0	0.12312479674796749	0.0021032712517694892
9.0	8.0	0.12913577235772358	0.002456914610040142
9.0	9.0	0.1346182926829268	0.0028396375759886417
9.0	10.0	0.13966382113821138	0.003270790959778958
9.0	11.0	0.14437967479674796	0.0037605461902379582
9.0	12.0	0.14883658536585367	0.004327751328113603
9.0	13.0	0.15312642276422764	0.0050041363511140365
9.0	14.0	0.1573447154471545	0.005852614322548096
9.0	15.0	0.16160121951219514	0.006993002226467027
9.0	16.0	0.16593224489795916	0.008465686590464823
9.0	17.0	0.17010619834710744	0.009098866990357264
9.0	18.0	0.17468728813559317	0.010904803131551765
9.0	19.0	0.17795852534562212	0.01098419039147026
9.0	20.0	0.181559793814433	0.012096534508177385
9.0	21.0	0.18361698113207547	0.01224074544529882
9.0	22.0	0.18483279999999996	0.011774567836737596
9.0	23.0	0.1872803921568627	0.0122463576255234
9.0	24.0	0.18762739726027397	0.012315451679743766
9.0	25.0	0.18821346153846158	0.013579050023750238
9.0	26.0	0.1874657894736842	0.012554449546433338
9.0	27.0	0.18786071428571424	0.013567481255525935
9.0	28.0	0.18492105263157896	0.012050568402793676
9.0	29.0	0.18507333333333334	0.012616908533883444
9.0	30.0	0.18489166666666668	0.012362734202824913
9.0	31.0	0.18804	0.0174188403747207
9.0	32.0	0.17704999999999996	0.004700106381774781
9.0	33.0	0.17916666666666667	0.005409867527644893
9.0	34.0	0.18156666666666665	0.006396457352837322
9.0	35.0	0.18448333333333333	0.007916417539939817
9.0	36.0	0.18851666666666667	0.010954344647977201
9.0	37.0	0.18842	0.008862392453508249
9.0	38.0	0.19426000000000002	0.013440907707442972
9.0	39.0	0.1900333333333333	0.01100196952065099
9.0	40.0	0.1871	0.008061017305526637
9.0	41.0	0.191	0.010748023074035516
9.0	42.0	0.19774999999999998	0.017041273426595782
9.0	43.0	NaN	NaN
9.0	44.0	NaN	NaN
9.0	45.0	NaN	NaN
9.0	46.0	NaN	NaN
10.0	1.0	0.06826829268292683	0.0010092888644715357
10.0	2.0	0.08087479674796748	0.0010048123793543094
10.0	3.0	0.09177479674796747	0.0011119824911215148
10.0	4.0	0.10127967479674795	0.0013053396992912909
10.0	5.0	0.10963577235772358	0.00155655979024917
10.0	6.0	0.11704552845528456	0.001841306192653834
10.0	7.0	0.12366910569105691	0.002165296985099681
10.0	8.0	0.1296487804878049	0.002525393187528968
10.0	9.0	0.13511300813008134	0.0029268624797628992
10.0	10.0	0.14014756097560976	0.0033797920094110877
10.0	11.0	0.14485447154471548	0.0039012557273533617
10.0	12.0	0.14932601626016265	0.004508700657180633
10.0	13.0	0.1536430894308943	0.005251955224653518
10.0	14.0	0.15790487804878045	0.0062309347241074195
10.0	15.0	0.16204979591836735	0.007013380797025185
10.0	16.0	0.16639344262295086	0.008323878465512845
10.0	17.0	0.17077249999999997	0.009881765147319494
10.0	18.0	0.17497155172413792	0.010847748433042549
10.0	19.0	0.1785322429906542	0.011391329278833108
10.0	20.0	0.18107119565217394	0.01159949059955485
10.0	21.0	0.18398364779874218	0.011737394931325406
10.0	22.0	0.18550403225806456	0.011764853259883577
10.0	23.0	0.18760816326530613	0.012072604015938192
10.0	24.0	0.18840985915492958	0.012408961680168059
10.0	25.0	0.18885882352941177	0.012569919275326923
10.0	26.0	0.1874142857142857	0.010858343034062709
10.0	27.0	0.18964074074074072	0.013111892994214754
10.0	28.0	0.18947	0.01255699008520752
10.0	29.0	0.18780714285714284	0.011055904394395872
10.0	30.0	0.1889818181818182	0.011914681546883089
10.0	31.0	0.18971249999999998	0.014273195407576291
10.0	32.0	0.18326	0.007764534757472597
10.0	33.0	0.18714	0.009911003985469881
10.0	34.0	0.19369999999999998	0.015329057374802923
10.0	35.0	0.18669999999999998	0.008524670081592595
10.0	36.0	0.19123333333333334	0.011082117727823207
10.0	37.0	0.19963333333333333	0.016866040831604
10.0	38.0	NaN	NaN
10.0	39.0	NaN	NaN
10.0	40.0	NaN	NaN
10.0	41.0	NaN	NaN
10.0	42.0	NaN	NaN
10.0	43.0	NaN	NaN
11.0	1.0	0.06928170731707316	0.001107797378745051
11.0	2.0	0.08177723577235772	0.001131032615284619
11.0	3.0	0.09261219512195125	0.0012711932601414974
11.0	4.0	0.10206788617886178	0.0014938462899549865
11.0	5.0	0.11039024390243904	0.0017799295851307975
11.0	6.0	0.11777723577235771	0.0021024499997211255
11.0	7.0	0.12439918699186993	0.0024618392306453287
11.0	8.0	0.1303890243902439	0.0028649040058382398
11.0	9.0	0.13586869918699188	0.003310878164376678
11.0	10.0	0.14094065040650408	0.0038085582980884785
11.0	11.0	0.14570569105691059	0.004381720858721654
11.0	12.0	0.15024796747967478	0.005052150071187045
11.0	13.0	0.15466544715447153	0.005864140871993414
11.0	14.0	0.1590577235772358	0.00688740356433195
11.0	15.0	0.1635731707317073	0.008269472486897097
11.0	16.0	0.16852276422764229	0.010551659608380252
11.0	17.0	0.1725385593220339	0.011430753425433588
11.0	18.0	0.17581658986175117	0.011839090985128713
11.0	19.0	0.17900051546391754	0.012652581695729814
11.0	20.0	0.18014905660377364	0.012087339688696613
11.0	21.0	0.18243529411764706	0.012353260354834894
11.0	22.0	0.18383805309734513	0.011285826434895412
11.0	23.0	0.18584193548387093	0.011288589107557714
11.0	24.0	0.1875810810810811	0.011233300246663577
11.0	25.0	0.1879490566037736	0.011470189164852672
11.0	26.0	0.1889780487804878	0.010831770681544223
11.0	27.0	0.191259375	0.011400590233022598
11.0	28.0	0.18974	0.01086323592383237
11.0	29.0	0.19198125	0.01157763468934825
11.0	30.0	0.18925	0.008940823973959748
11.0	31.0	0.190925	0.008410664998339056
11.0	32.0	0.19	0.006964194138592062
11.0	33.0	0.192025	0.005195751469550232
11.0	34.0	0.2001	0.009814614952542287
11.0	35.0	0.20325	0.011667261889578026
11.0	36.0	NaN	NaN
12.0	1.0	0.0701857723577236	0.0012382347594039073
12.0	2.0	0.08253902439024391	0.001232163131681904
12.0	3.0	0.09324715447154472	0.0013310315289816353
12.0	4.0	0.10259756097560976	0.001507692569465639
12.0	5.0	0.11082479674796746	0.0017409811212768624
12.0	6.0	0.11813536585365854	0.002024727058524962
12.0	7.0	0.1246780487804878	0.0023497298702014396
12.0	8.0	0.13059837398373986	0.002712660678655639
12.0	9.0	0.13602276422764228	0.003120656995403373
12.0	10.0	0.14103048780487806	0.003591009943475009
12.0	11.0	0.1457361788617886	0.004135119872472215
12.0	12.0	0.15021747967479673	0.0047760520103645905
12.0	13.0	0.15456219512195118	0.005572233793326184
12.0	14.0	0.15888373983739837	0.006603262940905279
12.0	15.0	0.16334390243902439	0.008188953698000377
12.0	16.0	0.16737520661157027	0.00869382650227967
12.0	17.0	0.1722475	0.010924931852568398
12.0	18.0	0.17577022222222224	0.011200348864322918
12.0	19.0	0.17898585365853661	0.01122269430785223
12.0	20.0	0.18148579545454543	0.011123831428485002
12.0	21.0	0.18448791946308724	0.01205012567362792
12.0	22.0	0.18643135593220342	0.012405669362584507
12.0	23.0	0.18695454545454548	0.011644957559932228
12.0	24.0	0.18828115942028986	0.010790304408320062
12.0	25.0	0.19122962962962967	0.012020307182676241
12.0	26.0	0.1907722222222222	0.01127360028970619
12.0	27.0	0.18939583333333335	0.008958914878326583
12.0	28.0	0.19233157894736844	0.009649700780138153
12.0	29.0	0.19707333333333332	0.011879722619817748
12.0	30.0	0.19053333333333333	0.01103624332219377
12.0	31.0	0.18957500000000002	0.011049999999999999
12.0	32.0	0.19223333333333334	0.01598947570539239
12.0	33.0	0.18745	0.01110157646462879
12.0	34.0	0.19319999999999998	0.01598061325481596
12.0	35.0	NaN	NaN
12.0	36.0	NaN	NaN
12.0	37.0	NaN	NaN
12.0	38.0	NaN	NaN
12.0	39.0	NaN	NaN
13.0	1.0	0.07108577235772358	0.0013371920065021305
13.0	2.0	0.08332154471544714	0.001273875355143252
13.0	3.0	0.09393333333333335	0.0013265371009783737
13.0	4.0	0.10320325203252032	0.001460356957165881
13.0	5.0	0.11136544715447155	0.0016666185989418238
13.0	6.0	0.11861422764227643	0.0019272484385480368
13.0	7.0	0.12511382113821137	0.0022290045441124163
13.0	8.0	0.13099756097560974	0.0025756461734004763
13.0	9.0	0.13638739837398375	0.0029634721327299056
13.0	10.0	0.1413715447154472	0.0034110389900835086
13.0	11.0	0.14605040650406503	0.00392670343087939
13.0	12.0	0.15051056910569108	0.004527770330371525
13.0	13.0	0.15483943089430893	0.005271605695949978
13.0	14.0	0.15913252032520328	0.006242775363112072
13.0	15.0	0.16356260162601624	0.007728171612304028
13.0	16.0	0.1676670781893004	0.008184236164299924
13.0	17.0	0.1724157676348548	0.009874411392370762
13.0	18.0	0.17659606986899568	0.010980402491361138
13.0	19.0	0.18022415458937197	0.011756402764305443
13.0	20.0	0.18266647398843933	0.01218606370168278
13.0	21.0	0.184154609929078	0.01101763181176495
13.0	22.0	0.18753305084745767	0.011961755688852101
13.0	23.0	0.18844942528735636	0.011163748157392244
13.0	24.0	0.19003278688524586	0.012429061660901509
13.0	25.0	0.18983170731707316	0.012158935788636898
13.0	26.0	0.18910370370370372	0.012036722064693446
13.0	27.0	0.19108	0.014057198942366263
13.0	28.0	0.18826666666666667	0.015468344997759034
13.0	29.0	0.18097142857142856	0.012577057722392027
13.0	30.0	0.1803	0.011050791826833044
13.0	31.0	0.1789	0.008252272414311104
13.0	32.0	0.18188	0.01076392121858944
13.0	33.0	0.17932499999999998	0.004363007372596718
13.0	34.0	0.1816	0.005088549236603032
13.0	35.0	0.1843	0.006171439594346413
13.0	36.0	0.187675	0.007863576370413995
13.0	37.0	0.19265	0.011542818835391414
13.0	38.0	0.1919666666666667	0.00956260076199636
13.0	39.0	0.18995	0.003464823227814074
13.0	40.0	0.1945	0.004949747468305837
13.0	41.0	0.20215	0.008980256121069147
13.0	42.0	NaN	NaN
14.0	1.0	0.07200162601626016	0.0015337819731623995
14.0	2.0	0.0841390243902439	0.0014464387877644962
14.0	3.0	0.09466788617886181	0.001467687756390022
14.0	4.0	0.10387764227642278	0.001580993013345165
14.0	5.0	0.11199593495934959	0.0017732892704149462
14.0	6.0	0.11921666666666667	0.002020609795477155
14.0	7.0	0.1257020325203252	0.0023135351373150086
14.0	8.0	0.13158089430894307	0.002661593970209055
14.0	9.0	0.13697642276422767	0.0030571583791545336
14.0	10.0	0.14197723577235768	0.0035108534460576253
14.0	11.0	0.14669512195121953	0.004044201768489163
14.0	12.0	0.15119674796747967	0.004681146466226105
14.0	13.0	0.15559024390243903	0.00546805811345358
14.0	14.0	0.15998536585365852	0.006529314530098219
14.0	15.0	0.16436775510204085	0.007650413913935198
14.0	16.0	0.1688567901234568	0.008830772711315264
14.0	17.0	0.17322584745762717	0.009931812701318859
14.0	18.0	0.17747668161434982	0.011014834130421414
14.0	19.0	0.18095505050505054	0.01177885698295244
14.0	20.0	0.1830920731707317	0.011408467336322541
14.0	21.0	0.18606176470588234	0.012008398658615001
14.0	22.0	0.18735922330097082	0.011449757569941477
14.0	23.0	0.18974074074074074	0.011214563943571076
14.0	24.0	0.19165000000000004	0.011815975655939481
14.0	25.0	0.19123513513513518	0.011254584651406541
14.0	26.0	0.1920625	0.012788405499412007
14.0	27.0	0.18809285714285714	0.009347765202748425
14.0	28.0	0.19161666666666666	0.01051197008897548
14.0	29.0	0.19308888888888887	0.010264677837667931
14.0	30.0	0.1960714285714286	0.010579494991998168
14.0	31.0	0.19043333333333334	0.00822455672564384
14.0	32.0	0.19	0.004242640687119289
14.0	33.0	0.196	0.006646803743153541
14.0	34.0	NaN	NaN
14.0	35.0	NaN	NaN
15.0	1.0	0.07292113821138212	0.0017967204605816415
15.0	2.0	0.08492967479674796	0.0016684018675877726
15.0	3.0	0.09535162601626015	0.0016502001728837925
15.0	4.0	0.10447032520325203	0.00172218818330319
15.0	5.0	0.11251463414634147	0.0018830146444781203
15.0	6.0	0.11966666666666666	0.002107892522011912
15.0	7.0	0.12609634146341464	0.0023825956582437416
15.0	8.0	0.13192439024390243	0.0027120394152639533
15.0	9.0	0.13726991869918703	0.003090668904796741
15.0	10.0	0.14223658536585362	0.0035197348762094818
15.0	11.0	0.14690731707317073	0.004024002895517832
15.0	12.0	0.1513682926829268	0.004618902017653214
15.0	13.0	0.15572845528455284	0.005342972043458214
15.0	14.0	0.1600569105691057	0.006262757836814521
15.0	15.0	0.164530081300813	0.007533066535079497
15.0	16.0	0.16944918699186992	0.009803600928896207
15.0	17.0	0.17316779661016943	0.009470045778099895
15.0	18.0	0.17785777777777778	0.011280365544848129
15.0	19.0	0.18204166666666666	0.012585509658578553
15.0	20.0	0.18440238095238093	0.012522276927413025
15.0	21.0	0.185148	0.01221160606065579
15.0	22.0	0.187719	0.013036697969171255
15.0	23.0	0.18767999999999999	0.01312832538963869
15.0	24.0	0.18635714285714283	0.011434104687294062
15.0	25.0	0.18992439024390242	0.01370738451506714
15.0	26.0	0.18849642857142856	0.012631778917648086
15.0	27.0	0.18967619047619047	0.01442306849328203
15.0	28.0	0.18409230769230767	0.009751278680123744
15.0	29.0	0.1876833333333333	0.011861690308286458
15.0	30.0	0.19075999999999999	0.015053696482185951
15.0	31.0	0.18418333333333334	0.010309494006335459
15.0	32.0	0.1892	0.013779404921838968
15.0	33.0	0.19266	0.018499945945866972
15.0	34.0	0.18583333333333332	0.017057061098950586
15.0	35.0	0.1777	0.00311126983722082
15.0	36.0	0.17945	0.0034648232278140937
15.0	37.0	0.18145	0.004030508652763309
15.0	38.0	0.18369999999999997	0.004808326112068524
15.0	39.0	0.18635000000000002	0.0058689862838483455
15.0	40.0	0.18975	0.00756604255869605
15.0	41.0	0.1946	0.010889444430272831
15.0	42.0	NaN	NaN
15.0	43.0	NaN	NaN
15.0	44.0	NaN	NaN
15.0	45.0	NaN	NaN
16.0	1.0	0.07383020408163266	0.002113090047381779
16.0	2.0	0.08566326530612245	0.0018964044794863757
16.0	3.0	0.09593061224489795	0.0017952811645214554
16.0	4.0	0.10491387755102041	0.0018129913876877748
16.0	5.0	0.11283510204081636	0.0019236642400370855
16.0	6.0	0.11987877551020407	0.0021242642242620758
16.0	7.0	0.12620122448979593	0.0023914376229197
16.0	8.0	0.13192775510204083	0.002717785430216524
16.0	9.0	0.1371751020408163	0.0030992450974344104
16.0	10.0	0.14204000000000003	0.0035373116586599777
16.0	11.0	0.1466118367346939	0.004048585906472488
16.0	12.0	0.15097428571428573	0.004659332253572429
16.0	13.0	0.15520204081632655	0.005390044321266054
16.0	14.0	0.15940653061224488	0.006313156166520081
16.0	15.0	0.16371387755102043	0.0075739828663890325
16.0	16.0	0.16816680327868852	0.009126135107606818
16.0	17.0	0.1722860759493671	0.010236612599033032
16.0	18.0	0.17614977578475335	0.011450452898078866
16.0	19.0	0.17901840796019897	0.01116439471949717
16.0	20.0	0.18208057142857145	0.012124126688032208
16.0	21.0	0.1835513888888888	0.01107791216419583
16.0	22.0	0.18627500000000002	0.011540911881598592
16.0	23.0	0.18871086956521746	0.012991048960022471
16.0	24.0	0.18941230769230769	0.013993676112939233
16.0	25.0	0.18668571428571426	0.01270954263014983
16.0	26.0	0.18585	0.013042391096621867
16.0	27.0	0.18799230769230768	0.013416107425834756
16.0	28.0	0.18828499999999998	0.01386594749737644
16.0	29.0	0.18838000000000002	0.015062688054546287
16.0	30.0	0.1822888888888889	0.013677942502844173
16.0	31.0	0.17891428571428572	0.00985518959253255
16.0	32.0	0.1823	0.01290968628588627
16.0	33.0	0.18148333333333333	0.011620915052897805
16.0	34.0	0.17942	0.0072881410524220725
16.0	35.0	0.18192000000000003	0.00877878123659543
16.0	36.0	0.18507999999999997	0.011137414421668974
16.0	37.0	0.19061999999999998	0.01681835307038117
16.0	38.0	0.1806	0.003923009049186601
16.0	39.0	0.18263333333333334	0.004657610259922281
16.0	40.0	0.18500000000000003	0.00552177507691141
16.0	41.0	0.18796666666666664	0.006841296173484473
16.0	42.0	0.1919	0.008961584681293822
16.0	43.0	0.19863333333333333	0.013693185653212089
16.0	44.0	NaN	NaN
16.0	45.0	NaN	NaN
16.0	46.0	NaN	NaN
16.0	47.0	NaN	NaN
16.0	48.0	NaN	NaN
17.0	1.0	0.0747236286919831	0.0023836729948321193
17.0	2.0	0.08645822784810128	0.002161642164228472
17.0	3.0	0.09665400843881855	0.002061623405892816
17.0	4.0	0.10558438818565402	0.0020771478941320276
17.0	5.0	0.11346286919831225	0.0021985870356111457
17.0	6.0	0.12048270042194092	0.002412501929155247
17.0	7.0	0.12679620253164559	0.002689075972509101
17.0	8.0	0.1325198312236287	0.003032854554879751
17.0	9.0	0.13777679324894512	0.003446591513801002
17.0	10.0	0.14266919831223632	0.0039222664818410035
17.0	11.0	0.1472772151898734	0.004480710522700933
17.0	12.0	0.15169451476793244	0.005150910265613219
17.0	13.0	0.15600590717299578	0.0059861180263376815
17.0	14.0	0.16033037974683542	0.00707457888362304
17.0	15.0	0.16465508474576274	0.00823844746226692
17.0	16.0	0.16940978723404254	0.010317632300063979
17.0	17.0	0.17330622222222228	0.011133097231599748
17.0	18.0	0.17687607655502396	0.011840916752201778
17.0	19.0	0.1800920212765957	0.012335921641187285
17.0	20.0	0.18195949367088604	0.01186850479678989
17.0	21.0	0.18421590909090907	0.011865311746067487
17.0	22.0	0.18712407407407405	0.013134693094475049
17.0	23.0	0.18669736842105267	0.01279411295540998
17.0	24.0	0.18796271186440677	0.013134134237709282
17.0	25.0	0.18782500000000005	0.012326906192515204
17.0	26.0	0.1899323529411765	0.014127529981805357
17.0	27.0	0.18657727272727273	0.01305387852665807
17.0	28.0	0.18705555555555556	0.012455767491040031
17.0	29.0	0.18543571428571431	0.0088131551272347
17.0	30.0	0.18679166666666672	0.007779981109270516
17.0	31.0	0.1908090909090909	0.009814932964157683
17.0	32.0	0.1945	0.012319496742968032
17.0	33.0	0.1951166666666667	0.013540962545796613
17.0	34.0	0.18716666666666668	0.009112811494447443
17.0	35.0	0.19213333333333335	0.012125317865249292
17.0	36.0	0.19219999999999998	0.01598061325481596
17.0	37.0	NaN	NaN
17.0	38.0	NaN	NaN
17.0	39.0	NaN	NaN
17.0	40.0	NaN	NaN
17.0	41.0	NaN	NaN
17.0	42.0	NaN	NaN
18.0	1.0	0.07546181818181819	0.0025460321647895173
18.0	2.0	0.08709363636363637	0.002289793804308928
18.0	3.0	0.09720499999999999	0.002150548937037613
18.0	4.0	0.10605863636363635	0.0021336332454451744
18.0	5.0	0.11387409090909092	0.0022206814518114164
18.0	6.0	0.12084000000000002	0.0024012059375109625
18.0	7.0	0.1271004545454546	0.0026577447391314827
18.0	8.0	0.13278636363636362	0.002985458739528925
18.0	9.0	0.1380131818181818	0.0033703730486904777
18.0	10.0	0.14287136363636363	0.0038350043554052954
18.0	11.0	0.14744590909090907	0.004370640067949997
18.0	12.0	0.15183090909090916	0.005019336954421114
18.0	13.0	0.15611636363636364	0.005805563813391918
18.0	14.0	0.16040272727272728	0.006818534492055027
18.0	15.0	0.16484227272727267	0.008242294551195026
18.0	16.0	0.1694917808219178	0.00995882468045104
18.0	17.0	0.1743177570093458	0.012195387514774345
18.0	18.0	0.17670208333333337	0.011376479632589137
18.0	19.0	0.18021445086705198	0.012550765258062112
18.0	20.0	0.18177569444444447	0.011863643979209063
18.0	21.0	0.18542319999999998	0.013497437845276293
18.0	22.0	0.1852903225806452	0.012682254501571745
18.0	23.0	0.18519857142857143	0.011739225622649126
18.0	24.0	0.1864018181818182	0.01189457534168087
18.0	25.0	0.18803255813953487	0.013016358223226221
18.0	26.0	0.18804374999999995	0.013285692947557316
18.0	27.0	0.18730400000000003	0.010763150096509848
18.0	28.0	0.18944	0.012398064365053118
18.0	29.0	0.18722307692307696	0.012350381495197751
18.0	30.0	0.1858	0.00971413632004639
18.0	31.0	0.18824444444444444	0.010472357794583696
18.0	32.0	0.1884142857142857	0.010336896467094398
18.0	33.0	0.18968333333333331	0.009274570969412366
18.0	34.0	0.19238	0.010940840918320675
18.0	35.0	0.19535	0.01350320949502994
18.0	36.0	0.18785000000000002	0.008697413408594538
18.0	37.0	0.19265	0.012232947314527278
18.0	38.0	NaN	NaN
18.0	39.0	NaN	NaN
18.0	40.0	NaN	NaN
18.0	41.0	NaN	NaN
19.0	1.0	0.07605612244897961	0.0025728988470666795
19.0	2.0	0.0876112244897959	0.002292569162474822
19.0	3.0	0.09766326530612245	0.0021430095183919196
19.0	4.0	0.10646785714285714	0.0021247111417549056
19.0	5.0	0.11424489795918365	0.0022227782315060924
19.0	6.0	0.12117602040816328	0.002418897074286466
19.0	7.0	0.12741377551020408	0.002694089262529008
19.0	8.0	0.13307704081632651	0.0030439403306876806
19.0	9.0	0.1382826530612245	0.003452313249304574
19.0	10.0	0.14312959183673468	0.003939314249412622
19.0	11.0	0.14769540816326532	0.004515038045298969
19.0	12.0	0.1520841836734694	0.0051999906160604455
19.0	13.0	0.1563704081632653	0.0060542624812212065
19.0	14.0	0.16068214285714288	0.007185129765257532
19.0	15.0	0.1652239795918367	0.009028609029341649
19.0	16.0	0.1694616580310881	0.010017093793608413
19.0	17.0	0.17303967391304345	0.010175138559343032
19.0	18.0	0.17707861271676298	0.011577803258684875
19.0	19.0	0.1800116883116883	0.011766919111061643
19.0	20.0	0.18261538461538462	0.012544750664352369
19.0	21.0	0.18399230769230762	0.012419212272032569
19.0	22.0	0.18594588235294116	0.012595336938924739
19.0	23.0	0.18504500000000004	0.011592332723231409
19.0	24.0	0.18722448979591838	0.012430163759518026
19.0	25.0	0.1876972972972973	0.012426952931397107
19.0	26.0	0.1865703703703704	0.010664311973003689
19.0	27.0	0.18888181818181815	0.012199946774420833
19.0	28.0	0.18925294117647054	0.011176824104316193
19.0	29.0	0.1906076923076923	0.01199621200896777
19.0	30.0	0.19249	0.013508881851910945
19.0	31.0	0.18981666666666666	0.014719431601344755
19.0	32.0	0.18530000000000002	0.011819475453673909
19.0	33.0	0.190475	0.015130405370202963
19.0	34.0	0.19116666666666668	0.018177550256658178
19.0	35.0	NaN	NaN
19.0	36.0	NaN	NaN
19.0	37.0	NaN	NaN
19.0	38.0	NaN	NaN
19.0	39.0	NaN	NaN
19.0	40.0	NaN	NaN
19.0	41.0	NaN	NaN
19.0	42.0	NaN	NaN
19.0	43.0	NaN	NaN
19.0	44.0	NaN	NaN
19.0	45.0	NaN	NaN
19.0	46.0	NaN	NaN
19.0	47.0	NaN	NaN
19.0	48.0	NaN	NaN
19.0	49.0	NaN	NaN
19.0	50.0	NaN	NaN
20.0	1.0	0.07651736526946108	0.0027050372920380673
20.0	2.0	0.08799161676646707	0.002426644596315173
20.0	3.0	0.09796586826347305	0.002275028728935241
20.0	4.0	0.10670179640718562	0.0022281461594109704
20.0	5.0	0.11441916167664669	0.0022909180074975814
20.0	6.0	0.12129041916167665	0.0024464932743249812
20.0	7.0	0.12747604790419162	0.0026775552952529556
20.0	8.0	0.13309520958083834	0.0029844942334179927
20.0	9.0	0.13825988023952096	0.0033617992149256384
20.0	10.0	0.14305868263473054	0.003814118437976657
20.0	11.0	0.14758383233532932	0.004360022622983054
20.0	12.0	0.15191676646706587	0.0050304931935581665
20.0	13.0	0.15615748502994015	0.0059056885705431866
20.0	14.0	0.16014216867469877	0.006279676125250656
20.0	15.0	0.16443855421686748	0.007494690343942715
20.0	16.0	0.16908795180722888	0.009383904951730805
20.0	17.0	0.17335155279503103	0.010872316367672425
20.0	18.0	0.17689933774834438	0.011107003776529125
20.0	19.0	0.18071386861313865	0.012695941816196925
20.0	20.0	0.18191150442477874	0.011472270545384558
20.0	21.0	0.18425212765957444	0.011942233078794728
20.0	22.0	0.18556447368421053	0.01080025560126387
20.0	23.0	0.18868888888888893	0.01174842626538813
20.0	24.0	0.18924222222222226	0.011692683976994273
20.0	25.0	0.1876733333333334	0.009065049720590706
20.0	26.0	0.19094	0.009980898423154767
20.0	27.0	0.19324736842105264	0.01011826557496956
20.0	28.0	0.19266666666666668	0.007550235798043702
20.0	29.0	0.19813	0.008987281136262636
20.0	30.0	0.2018	0.00830108426652808
20.0	31.0	0.20074999999999998	0.0007778174593052147
21.0	1.0	0.07690575539568346	0.002503613903423674
21.0	2.0	0.08838848920863308	0.0021900658165178058
21.0	3.0	0.09837122302158274	0.001991294262836434
21.0	4.0	0.10713956834532373	0.0019257078015529078
21.0	5.0	0.11488561151079137	0.001969976132831186
21.0	6.0	0.1217978417266187	0.002118875406733668
21.0	7.0	0.12802877697841725	0.002356466422554242
21.0	8.0	0.13370071942446043	0.0026680475519651995
21.0	9.0	0.13891798561151078	0.0030464103798881104
21.0	10.0	0.14379352517985614	0.0035053005129311787
21.0	11.0	0.148394964028777	0.004042085194066052
21.0	12.0	0.15282374100719423	0.00469162965311648
21.0	13.0	0.15716690647482015	0.005512244453167829
21.0	14.0	0.16155251798561152	0.006595006135906561
21.0	15.0	0.16615539568345322	0.008216571913454344
21.0	16.0	0.17014666666666667	0.00872740408652838
21.0	17.0	0.17443923076923076	0.009977855295749776
21.0	18.0	0.17778655462184875	0.009994438490512372
21.0	19.0	0.18192363636363634	0.01067277190096564
21.0	20.0	0.18639793814432987	0.012151902966386269
21.0	21.0	0.18676428571428572	0.010595897971867592
21.0	22.0	0.18946603773584908	0.01173226883750418
21.0	23.0	0.19070277777777778	0.012403167478191346
21.0	24.0	0.19131200000000007	0.012100045454460077
21.0	25.0	0.19077647058823533	0.010363971814160143
21.0	26.0	0.19241666666666665	0.01102557632658417
21.0	27.0	0.19115714285714286	0.010346796145483417
21.0	28.0	0.18985	0.011648891220483897
21.0	29.0	0.1923	0.015208878985645186
21.0	30.0	0.19005	0.015627059864222706
21.0	31.0	NaN	NaN
21.0	32.0	NaN	NaN
21.0	33.0	NaN	NaN
21.0	34.0	NaN	NaN
21.0	35.0	NaN	NaN
21.0	36.0	NaN	NaN
22.0	1.0	0.07721801801801803	0.0026569701882954173
22.0	2.0	0.08865135135135134	0.0024596697806769574
22.0	3.0	0.0986054054054054	0.0023763929059066055
22.0	4.0	0.10733333333333335	0.002419892309149064
22.0	5.0	0.11506126126126129	0.0025708919984094372
22.0	6.0	0.12195045045045044	0.0027989892290504977
22.0	7.0	0.12816666666666668	0.003111075035865879
22.0	8.0	0.13382162162162162	0.0034981658936026217
22.0	9.0	0.13904054054054055	0.003960472386387958
22.0	10.0	0.143909009009009	0.004512579378290497
22.0	11.0	0.14852972972972975	0.005176530859994148
22.0	12.0	0.1529828828828829	0.006010534295927654
22.0	13.0	0.15738918918918918	0.007111876767407541
22.0	14.0	0.161954954954955	0.008937497501474424
22.0	15.0	0.16579999999999995	0.00890463882437646
22.0	16.0	0.17054907407407408	0.01098602762025321
22.0	17.0	0.17408431372549016	0.011081299429629933
22.0	18.0	0.17779680851063834	0.012167172935064035
22.0	19.0	0.1798367088607595	0.012562695868764568
22.0	20.0	0.1813560606060606	0.012257482848484259
22.0	21.0	0.18209629629629628	0.010741946750288039
22.0	22.0	0.18441304347826085	0.0106338371603868
22.0	23.0	0.1874526315789474	0.01216540813330102
22.0	24.0	0.18852857142857143	0.013166592324483714
22.0	25.0	0.18766500000000003	0.01213634276829201
22.0	26.0	0.18915	0.012576751037794563
22.0	27.0	0.1886	0.010688566533705745
22.0	28.0	0.1895777777777778	0.011515400316291413
22.0	29.0	0.19346250000000004	0.012817280467065876
22.0	30.0	0.19164	0.011100585570139978
22.0	31.0	0.1879666666666667	0.005951750442796917
22.0	32.0	0.19346666666666668	0.008931591870060646
22.0	33.0	0.19415	0.007990306627407991
22.0	34.0	NaN	NaN
22.0	35.0	NaN	NaN
23.0	1.0	0.07742758620689656	0.002544336604503586
23.0	2.0	0.08883103448275861	0.002305469247742308
23.0	3.0	0.09875287356321841	0.002167027708285941
23.0	4.0	0.10745057471264365	0.0021362798333387552
23.0	5.0	0.11515862068965514	0.002186829058521691
23.0	6.0	0.12202528735632183	0.002317086100657793
23.0	7.0	0.12821954022988505	0.002513814810687634
23.0	8.0	0.13384482758620692	0.0027729070724996376
23.0	9.0	0.13903908045977012	0.0030885895148312233
23.0	10.0	0.14387126436781608	0.0034644006175093708
23.0	11.0	0.1484471264367816	0.003915171417449548
23.0	12.0	0.15283678160919542	0.004458884909682844
23.0	13.0	0.15712873563218394	0.005109633128549127
23.0	14.0	0.16142988505747127	0.005929902837404101
23.0	15.0	0.1658735632183908	0.007020161327406758
23.0	16.0	0.17068620689655176	0.008599231609991528
23.0	17.0	0.17594069767441864	0.010734094968912918
23.0	18.0	0.18077000000000001	0.012809276701681993
23.0	19.0	0.18180317460317458	0.012145209705542457
23.0	20.0	0.18387735849056602	0.011214081832668348
23.0	21.0	0.18596904761904762	0.011147535833914543
23.0	22.0	0.188669696969697	0.011895994201003254
23.0	23.0	0.19133200000000003	0.012891428676967244
23.0	24.0	0.19353333333333333	0.01360095152380675
23.0	25.0	0.19417	0.018276642653033044
23.0	26.0	0.18693333333333337	0.014130911742229045
23.0	27.0	0.18762	0.013314165388787986
23.0	28.0	0.18099999999999997	0.004887739763939983
23.0	29.0	0.18436666666666665	0.006169548875998425
23.0	30.0	0.1887	0.00828190799272727
23.0	31.0	0.1960666666666667	0.014428213102575568
23.0	32.0	0.19305	0.0072831998462214225
23.0	33.0	0.20265	0.014354267658086905
23.0	34.0	NaN	NaN
23.0	35.0	NaN	NaN
24.0	1.0	0.07783142857142858	0.0026873047138831867
24.0	2.0	0.08915142857142856	0.002446218190769786
24.0	3.0	0.09900142857142856	0.002311815451810505
24.0	4.0	0.1076442857142857	0.002282995471520118
24.0	5.0	0.11529142857142856	0.002342780638047963
24.0	6.0	0.12210571428571426	0.002504829290042883
24.0	7.0	0.12824285714285713	0.0027399128002929423
24.0	8.0	0.13383857142857142	0.0030430387585649267
24.0	9.0	0.13897714285714285	0.0034179904015507667
24.0	10.0	0.14377142857142858	0.0038575408122290063
24.0	11.0	0.14829714285714288	0.004387596860603777
24.0	12.0	0.15265	0.005023473883188053
24.0	13.0	0.1569114285714286	0.005794363649575308
24.0	14.0	0.16118857142857143	0.006785289776413126
24.0	15.0	0.16563285714285714	0.008137971855525492
24.0	16.0	0.17052714285714285	0.010205254705419383
24.0	17.0	0.17446363636363635	0.01159600244598425
24.0	18.0	0.17851803278688522	0.013486876438433541
24.0	19.0	0.18028679245283016	0.012288832293150262
24.0	20.0	0.1824577777777778	0.012046094970587107
24.0	21.0	0.183225	0.010605372627655691
24.0	22.0	0.1865483870967742	0.011740694782613787
24.0	23.0	0.189104	0.012298559536249217
24.0	24.0	0.19044999999999998	0.013821264520338812
24.0	25.0	0.18531818181818183	0.0068221430917004625
24.0	26.0	0.19154545454545452	0.009735025797229674
24.0	27.0	0.19255714285714284	0.011403341197920478
24.0	28.0	0.18885	0.006980687645210896
24.0	29.0	0.19704999999999998	0.013714833818412332
24.0	30.0	0.19926666666666668	0.012760224658419346
24.0	31.0	0.19924999999999998	0.004879036790187171
24.0	32.0	NaN	NaN
25.0	1.0	0.07800980392156863	0.002950678220474797
25.0	2.0	0.08933137254901961	0.0026765268686174955
25.0	3.0	0.09919019607843137	0.0025193058489957738
25.0	4.0	0.10782745098039216	0.0024741122392787722
25.0	5.0	0.11547450980392156	0.002533917373337568
25.0	6.0	0.12231176470588237	0.0026869050641080356
25.0	7.0	0.12846078431372548	0.0029104005519084517
25.0	8.0	0.1340686274509804	0.003202342280024324
25.0	9.0	0.13922352941176472	0.003561549563619416
25.0	10.0	0.14404313725490198	0.003997211773322037
25.0	11.0	0.1485843137254902	0.004507388270341022
25.0	12.0	0.15296470588235295	0.005114912453968757
25.0	13.0	0.15725686274509804	0.005862601978710845
25.0	14.0	0.16156666666666666	0.006800637225044919
25.0	15.0	0.16605098039215688	0.008059339242122016
25.0	16.0	0.17098627450980391	0.009993498278537764
25.0	17.0	0.17549795918367345	0.01152241456531425
25.0	18.0	0.17967333333333338	0.013076964479572467
25.0	19.0	0.18108055555555552	0.01348929352051247
25.0	20.0	0.18278999999999998	0.0129194146872863
25.0	21.0	0.18462083333333335	0.01418716441217099
25.0	22.0	0.18310555555555555	0.011343382223192429
25.0	23.0	0.1867125	0.012650158101778807
25.0	24.0	0.1848272727272727	0.01028504651511999
25.0	25.0	0.19242727272727275	0.01486661299079861
25.0	26.0	0.19325000000000003	0.014959278057446497
25.0	27.0	0.1828	0.019065938214522776
25.0	28.0	0.1754	0.014283556979968257
25.0	29.0	0.1782	0.016687720036002527
25.0	30.0	0.18185	0.020293964620053916
25.0	31.0	0.188	0.027435743110038043
25.0	32.0	NaN	NaN
25.0	33.0	NaN	NaN
25.0	34.0	NaN	NaN
25.0	35.0	NaN	NaN
25.0	36.0	NaN	NaN
25.0	37.0	NaN	NaN
25.0	38.0	NaN	NaN
25.0	39.0	NaN	NaN
25.0	40.0	NaN	NaN
25.0	41.0	NaN	NaN
25.0	42.0	NaN	NaN
25.0	43.0	NaN	NaN
25.0	44.0	NaN	NaN
25.0	45.0	NaN	NaN
25.0	46.0	NaN	NaN
25.0	47.0	NaN	NaN
25.0	48.0	NaN	NaN
26.0	1.0	0.07717812500000001	0.0023429694936953596
26.0	2.0	0.08870625	0.002073323263468267
26.0	3.0	0.098728125	0.0019331128790698714
26.0	4.0	0.107540625	0.0019154481283130756
26.0	5.0	0.11534374999999998	0.0020075562901359745
26.0	6.0	0.12231249999999998	0.002175783136726754
26.0	7.0	0.128615625	0.002430997322884369
26.0	8.0	0.13435625	0.0027428425918872863
26.0	9.0	0.13966562500000004	0.0031387905391069217
26.0	10.0	0.14462500000000003	0.0035923754383864986
26.0	11.0	0.149353125	0.004132560276085987
26.0	12.0	0.15392187499999999	0.004770726216105077
26.0	13.0	0.158425	0.00557731580716954
26.0	14.0	0.163021875	0.00663906981314935
26.0	15.0	0.167875	0.008129635154294162
26.0	16.0	0.173471875	0.01090750657101678
26.0	17.0	0.17910967741935488	0.013438808350909435
26.0	18.0	0.18069230769230768	0.011400137650990816
26.0	19.0	0.18214761904761906	0.00958068990457467
26.0	20.0	0.18861578947368424	0.013311826953581742
26.0	21.0	0.18884615384615386	0.013079667132908708
26.0	22.0	0.18815555555555555	0.010052376722834143
26.0	23.0	0.18928333333333333	0.010635302847905485
26.0	24.0	0.189475	0.009637210868987629
26.0	25.0	0.19173333333333334	0.00907983112911982
26.0	26.0	0.19535	0.01308147545195114
26.0	27.0	NaN	NaN
26.0	28.0	NaN	NaN
27.0	1.0	0.07728518518518518	0.0023069633226559475
27.0	2.0	0.08868148148148149	0.0021817489521089475
27.0	3.0	0.09862962962962961	0.0021716379523326165
27.0	4.0	0.10734444444444442	0.0022590558499809904
27.0	5.0	0.11504814814814816	0.002415713044976476
27.0	6.0	0.12193333333333334	0.0026301506245255814
27.0	7.0	0.12812592592592595	0.002917400396110392
27.0	8.0	0.13375925925925924	0.003249409326117743
27.0	9.0	0.13895925925925925	0.0036351128708811196
27.0	10.0	0.14380370370370368	0.004096572815404219
27.0	11.0	0.1483851851851852	0.004617083970155228
27.0	12.0	0.15278148148148152	0.0052263413469313185
27.0	13.0	0.1571074074074074	0.005967728979585884
27.0	14.0	0.16144444444444445	0.006880593295825883
27.0	15.0	0.16593333333333332	0.008051182426298546
27.0	16.0	0.17082222222222224	0.009684338400552215
27.0	17.0	0.17661481481481486	0.012372882995415158
27.0	18.0	0.18066666666666667	0.014297420462588977
27.0	19.0	0.18256315789473684	0.016018746327916198
27.0	20.0	0.18157857142857142	0.01607607771582592
27.0	21.0	0.18225833333333333	0.014279448571816473
27.0	22.0	0.18292999999999998	0.012689982926177113
27.0	23.0	0.18455	0.01453999410493101
27.0	24.0	0.18191666666666664	0.010035022006287114
27.0	25.0	0.18773333333333334	0.013630358273598927
27.0	26.0	0.18665	0.016671832532748163
27.0	27.0	0.18200000000000002	0.00704059656563277
27.0	28.0	0.18623333333333333	0.009450044091607893
27.0	29.0	0.19340000000000002	0.016094408967091644
27.0	30.0	0.1885	0.006788225099390854
27.0	31.0	0.19435	0.009970205614730322
27.0	32.0	NaN	NaN
27.0	33.0	NaN	NaN
27.0	34.0	NaN	NaN
28.0	1.0	0.07736818181818184	0.0019996157639564677
28.0	2.0	0.08871363636363636	0.0017348790144575484
28.0	3.0	0.0985590909090909	0.0016043568926398639
28.0	4.0	0.10719545454545455	0.0016205458435875318
28.0	5.0	0.11483181818181819	0.0017817557856377735
28.0	6.0	0.1216181818181818	0.002032037767655287
28.0	7.0	0.12774090909090907	0.0023538537986943246
28.0	8.0	0.13329545454545455	0.002731906237101061
28.0	9.0	0.13838181818181816	0.0031745470413507663
28.0	10.0	0.14312272727272726	0.0036470381744488846
28.0	11.0	0.14759090909090908	0.004210860006143874
28.0	12.0	0.15185454545454544	0.004856878016716509
28.0	13.0	0.15602272727272729	0.005601609617157403
28.0	14.0	0.16016363636363637	0.006515077418283977
28.0	15.0	0.1644	0.007668674685274598
28.0	16.0	0.16892272727272728	0.00925300115114174
28.0	17.0	0.1742181818181818	0.012024325992936801
28.0	18.0	0.176835	0.011195453729551396
28.0	19.0	0.18390499999999999	0.015191114958560825
28.0	20.0	0.1791	0.013940849067659859
28.0	21.0	0.18009	0.01466927628298911
28.0	22.0	0.18252222222222222	0.015530194604203917
28.0	23.0	0.17565	0.006518205274460141
28.0	24.0	0.17903333333333335	0.007657066453065864
28.0	25.0	0.1831	0.009338094023943004
28.0	26.0	0.18861666666666665	0.012383120231454868
28.0	27.0	0.188525	0.015073459014661061
28.0	28.0	0.18776666666666667	0.01559882474205455
28.0	29.0	0.18245	0.009687362902255693
28.0	30.0	0.18645	0.012374368670764592
28.0	31.0	0.1926	0.01796051224213831
28.0	32.0	NaN	NaN
28.0	33.0	NaN	NaN
28.0	34.0	NaN	NaN
28.0	35.0	NaN	NaN
28.0	36.0	NaN	NaN
28.0	37.0	NaN	NaN
29.0	1.0	0.07828	0.00245884012022785
29.0	2.0	0.089715	0.0022224393899733844
29.0	3.0	0.099675	0.002078429315866342
29.0	4.0	0.10844000000000001	0.002021828250293336
29.0	5.0	0.11618999999999999	0.002065480701027194
29.0	6.0	0.12312999999999999	0.00216991389593907
29.0	7.0	0.129405	0.0023580712457430125
29.0	8.0	0.135145	0.002585480714744511
29.0	9.0	0.14043500000000003	0.0029095622749099113
29.0	10.0	0.14542	0.0032716646334372663
29.0	11.0	0.150135	0.003703806718840269
29.0	12.0	0.1547	0.004250572716829186
29.0	13.0	0.15924	0.004945641355886273
29.0	14.0	0.16383999999999999	0.005855128206605682
29.0	15.0	0.16870500000000002	0.007168826887808665
29.0	16.0	0.174195	0.009369293350874273
29.0	17.0	0.17750000000000002	0.00849144898603018
29.0	18.0	0.18347647058823527	0.011270344349872629
29.0	19.0	0.18657142857142855	0.010398330381617752
29.0	20.0	0.18828000000000003	0.008983293135346052
29.0	21.0	0.19010000000000002	0.010791663449162972
29.0	22.0	0.1899	0.005588082557252228
29.0	23.0	0.19546666666666668	0.005800287349203772
29.0	24.0	0.20529999999999998	0.010182337649086283
30.0	1.0	0.07767857142857142	0.002307905667792463
30.0	2.0	0.08876428571428571	0.002061592790820931
30.0	3.0	0.09839285714285714	0.0019436145097825755
30.0	4.0	0.10679285714285713	0.001940445740114798
30.0	5.0	0.11421428571428571	0.0020148896296770754
30.0	6.0	0.12077857142857144	0.002189548099293751
30.0	7.0	0.12668571428571426	0.002415608584842511
30.0	8.0	0.1319857142857143	0.002738010828448874
30.0	9.0	0.13684285714285713	0.0030818861072437445
30.0	10.0	0.14131428571428573	0.003468286462939731
30.0	11.0	0.14546428571428568	0.003955445543873589
30.0	12.0	0.1493857142857143	0.0045232488567157406
30.0	13.0	0.15314999999999998	0.005156138984818893
30.0	14.0	0.1568285714285714	0.005937420907512542
30.0	15.0	0.16046428571428573	0.006933265091943684
30.0	16.0	0.16420714285714286	0.008272890322354958
30.0	17.0	0.16827857142857142	0.010318033397252268
30.0	18.0	0.17009230769230768	0.008993466289336713
30.0	19.0	0.1745769230769231	0.011732941791252657
30.0	20.0	0.17748333333333333	0.013599052997331926
30.0	21.0	0.17872727272727273	0.010627708211001174
30.0	22.0	0.18217	0.013047353925008878
30.0	23.0	0.1803	0.0068356209875705025
30.0	24.0	0.184975	0.008360750137227091
30.0	25.0	0.1916125	0.01145755365312708
30.0	26.0	0.19204	0.012802460700974634
30.0	27.0	0.1988	0.017852917595358658
30.0	28.0	NaN	NaN
30.0	29.0	NaN	NaN
30.0	30.0	NaN	NaN
30.0	31.0	NaN	NaN
30.0	32.0	NaN	NaN
30.0	33.0	NaN	NaN
30.0	34.0	NaN	NaN
30.0	35.0	NaN	NaN
30.0	36.0	NaN	NaN
31.0	1.0	0.07776363636363637	0.0021583663856133083
31.0	2.0	0.08888181818181819	0.0019140627898886601
31.0	3.0	0.09851818181818181	0.0018175908130369605
31.0	4.0	0.10695454545454544	0.001869418966611625
31.0	5.0	0.11439090909090907	0.0020290167793562213
31.0	6.0	0.1209909090909091	0.002266916207297723
31.0	7.0	0.12691818181818182	0.0025875927739187144
31.0	8.0	0.13226363636363636	0.002954072689448497
31.0	9.0	0.13717272727272728	0.003348758250184965
31.0	10.0	0.1416909090909091	0.0038135166304749616
31.0	11.0	0.1459	0.004291619740843778
31.0	12.0	0.14992727272727274	0.004861911333846165
31.0	13.0	0.15374545454545455	0.005514229526663473
31.0	14.0	0.15748181818181817	0.006261919543050388
31.0	15.0	0.16123636363636362	0.007171927596856054
31.0	16.0	0.1650818181818182	0.008301303293076117
31.0	17.0	0.16919090909090911	0.009857327685073126
31.0	18.0	0.1738909090909091	0.012244709432685985
31.0	19.0	0.17669	0.013315859383123237
31.0	20.0	0.17875555555555556	0.012795810946469076
31.0	21.0	0.18233749999999999	0.01514934581331579
31.0	22.0	0.1821	0.016360073349468825
31.0	23.0	0.1797	0.01993807078597793
31.0	24.0	0.17336666666666667	0.011809459485231882
31.0	25.0	0.1767	0.014558846108122714
31.0	26.0	0.18146666666666667	0.019655363983740758
31.0	27.0	0.17209999999999998	0.005515432893255071
31.0	28.0	0.17404999999999998	0.006151828996322973
31.0	29.0	0.17615	0.007000357133746834
31.0	30.0	0.1784	0.008061017305526658
31.0	31.0	0.18105	0.00954594154601838
31.0	32.0	0.1843	0.011737972567696691
31.0	33.0	0.1887	0.015414927829866726
31.0	34.0	NaN	NaN
31.0	35.0	NaN	NaN
31.0	36.0	NaN	NaN
31.0	37.0	NaN	NaN
31.0	38.0	NaN	NaN
31.0	39.0	NaN	NaN
31.0	40.0	NaN	NaN
32.0	1.0	0.07866666666666666	0.0029664793948382625
32.0	2.0	0.09002222222222223	0.002833186270693201
32.0	3.0	0.09989999999999999	0.0027509089406957854
32.0	4.0	0.1085888888888889	0.002791703979850138
32.0	5.0	0.11632222222222222	0.002882177032113825
32.0	6.0	0.12323333333333333	0.0030306764921383495
32.0	7.0	0.12951111111111113	0.0032647528407386537
32.0	8.0	0.13523333333333334	0.0035714142856857127
32.0	9.0	0.14052222222222222	0.003943912327175197
32.0	10.0	0.14552222222222222	0.0044223234215109665
32.0	11.0	0.1502888888888889	0.0050088532730667166
32.0	12.0	0.1549333333333333	0.005723635208501673
32.0	13.0	0.15955555555555556	0.0067361174112227145
32.0	14.0	0.16435555555555556	0.008117436650678447
32.0	15.0	0.16962222222222223	0.01052850627793157
32.0	16.0	0.1715125	0.007332401185345572
32.0	17.0	0.17710000000000004	0.009456970218536465
32.0	18.0	0.18080000000000002	0.00986880607436043
32.0	19.0	0.1846833333333333	0.01017554257357644
32.0	20.0	0.186475	0.012424807174895447
32.0	21.0	0.18663333333333332	0.007239014665915059
32.0	22.0	0.19603333333333336	0.01225003401355823
32.0	23.0	NaN	NaN
32.0	24.0	NaN	NaN
33.0	1.0	0.0783	0.0028085583490467104
33.0	2.0	0.08961666666666668	0.0022833454987510517
33.0	3.0	0.09949999999999999	0.0018417383093154176
33.0	4.0	0.1082	0.0015046594299043211
33.0	5.0	0.11591666666666667	0.001342261772780061
33.0	6.0	0.12281666666666667	0.0012750163397645786
33.0	7.0	0.12905	0.0014363147287415742
33.0	8.0	0.13475	0.001722498185775526
33.0	9.0	0.14001666666666665	0.0020903747670373935
33.0	10.0	0.14495	0.002529624478059941
33.0	11.0	0.14965	0.0030846393630374305
33.0	12.0	0.15421666666666667	0.0037317109570097528
33.0	13.0	0.1587	0.004489543406628346
33.0	14.0	0.16326666666666667	0.005478564288813881
33.0	15.0	0.16805	0.006767200307364929
33.0	16.0	0.17335	0.008635681791265816
33.0	17.0	0.17993333333333336	0.012097051982473527
33.0	18.0	0.18274	0.011748531823168373
33.0	19.0	0.187275	0.01568786686158021
33.0	20.0	0.1876	0.013711673858431738
33.0	21.0	0.1863	0.011030865786510143
33.0	22.0	0.19645	0.01930401512639276
33.0	23.0	NaN	NaN
33.0	24.0	NaN	NaN
33.0	25.0	NaN	NaN
34.0	1.0	0.076	0.0004358898943540639
34.0	2.0	0.08763333333333334	0.0005686240703077355
34.0	3.0	0.09770000000000001	0.0011532562594670777
34.0	4.0	0.10656666666666666	0.0016802777548171396
34.0	5.0	0.11443333333333333	0.002315887159024236
34.0	6.0	0.1214	0.002954657340538837
34.0	7.0	0.12773333333333334	0.003611555528208495
34.0	8.0	0.13349999999999998	0.004327817001676475
34.0	9.0	0.13886666666666667	0.005140363151892411
34.0	10.0	0.14386666666666667	0.006010268990097979
34.0	11.0	0.14856666666666665	0.0070514773865717854
34.0	12.0	0.1532	0.008321658488546626
34.0	13.0	0.15783333333333333	0.009857146307797885
34.0	14.0	0.1626	0.011873078791956197
34.0	15.0	0.16786666666666664	0.014934970148391104
34.0	16.0	0.1746	0.020608008152172307
34.0	17.0	0.1663	0.0029698484809834867
34.0	18.0	0.16995	0.003464823227814074
34.0	19.0	0.17385	0.004030508652763309
34.0	20.0	0.1782	0.004949747468305837
34.0	21.0	0.18335	0.006293250352560266
34.0	22.0	0.19005	0.008980256121069147
34.0	23.0	NaN	NaN
34.0	24.0	NaN	NaN
35.0	1.0	0.0766	0.0007211102550927955
35.0	2.0	0.08826666666666667	0.00041633319989322514
35.0	3.0	0.09843333333333333	0.00011547005383792846
35.0	4.0	0.10736666666666667	0.00015275252316519148
35.0	5.0	0.11526666666666667	0.0004041451884327359
35.0	6.0	0.12233333333333334	0.0006110100926607749
35.0	7.0	0.12866666666666668	0.0008621678104251606
35.0	8.0	0.1345333333333333	0.001069267662156357
35.0	9.0	0.1399	0.001374772708486755
35.0	10.0	0.1449	0.0016370705543744947
35.0	11.0	0.1496333333333333	0.0018876793513023732
35.0	12.0	0.1542	0.002291287847477922
35.0	13.0	0.15869999999999998	0.002651414716712563
35.0	14.0	0.16323333333333334	0.0031643851430148756
35.0	15.0	0.16790000000000002	0.0038301436004411133
35.0	16.0	0.17289999999999997	0.004715930449020646
35.0	17.0	0.17853333333333335	0.006115826463637869
35.0	18.0	0.18566666666666665	0.008904680417248744
35.0	19.0	0.1877	0.00466690475583121
35.0	20.0	0.1986	0.008768124086713205
35.0	21.0	NaN	NaN
36.0	1.0	0.07673333333333333	0.0006506407098647688
36.0	2.0	0.08800000000000001	0.00034641016151377735
36.0	3.0	0.09783333333333333	0.0009712534856222301
36.0	4.0	0.10640000000000001	0.0015874507866387552
36.0	5.0	0.11399999999999999	0.002271563338320106
36.0	6.0	0.12073333333333332	0.0030171730698343017
36.0	7.0	0.1268	0.0038223029707232874
36.0	8.0	0.1323	0.004603259714593562
36.0	9.0	0.13733333333333334	0.005524792605458893
36.0	10.0	0.14206666666666667	0.006536308846232212
36.0	11.0	0.14646666666666666	0.00765789353107846
36.0	12.0	0.15080000000000002	0.009015542135667725
36.0	13.0	0.15493333333333334	0.010630772941481403
36.0	14.0	0.1592	0.012738524247337287
36.0	15.0	0.16379999999999997	0.01559647396048222
36.0	16.0	0.16926666666666668	0.020301313586399618
36.0	17.0	0.1603	0.0008485281374238421
36.0	18.0	0.16294999999999998	0.0009192388155425087
36.0	19.0	0.16565	0.0010606601717798223
36.0	20.0	0.16835	0.0012020815280171162
36.0	21.0	0.1711	0.0014142135623730963
36.0	22.0	0.17404999999999998	0.0016263455967290568
36.0	23.0	0.1772	0.0018384776310850174
36.0	24.0	0.18080000000000002	0.002262741699796958
36.0	25.0	0.18495	0.0028991378028648397
36.0	26.0	0.1903	0.003959797974644662
36.0	27.0	0.1982	0.006788225099390873
36.0	28.0	NaN	NaN
37.0	1.0	0.07723333333333333	0.0012583057392117926
37.0	2.0	0.08839999999999999	0.0010535653752852692
37.0	3.0	0.0981	0.0008888194417315554
37.0	4.0	0.10656666666666666	0.0007234178138070203
37.0	5.0	0.11403333333333333	0.0008082903768654781
37.0	6.0	0.12066666666666666	0.0008082903768654718
37.0	7.0	0.12660000000000002	0.0009848857801796175
37.0	8.0	0.13196666666666668	0.00110151410945722
37.0	9.0	0.13686666666666666	0.001270170592217181
37.0	10.0	0.14136666666666667	0.0014468356276140565
37.0	11.0	0.14556666666666668	0.0017097758137642844
37.0	12.0	0.14953333333333332	0.0019502136635080212
37.0	13.0	0.15330000000000002	0.0021931712199461414
37.0	14.0	0.15693333333333334	0.0024946609656090295
37.0	15.0	0.16056666666666666	0.00279702222610642
37.0	16.0	0.16413333333333333	0.003212994449626908
37.0	17.0	0.16786666666666664	0.0037806525010020903
37.0	18.0	0.1717666666666667	0.00440492149003059
37.0	19.0	0.17603333333333335	0.005276678248039513
37.0	20.0	0.18096666666666664	0.006589638330996114
37.0	21.0	0.18723333333333336	0.008958422480176592
37.0	22.0	0.1987	0.01647756049905447
37.0	23.0	NaN	NaN
37.0	24.0	NaN	NaN
37.0	25.0	NaN	NaN
38.0	1.0	0.0782	0.0015716233645501738
38.0	2.0	0.08946666666666665	0.0011676186592091316
38.0	3.0	0.09923333333333334	0.000763762615825974
38.0	4.0	0.1078	0.000458257569495582
38.0	5.0	0.11533333333333333	0.00011547005383792846
38.0	6.0	0.1221	0.00020000000000000573
38.0	7.0	0.12816666666666665	0.0006027713773341743
38.0	8.0	0.13366666666666666	0.000901849950564577
38.0	9.0	0.13876666666666668	0.0012583057392117928
38.0	10.0	0.14343333333333333	0.0016041612554021324
38.0	11.0	0.14786666666666667	0.002055075018906443
38.0	12.0	0.1521	0.0025059928172283356
38.0	13.0	0.15616666666666668	0.0030088757590391374
38.0	14.0	0.1602333333333333	0.0036115555282085
38.0	15.0	0.16423333333333331	0.00436615773115601
38.0	16.0	0.1685	0.005325410782277739
38.0	17.0	0.17303333333333334	0.0066890457715083245
38.0	18.0	0.17826666666666666	0.008669678963683331
38.0	19.0	0.18506666666666668	0.012646870495633828
38.0	20.0	0.1837	0.00820243866176395
38.0	21.0	0.19135	0.012515790027001886
38.0	22.0	NaN	NaN
38.0	23.0	NaN	NaN
38.0	24.0	NaN	NaN
39.0	1.0	0.07890000000000001	0.0026627053911388696
39.0	2.0	0.0894	0.002406241883103192
39.0	3.0	0.09853333333333332	0.002154839514519197
39.0	4.0	0.10646666666666665	0.0019502136635080104
39.0	5.0	0.1134	0.001799999999999996
39.0	6.0	0.11953333333333334	0.0017039170558842743
39.0	7.0	0.12496666666666667	0.0016165807537309562
39.0	8.0	0.1298	0.0015394804318340687
39.0	9.0	0.1342	0.0015132745950421466
39.0	10.0	0.13810000000000003	0.001493318452306806
39.0	11.0	0.14173333333333335	0.0015307950004273296
39.0	12.0	0.14506666666666668	0.0015885003409925153
39.0	13.0	0.14816666666666667	0.0016862186493255737
39.0	14.0	0.15106666666666665	0.0017953644012660378
39.0	15.0	0.15380000000000002	0.001900000000000006
39.0	16.0	0.1564333333333333	0.002084066537645421
39.0	17.0	0.15896666666666667	0.00231156512634477
39.0	18.0	0.16140000000000002	0.0026057628441590675
39.0	19.0	0.16383333333333336	0.0028501461950807515
39.0	20.0	0.1663	0.0032511536414017743
39.0	21.0	0.1687666666666667	0.0036555893277737503
39.0	22.0	0.17133333333333334	0.004162130864513192
39.0	23.0	0.17406666666666668	0.004822171018673365
39.0	24.0	0.17703333333333335	0.005729165151514947
39.0	25.0	0.18043333333333333	0.006940701213374147
39.0	26.0	0.18453333333333333	0.008789956389728747
39.0	27.0	0.1902	0.012264990827554658
39.0	28.0	0.18945	0.013081475451951121
39.0	29.0	NaN	NaN
39.0	30.0	NaN	NaN
39.0	31.0	NaN	NaN
39.0	32.0	NaN	NaN
39.0	33.0	NaN	NaN
40.0	1.0	0.0793	0.0035355339059327407
40.0	2.0	0.0903	0.003394112549695427
40.0	3.0	0.09995000000000001	0.0033234018715767705
40.0	4.0	0.1084	0.003394112549695427
40.0	5.0	0.11585000000000001	0.0036062445840513977
40.0	6.0	0.12255	0.0037476659402887014
40.0	7.0	0.12855	0.004030508652763309
40.0	8.0	0.13405	0.004313351365237936
40.0	9.0	0.13905	0.004737615433949877
40.0	10.0	0.14375	0.005161879502661798
40.0	11.0	0.1482	0.005656854249492385
40.0	12.0	0.1524	0.006363961030678933
40.0	13.0	0.15660000000000002	0.0072124891681027955
40.0	14.0	0.1607	0.00820243866176395
40.0	15.0	0.16499999999999998	0.009475230867899734
40.0	16.0	0.16949999999999998	0.011313708498984752
40.0	17.0	0.17465	0.013930003589374983
40.0	18.0	0.18115	0.0184554869889689
40.0	19.0	NaN	NaN
40.0	20.0	NaN	NaN
40.0	21.0	NaN	NaN
40.0	22.0	NaN	NaN
40.0	23.0	NaN	NaN
40.0	24.0	NaN	NaN
41.0	1.0	NaN	NaN
41.0	2.0	NaN	NaN
41.0	3.0	NaN	NaN
41.0	4.0	NaN	NaN
41.0	5.0	NaN	NaN
41.0	6.0	NaN	NaN
41.0	7.0	NaN	NaN
41.0	8.0	NaN	NaN
41.0	9.0	NaN	NaN
41.0	10.0	NaN	NaN
41.0	11.0	NaN	NaN
41.0	12.0	NaN	NaN
41.0	13.0	NaN	NaN
41.0	14.0	NaN	NaN
41.0	15.0	NaN	NaN
41.0	16.0	NaN	NaN
41.0	17.0	NaN	NaN
41.0	18.0	NaN	NaN
41.0	19.0	NaN	NaN
41.0	20.0	NaN	NaN
41.0	21.0	NaN	NaN
42.0	1.0	NaN	NaN
42.0	2.0	NaN	NaN
42.0	3.0	NaN	NaN
42.0	4.0	NaN	NaN
42.0	5.0	NaN	NaN
42.0	6.0	NaN	NaN
42.0	7.0	NaN	NaN
42.0	8.0	NaN	NaN
42.0	9.0	NaN	NaN
42.0	10.0	NaN	NaN
42.0	11.0	NaN	NaN
42.0	12.0	NaN	NaN
42.0	13.0	NaN	NaN
42.0	14.0	NaN	NaN
42.0	15.0	NaN	NaN
42.0	16.0	NaN	NaN
42.0	17.0	NaN	NaN
42.0	18.0	NaN	NaN
42.0	19.0	NaN	NaN
43.0	1.0	NaN	NaN
43.0	2.0	NaN	NaN
43.0	3.0	NaN	NaN
43.0	4.0	NaN	NaN
43.0	5.0	NaN	NaN
43.0	6.0	NaN	NaN
43.0	7.0	NaN	NaN
43.0	8.0	NaN	NaN
43.0	9.0	NaN	NaN
43.0	10.0	NaN	NaN
43.0	11.0	NaN	NaN
43.0	12.0	NaN	NaN
43.0	13.0	NaN	NaN
43.0	14.0	NaN	NaN
43.0	15.0	NaN	NaN
43.0	16.0	NaN	NaN
43.0	17.0	NaN	NaN
43.0	18.0	NaN	NaN
43.0	19.0	NaN	NaN
44.0	1.0	NaN	NaN
44.0	2.0	NaN	NaN
44.0	3.0	NaN	NaN
44.0	4.0	NaN	NaN
44.0	5.0	NaN	NaN
44.0	6.0	NaN	NaN
44.0	7.0	NaN	NaN
44.0	8.0	NaN	NaN
44.0	9.0	NaN	NaN
44.0	10.0	NaN	NaN
44.0	11.0	NaN	NaN
44.0	12.0	NaN	NaN
44.0	13.0	NaN	NaN
44.0	14.0	NaN	NaN
44.0	15.0	NaN	NaN
44.0	16.0	NaN	NaN
44.0	17.0	NaN	NaN
44.0	18.0	NaN	NaN
44.0	19.0	NaN	NaN
44.0	20.0	NaN	NaN
44.0	21.0	NaN	NaN
44.0	22.0	NaN	NaN
44.0	23.0	NaN	NaN
45.0	1.0	NaN	NaN
45.0	2.0	NaN	NaN
45.0	3.0	NaN	NaN
45.0	4.0	NaN	NaN
45.0	5.0	NaN	NaN
45.0	6.0	NaN	NaN
45.0	7.0	NaN	NaN
45.0	8.0	NaN	NaN
45.0	9.0	NaN	NaN
45.0	10.0	NaN	NaN
45.0	11.0	NaN	NaN
45.0	12.0	NaN	NaN
45.0	13.0	NaN	NaN
45.0	14.0	NaN	NaN
45.0	15.0	NaN	NaN
45.0	16.0	NaN	NaN
45.0	17.0	NaN	NaN
45.0	18.0	NaN	NaN
45.0	19.0	NaN	NaN
