# INITIAL SIZE IN LINEAGE
# original file "wt_unlimCap_highRe_3gen.txt" 
# mother	daughter	initSizeMean	initSizeStd
0.0	0.0	0.8772139400000001	0.0
0.0	1.0	0.6108167879999999	0.0009647673559154207
0.0	2.0	0.6558856059999999	0.0017861527941870456
0.0	3.0	0.694907108	0.002651693218424781
0.0	4.0	0.728910496	0.003525854829705854
0.0	5.0	0.758677342	0.004367416092254614
0.0	6.0	0.7849792179999999	0.0053789713063575354
0.0	7.0	0.8084800659999999	0.006344616402799379
0.0	8.0	0.8296072499999999	0.007379230721015437
0.0	9.0	0.8487194520000001	0.00849382574071938
0.0	10.0	0.866309562	0.009770480495408176
0.0	11.0	0.882600736	0.011146232400168241
0.0	12.0	0.8979337599999999	0.012677726918115544
0.0	13.0	0.9124952119999999	0.014425049481081951
0.0	14.0	0.926528248	0.016429274318073412
0.0	15.0	0.9404612840000001	0.01879679059473668
0.0	16.0	0.954367742	0.02169877458614647
0.0	17.0	0.9688170899999999	0.025246362765885526
0.0	18.0	0.984312218	0.03018092693057718
0.0	19.0	1.00215101	0.03773427913212217
0.0	20.0	1.0139247377777778	0.039945428957832506
0.0	21.0	1.0414405800000002	0.05695024428117405
0.0	22.0	1.056515385714286	0.07314417278244813
0.0	23.0	1.016369965	0.04011136017469827
0.0	24.0	1.037400045	0.05347277251564795
0.0	25.0	1.00179575	0.01919406002191825
0.0	26.0	1.01283118	0.022601169194251897
0.0	27.0	1.02551528	0.027696014974057222
0.0	28.0	1.04162435	0.03612725924807747
0.0	29.0	1.06579914	0.053814078739489624
0.0	30.0	NaN	NaN
0.0	31.0	NaN	NaN
0.0	32.0	NaN	NaN
1.0	1.0	0.5578939159349593	0.005197572220523312
1.0	2.0	0.6109951006504066	0.004786913628791331
1.0	3.0	0.6566491957723577	0.004790800426260342
1.0	4.0	0.6961469795934959	0.005151275395203203
1.0	5.0	0.7306101581300813	0.0058026840943044295
1.0	6.0	0.7609015822764228	0.0066705658387521995
1.0	7.0	0.7877743797560975	0.0077226840338957105
1.0	8.0	0.8118176020325202	0.008920360265406366
1.0	9.0	0.8335379198373984	0.010272624554033915
1.0	10.0	0.8533626294308942	0.011793956648278037
1.0	11.0	0.8716949686178862	0.013524571531868358
1.0	12.0	0.8888588862601626	0.015552975713359719
1.0	13.0	0.9051720090243902	0.017929855805213817
1.0	14.0	0.9209683412195121	0.020876067175949493
1.0	15.0	0.9366428622764228	0.024788168719849343
1.0	16.0	0.9519861355918368	0.028328184850438157
1.0	17.0	0.968190585409836	0.03376829118041487
1.0	18.0	0.984333619497908	0.039989786584966366
1.0	19.0	0.9955754863963965	0.03967004320430127
1.0	20.0	1.006319115960591	0.03880538121595795
1.0	21.0	1.020963084301075	0.04431691343895924
1.0	22.0	1.0254986019867551	0.041111383780120254
1.0	23.0	1.0337494609599998	0.04125560301048144
1.0	24.0	1.0400428924489795	0.041804072965786934
1.0	25.0	1.0484274864935066	0.044330378008244006
1.0	26.0	1.0448750588	0.04438540555217477
1.0	27.0	1.0513401242105265	0.050544846940798416
1.0	28.0	1.0482649878571428	0.044629138181579
1.0	29.0	1.03947279	0.027203778944415283
1.0	30.0	1.0632783719999999	0.04041525321343778
1.0	31.0	1.0642896384615386	0.04369396929472799
1.0	32.0	1.072354872	0.045618530293279544
1.0	33.0	1.0634154759999999	0.05619335458230693
1.0	34.0	1.0349853733333332	0.020965220424811432
1.0	35.0	1.04946244	0.027013033450118115
1.0	36.0	1.0710929533333333	0.03909948161749633
1.0	37.0	1.08079243	0.05916013127437934
1.0	38.0	NaN	NaN
1.0	39.0	NaN	NaN
1.0	40.0	NaN	NaN
2.0	1.0	0.5670689536585366	0.004649457025302454
2.0	2.0	0.6189223315447155	0.00439372103982203
2.0	3.0	0.663531934308943	0.004505667428157126
2.0	4.0	0.702214342195122	0.004947804989896765
2.0	5.0	0.7359805328455283	0.005619287203317897
2.0	6.0	0.765743110406504	0.006485295897052971
2.0	7.0	0.7921445278048782	0.007507425244993556
2.0	8.0	0.8158220600813008	0.008666056309722057
2.0	9.0	0.8372509704878048	0.009965319546128283
2.0	10.0	0.8568608124390245	0.011423354950634648
2.0	11.0	0.8750097450406503	0.013094057404076652
2.0	12.0	0.8920496479674797	0.01499748219755885
2.0	13.0	0.9082888410569105	0.01725396332756962
2.0	14.0	0.9240570605691057	0.01998716391012407
2.0	15.0	0.9397045065853659	0.023458866803689693
2.0	16.0	0.9557795162601627	0.02830248593955772
2.0	17.0	0.9718592225409836	0.033231000500256166
2.0	18.0	0.9893098628215772	0.04008561153624157
2.0	19.0	1.0027006016000002	0.042220916912343365
2.0	20.0	1.012967662121212	0.043797020384646716
2.0	21.0	1.0221274612941176	0.04476484662549748
2.0	22.0	1.0266287905797102	0.04178205603887956
2.0	23.0	1.032953467142857	0.041586665437832765
2.0	24.0	1.0396896595555558	0.0415755694494979
2.0	25.0	1.0424993426086957	0.03713373968289896
2.0	26.0	1.0512597447272727	0.03829716446914828
2.0	27.0	1.0573194317073173	0.035609734110834075
2.0	28.0	1.0698622620689655	0.044482918505218016
2.0	29.0	1.0558113975	0.03364959777133816
2.0	30.0	1.0614778854545455	0.038956397908487476
2.0	31.0	1.06560901	0.03225656861966386
2.0	32.0	1.0831349533333332	0.039975735046966
2.0	33.0	1.06338995	0.06475739056435328
2.0	34.0	NaN	NaN
2.0	35.0	NaN	NaN
2.0	36.0	NaN	NaN
2.0	37.0	NaN	NaN
2.0	38.0	NaN	NaN
3.0	1.0	0.5750178895121952	0.004266885368449247
3.0	2.0	0.6257490585365854	0.004173410418111637
3.0	3.0	0.6694735598373984	0.004413173378262225
3.0	4.0	0.7073945816260161	0.004912708216054768
3.0	5.0	0.740549299186992	0.005622271278130177
3.0	6.0	0.7697896305691055	0.006481352157329997
3.0	7.0	0.7957686297560975	0.007475540790818149
3.0	8.0	0.8190836277235772	0.00858579529472525
3.0	9.0	0.8402264580487804	0.009844958105133627
3.0	10.0	0.8595957586991869	0.011245686879488301
3.0	11.0	0.8775664193495935	0.012867064936293408
3.0	12.0	0.8944409193495935	0.014717735710155557
3.0	13.0	0.9105550600813008	0.016910889500047967
3.0	14.0	0.9262290463414634	0.01962992312557263
3.0	15.0	0.9418503158536586	0.02318322612516996
3.0	16.0	0.9573081407346941	0.026576239926987308
3.0	17.0	0.9746461099591837	0.034437381690953825
3.0	18.0	0.9895373427731093	0.036341145759188724
3.0	19.0	1.0038675128571428	0.039611715821916395
3.0	20.0	1.0153800973134328	0.03944017975723188
3.0	21.0	1.0287999228248583	0.042936691993709225
3.0	22.0	1.0361430445714286	0.04349121108225602
3.0	23.0	1.040719765283019	0.042768510916858384
3.0	24.0	1.043682665641026	0.04125484165603663
3.0	25.0	1.0496415640677965	0.04141794308775046
3.0	26.0	1.0554773623809521	0.04478452516851062
3.0	27.0	1.0547560585185187	0.04888775930636057
3.0	28.0	1.0499994157894736	0.04350450358215778
3.0	29.0	1.046078866153846	0.03975273430621795
3.0	30.0	1.053217144	0.04532980308290859
3.0	31.0	1.0500119966666666	0.059097376285667955
3.0	32.0	1.033594815	0.05443301494689023
3.0	33.0	1.0355441399999998	0.07581179865294839
3.0	34.0	0.9973049999999999	0.0010048270203373206
3.0	35.0	1.00326679	0.0012560337754216311
3.0	36.0	1.00958384	0.0015072405305060202
3.0	37.0	1.0164837800000002	0.0015779512086246672
3.0	38.0	1.0242718700000002	0.0017584472855902522
3.0	39.0	1.03330337	0.0023315714738776773
3.0	40.0	1.0439835400000002	0.003085191739130687
3.0	41.0	1.0574281600000002	0.0040900187594679295
3.0	42.0	1.0762516800000002	0.006170383478261374
3.0	43.0	1.10905271	0.01366751141006287
4.0	1.0	0.5818132945528455	0.0037949660811671853
4.0	2.0	0.6314653972357723	0.0037531274835128172
4.0	3.0	0.674254080894309	0.004109416427393487
4.0	4.0	0.7113998526829268	0.004748527258101439
4.0	5.0	0.7439063195934958	0.0055926381414358566
4.0	6.0	0.7725630767479675	0.0065791142803227655
4.0	7.0	0.7980555588617885	0.007685164755031763
4.0	8.0	0.8209456140650407	0.008924107192498245
4.0	9.0	0.8416902129268292	0.010293751993472811
4.0	10.0	0.860698744390244	0.011815544723111306
4.0	11.0	0.8783360318699186	0.013569134339303636
4.0	12.0	0.8949235424390244	0.015569897606546063
4.0	13.0	0.9107672640650406	0.017956204537518904
4.0	14.0	0.926166990813008	0.020897076806651628
4.0	15.0	0.9415499761788619	0.024812986525969288
4.0	16.0	0.9567463733061226	0.028534043479155367
4.0	17.0	0.9726531350617285	0.03456775732927207
4.0	18.0	0.9875780578902954	0.038004620335663965
4.0	19.0	0.9993136269683258	0.0381907869805407
4.0	20.0	1.0140551601941747	0.043089342311379994
4.0	21.0	1.0222081915909091	0.04240553019083022
4.0	22.0	1.0330221970666664	0.04566776388805632
4.0	23.0	1.0342529001754388	0.04159050990745212
4.0	24.0	1.042531607826087	0.04329946106753706
4.0	25.0	1.048298643768116	0.04709672129788023
4.0	26.0	1.0415360251063828	0.039438024347155896
4.0	27.0	1.0441121857142857	0.04024711837318997
4.0	28.0	1.0502780342857143	0.04097152869701552
4.0	29.0	1.048790209	0.03882738477722271
4.0	30.0	1.0544516946666667	0.043806636941607975
4.0	31.0	1.0513396963636363	0.032350668049235476
4.0	32.0	1.069300688	0.03957928089169572
4.0	33.0	1.053856612	0.035907070073749034
4.0	34.0	1.0594959050000001	0.034433054936989
4.0	35.0	1.04162435	0.0017584472855904092
4.0	36.0	1.05671764	0.0020803647187932883
4.0	37.0	1.0780779799999998	0.003085191739130687
4.0	38.0	1.11790658	0.007677624008767237
5.0	1.0	0.5880074746341465	0.003547818481938011
5.0	2.0	0.6368511119512196	0.003575624848807206
5.0	3.0	0.6790183526016259	0.003997630374950727
5.0	4.0	0.715664214308943	0.00469820265388095
5.0	5.0	0.7477799378861788	0.00558984000745044
5.0	6.0	0.7761429021951217	0.006622279357977058
5.0	7.0	0.801421340487805	0.007781373354258482
5.0	8.0	0.8241797856910569	0.00906889733392275
5.0	9.0	0.8448566915447153	0.01049066508018676
5.0	10.0	0.8638561516260163	0.012070871632254124
5.0	11.0	0.881556617804878	0.013871737326254924
5.0	12.0	0.898245946097561	0.015945195012410512
5.0	13.0	0.9142686991056911	0.018390911952415687
5.0	14.0	0.9299720603252032	0.021382321159176224
5.0	15.0	0.9457056203252033	0.025199856489044357
5.0	16.0	0.9621242085365854	0.030615600170808055
5.0	17.0	0.9796745731428572	0.038027155255806334
5.0	18.0	0.9937259812931033	0.04162843542485472
5.0	19.0	1.0034652707177034	0.040536102597386575
5.0	20.0	1.0153402782010583	0.04180051350739961
5.0	21.0	1.0261056042944785	0.04445787277069882
5.0	22.0	1.034279870882353	0.043347769738502365
5.0	23.0	1.0404931516504852	0.04687239025473023
5.0	24.0	1.042517071052632	0.04688215402480139
5.0	25.0	1.0404027373584905	0.04735079444239413
5.0	26.0	1.0364249015384617	0.04200874778941627
5.0	27.0	1.0358601082758618	0.04138015515522298
5.0	28.0	1.0437592	0.04681452233442951
5.0	29.0	1.0490942989473684	0.05330786817320661
5.0	30.0	1.0411239785714286	0.04757747696329461
5.0	31.0	1.0435265266666667	0.043432651296752084
5.0	32.0	1.048321134	0.045839121621834525
5.0	33.0	1.0495831624999998	0.04613368773681046
5.0	34.0	1.04840587	0.049227769024232225
5.0	35.0	1.0504571679999999	0.04953751036205311
5.0	36.0	1.04657036	0.0410977378505306
5.0	37.0	1.04580984	0.04383784756714686
5.0	38.0	1.0678289466666666	0.06000833564959573
5.0	39.0	1.069757	0.08925842840043288
5.0	40.0	NaN	NaN
5.0	41.0	NaN	NaN
5.0	42.0	NaN	NaN
5.0	43.0	NaN	NaN
5.0	44.0	NaN	NaN
5.0	45.0	NaN	NaN
5.0	46.0	NaN	NaN
5.0	47.0	NaN	NaN
6.0	1.0	0.593255952682927	0.0034820385675016726
6.0	2.0	0.6412015875609757	0.0036108625035245704
6.0	3.0	0.6825900160162601	0.004080535565835813
6.0	4.0	0.718579903495935	0.00480711975452627
6.0	5.0	0.7501094319512196	0.00569438673986752
6.0	6.0	0.7779530275609755	0.006710461152544853
6.0	7.0	0.8027675739024391	0.007828060995484273
6.0	8.0	0.8250858218699187	0.009082697402374303
6.0	9.0	0.8453543444715447	0.010469455429261873
6.0	10.0	0.8639693834146341	0.012002728987507958
6.0	11.0	0.8812739716260162	0.013740295792335704
6.0	12.0	0.8975841097560975	0.01573838385533679
6.0	13.0	0.913186295203252	0.018093104004796596
6.0	14.0	0.9284058565853658	0.020945952156494498
6.0	15.0	0.9436207753658534	0.024622593109761164
6.0	16.0	0.9593883637398374	0.029951700334004037
6.0	17.0	0.975168684672131	0.03496020814162799
6.0	18.0	0.9910164873949581	0.04058359247451303
6.0	19.0	1.005318901883408	0.046003246325352506
6.0	20.0	1.0116028674226805	0.0416083557571765
6.0	21.0	1.0232839667836255	0.04607570179960822
6.0	22.0	1.0300971526760563	0.04679718585110453
6.0	23.0	1.0333263104347827	0.042016540597109325
6.0	24.0	1.0388665939130437	0.041541928384339996
6.0	25.0	1.0443976952112681	0.043706627713125425
6.0	26.0	1.044081768076923	0.04021315446577821
6.0	27.0	1.0466227934999999	0.036289872066580596
6.0	28.0	1.0549486399999997	0.04054217283295968
6.0	29.0	1.06164786	0.03987037129960219
6.0	30.0	1.058649728	0.038868433378899316
6.0	31.0	1.0726999566666666	0.0465160377568542
6.0	32.0	1.0611233033333332	0.0563424588364369
6.0	33.0	1.039556605	0.02692730405522442
6.0	34.0	1.0584301249999999	0.04024562781795263
6.0	35.0	1.05607554	0.027459327594076342
6.0	36.0	1.0810033933333336	0.04078754823234331
6.0	37.0	NaN	NaN
6.0	38.0	NaN	NaN
6.0	39.0	NaN	NaN
6.0	40.0	NaN	NaN
7.0	1.0	0.5982621670731706	0.0034850653815753606
7.0	2.0	0.6456338339024392	0.003685208621621762
7.0	3.0	0.6865596326829269	0.004247579764064465
7.0	4.0	0.7222028286991871	0.005037780433498583
7.0	5.0	0.7534644198373984	0.006004827403900551
7.0	6.0	0.7811107985365853	0.007083561633035562
7.0	7.0	0.8058039402439025	0.008272600719816201
7.0	8.0	0.8280238579674797	0.00958723843597906
7.0	9.0	0.8482812658536585	0.011051173884693379
7.0	10.0	0.8669145866666665	0.01266770905296459
7.0	11.0	0.884281636910569	0.014518117148103625
7.0	12.0	0.9007265834959349	0.01663982345354173
7.0	13.0	0.9165254402439024	0.01915235320422518
7.0	14.0	0.9320387197560976	0.022270707964055312
7.0	15.0	0.9476919851219513	0.026354822569577496
7.0	16.0	0.9641792184552848	0.03261885928133893
7.0	17.0	0.9786871793333334	0.035060220713651453
7.0	18.0	0.9945679892703861	0.04012726186568106
7.0	19.0	1.0090446727522935	0.04382970522081461
7.0	20.0	1.0180113628877006	0.04500864260004612
7.0	21.0	1.028052873125	0.047156042295817574
7.0	22.0	1.0334084148031497	0.047538590962967545
7.0	23.0	1.0413303324752476	0.05119553883282705
7.0	24.0	1.0340708944117647	0.04909949234350869
7.0	25.0	1.030293308627451	0.04420215541052744
7.0	26.0	1.0401283704545454	0.050252560456614574
7.0	27.0	1.0396406988235294	0.04955409369820393
7.0	28.0	1.041274656923077	0.054577006067240495
7.0	29.0	1.0290615094736844	0.04431480611478057
7.0	30.0	1.0325866	0.04835868013423693
7.0	31.0	1.021739655	0.038207819514621634
7.0	32.0	1.0393493699999998	0.05433876329288292
7.0	33.0	1.0362965020000001	0.04983841576743295
7.0	34.0	1.039191768888889	0.045337622213601034
7.0	35.0	1.0545554875	0.06280844610782753
7.0	36.0	1.024875812	0.04542581449026666
7.0	37.0	1.01557063	0.03345709166871302
7.0	38.0	1.025071205	0.04083825992352228
7.0	39.0	1.0391375299999999	0.0552361159668817
7.0	40.0	1.0221328533333334	0.03463601545219857
7.0	41.0	1.0320432933333332	0.042065092981731715
7.0	42.0	1.0464352733333333	0.05585091422754089
7.0	43.0	1.02475476	0.03896124423212377
7.0	44.0	1.0342415200000001	0.04721199242917843
7.0	45.0	1.04776377	0.06080879316112281
7.0	46.0	NaN	NaN
7.0	47.0	NaN	NaN
7.0	48.0	NaN	NaN
7.0	49.0	NaN	NaN
7.0	50.0	NaN	NaN
7.0	51.0	NaN	NaN
7.0	52.0	NaN	NaN
7.0	53.0	NaN	NaN
7.0	54.0	NaN	NaN
7.0	55.0	NaN	NaN
7.0	56.0	NaN	NaN
8.0	1.0	0.6026970770731707	0.003241723654285966
8.0	2.0	0.6494701826016259	0.0032631921927874777
8.0	3.0	0.6899078918699189	0.0037362444615800954
8.0	4.0	0.7251369816260161	0.004510459973355245
8.0	5.0	0.7560698849593497	0.0054645127025702445
8.0	6.0	0.7834477379674797	0.006550577905000936
8.0	7.0	0.8079076018699188	0.007765814369491386
8.0	8.0	0.8299478034959348	0.009100057040634461
8.0	9.0	0.850058411300813	0.01058047436790222
8.0	10.0	0.8685672145528456	0.012230054863490653
8.0	11.0	0.8858652559349594	0.01411566211530578
8.0	12.0	0.9022466600813009	0.016296560862444517
8.0	13.0	0.9180401895121951	0.018913253259483256
8.0	14.0	0.9335671830081304	0.022212191678199017
8.0	15.0	0.9493209610569106	0.02678899876077444
8.0	16.0	0.9651721537959184	0.03138481867329157
8.0	17.0	0.9822203681481483	0.03830752400858361
8.0	18.0	0.9947377550877194	0.039547078247406366
8.0	19.0	1.0080857398113205	0.04224335391006144
8.0	20.0	1.0141257447777778	0.03823718474079167
8.0	21.0	1.0285338846625767	0.0423379020520611
8.0	22.0	1.0363454286153844	0.04383125828888029
8.0	23.0	1.0413413222680412	0.046896747151230246
8.0	24.0	1.0424784405714285	0.048634352137292856
8.0	25.0	1.0339026520833332	0.040712232780206435
8.0	26.0	1.039838367179487	0.043018486194593
8.0	27.0	1.0444052683870968	0.04466460853178105
8.0	28.0	1.0378441200000001	0.03735336325592321
8.0	29.0	1.0456842178947368	0.0381251022299732
8.0	30.0	1.0425509615384614	0.03889322143702376
8.0	31.0	1.0411569859999998	0.03480709957061189
8.0	32.0	1.0536059711111112	0.04252436938035782
8.0	33.0	1.05436954	0.03863200287363315
8.0	34.0	1.059285512	0.052792653024962846
8.0	35.0	1.053509115	0.033083752910572736
8.0	36.0	1.0601684866666667	0.04055977235604913
8.0	37.0	1.05960972	0.05022647349019047
8.0	38.0	NaN	NaN
8.0	39.0	NaN	NaN
8.0	40.0	NaN	NaN
8.0	41.0	NaN	NaN
8.0	42.0	NaN	NaN
9.0	1.0	0.6066519848780489	0.003428432534748417
9.0	2.0	0.6528023315447155	0.003446316620576778
9.0	3.0	0.6927156765853658	0.0038765163602344616
9.0	4.0	0.7274909298373984	0.004574524390344543
9.0	5.0	0.7580333680487804	0.005455139075094446
9.0	6.0	0.7850692257723577	0.006483614193855913
9.0	7.0	0.809241608211382	0.007625034288952128
9.0	8.0	0.8310291269918699	0.008901706750710815
9.0	9.0	0.8508925075609755	0.010287724787007789
9.0	10.0	0.8691867641463413	0.0118527285655876
9.0	11.0	0.8862732326829268	0.013627616114288227
9.0	12.0	0.9024271783739837	0.015685531521497015
9.0	13.0	0.9179798563414634	0.01813825222409443
9.0	14.0	0.9332665759349594	0.021213037829150332
9.0	15.0	0.9486898582926828	0.02534468321899413
9.0	16.0	0.9643876279183673	0.030682825004987396
9.0	17.0	0.9795147347933884	0.03297374747303028
9.0	18.0	0.9961228733898304	0.03952033893031549
9.0	19.0	1.0079799732718893	0.03980844767995074
9.0	20.0	1.021027364742268	0.043842056009638225
9.0	21.0	1.0284849827672953	0.044363778662130586
9.0	22.0	1.03289060528	0.042670115150297484
9.0	23.0	1.0417636937254902	0.044382966973991814
9.0	24.0	1.0430144065753424	0.04463619075239234
9.0	25.0	1.0451490665384617	0.049217990639886605
9.0	26.0	1.0424409636842105	0.045496265104527964
9.0	27.0	1.043861830714286	0.049164396208720436
9.0	28.0	1.0332084263157895	0.04365608649079659
9.0	29.0	1.0337781906666665	0.04570852710065558
9.0	30.0	1.0330961350000003	0.04481937344812488
9.0	31.0	1.0445309039999997	0.06313568466764385
9.0	32.0	1.00468783	0.017012091649622637
9.0	33.0	1.0123575	0.019602107069802505
9.0	34.0	1.0210670733333334	0.023178578460793207
9.0	35.0	1.03164549	0.028691187376270764
9.0	36.0	1.0462409766666667	0.039682856748780464
9.0	37.0	1.045920892	0.032102778105078715
9.0	38.0	1.0670280760000002	0.04870512144454711
9.0	39.0	1.05171242	0.03984046400984301
9.0	40.0	1.04114146	0.029132544826444597
9.0	41.0	1.0552466	0.038890533554005124
9.0	42.0	1.07972665	0.061813620181459895
9.0	43.0	NaN	NaN
9.0	44.0	NaN	NaN
9.0	45.0	NaN	NaN
9.0	46.0	NaN	NaN
10.0	1.0	0.6104270910569105	0.0036523749538013802
10.0	2.0	0.6561105183739837	0.0036375337057464392
10.0	3.0	0.6956171917073171	0.004029263084324876
10.0	4.0	0.7300752783739838	0.004733927075718881
10.0	5.0	0.7603558660162602	0.0056397353439737305
10.0	6.0	0.7872090338211383	0.0066764243149807535
10.0	7.0	0.8112163770731708	0.007850132378600931
10.0	8.0	0.8328878185365853	0.009157392176956491
10.0	9.0	0.8526862125203252	0.010608363676701444
10.0	10.0	0.8709378186178862	0.012249715805289682
10.0	11.0	0.8880014590243901	0.014138865066575423
10.0	12.0	0.9042004834146341	0.016343111131316108
10.0	13.0	0.919852358211382	0.019036920389809583
10.0	14.0	0.9352948209756099	0.022580023686080943
10.0	15.0	0.9503185131428572	0.02541210551731503
10.0	16.0	0.9660617213114755	0.030170478528693014
10.0	17.0	0.9819334668333336	0.03581662979776001
10.0	18.0	0.9971474691379311	0.03931773646528638
10.0	19.0	1.0100569174766354	0.041285634769165545
10.0	20.0	1.0192604861956522	0.0420405830177208
10.0	21.0	1.029810873207547	0.04254051467773065
10.0	22.0	1.0353264637096777	0.04264266064968071
10.0	23.0	1.0429498220408164	0.04375294519390622
10.0	24.0	1.0458631754929577	0.04497053796046819
10.0	25.0	1.0474888760784313	0.045557706578923045
10.0	26.0	1.0422394200000002	0.03935022883612392
10.0	27.0	1.0503176955555555	0.04752436329382885
10.0	28.0	1.049716122	0.045497521074451076
10.0	29.0	1.0436822271428572	0.040070825474328914
10.0	30.0	1.047922261818182	0.0431606941226922
10.0	31.0	1.0505726274999998	0.05173156761484466
10.0	32.0	1.027209476	0.028105968345297754
10.0	33.0	1.041253564	0.03589610481237873
10.0	34.0	1.06503862	0.055541900104918975
10.0	35.0	1.0396370866666667	0.030950460380784858
10.0	36.0	1.0561088733333335	0.04009342423662681
10.0	37.0	1.08651738	0.06114709759619674
10.0	38.0	NaN	NaN
10.0	39.0	NaN	NaN
10.0	40.0	NaN	NaN
10.0	41.0	NaN	NaN
10.0	42.0	NaN	NaN
10.0	43.0	NaN	NaN
11.0	1.0	0.614099705609756	0.0040157032772673565
11.0	2.0	0.6593925395121951	0.004098798480926509
11.0	3.0	0.698656767317073	0.004604649684360193
11.0	4.0	0.7329266976422764	0.005416662655268369
11.0	5.0	0.7630918926829268	0.006448338562764401
11.0	6.0	0.7898633752845527	0.007617307037283927
11.0	7.0	0.813859250894309	0.008922028033181878
11.0	8.0	0.8355704545528455	0.010378183032259727
11.0	9.0	0.8554281976422765	0.011992231790139548
11.0	10.0	0.8738167302439024	0.01380143251722749
11.0	11.0	0.8910860705691058	0.015882169465161137
11.0	12.0	0.9075428804878046	0.018313413927540552
11.0	13.0	0.9235547114634147	0.021254235039597235
11.0	14.0	0.9394680622764228	0.024958228055687575
11.0	15.0	0.9558393146341464	0.029977642220763264
11.0	16.0	0.9737793380487805	0.0382394577366024
11.0	17.0	0.9883329434745762	0.04143493419346427
11.0	18.0	1.0002143120737328	0.04290833559771323
11.0	19.0	1.011753829175258	0.045863083308124
11.0	20.0	1.0159094881761006	0.043804207120462436
11.0	21.0	1.0242027141176475	0.044766682971224776
11.0	22.0	1.0292835984070796	0.04091121787339676
11.0	23.0	1.0365467911827955	0.040920131143018575
11.0	24.0	1.042858656756757	0.04071197312754129
11.0	25.0	1.0441889505660378	0.04156683373619787
11.0	26.0	1.0479170746341464	0.03925766412255168
11.0	27.0	1.056183680625	0.04131758903650021
11.0	28.0	1.050670324	0.03936643614851756
11.0	29.0	1.05882008875	0.041963523315073525
11.0	30.0	1.04890955	0.03241415638377809
11.0	31.0	1.054992655	0.030489304519039327
11.0	32.0	1.0516539999999999	0.0252722996155871
11.0	33.0	1.058963015	0.018786461264037112
11.0	34.0	1.08822526	0.03557213269918274
11.0	35.0	1.09966595	0.04229764272633869
11.0	36.0	NaN	NaN
12.0	1.0	0.6173712431707317	0.0044851376940674
12.0	2.0	0.6621468372357723	0.004468338707860972
12.0	3.0	0.7009535808130083	0.0048241676650568974
12.0	4.0	0.7348393146341464	0.005463156076453753
12.0	5.0	0.7646669859349592	0.006312440081181237
12.0	6.0	0.791152741382114	0.00733455682182754
12.0	7.0	0.8148694474796747	0.00851391355954006
12.0	8.0	0.836332889105691	0.0098302131992563
12.0	9.0	0.8559873177235772	0.011309905894280783
12.0	10.0	0.8741411711382114	0.013016636320412882
12.0	11.0	0.891190316504065	0.014983524799439261
12.0	12.0	0.9074357890243903	0.01731291108941417
12.0	13.0	0.9231858657723576	0.020189732600173416
12.0	14.0	0.938845902601626	0.023932593542698135
12.0	15.0	0.9550118079674799	0.0296798059860232
12.0	16.0	0.9696163325619835	0.03151132638929872
12.0	17.0	0.9872781351666668	0.03959318213628488
12.0	18.0	1.0000430692444444	0.04059390146676139
12.0	19.0	1.0117012412682924	0.04067324128415886
12.0	20.0	1.0207617778409093	0.040318281725277
12.0	21.0	1.0316352726174496	0.0436718433557904
12.0	22.0	1.0386778994915256	0.04495654767612404
12.0	23.0	1.0405826727272727	0.04220202976237448
12.0	24.0	1.045391994782609	0.0391085573672943
12.0	25.0	1.056079048888889	0.04358021632945932
12.0	26.0	1.054409618888889	0.04085286048631071
12.0	27.0	1.0494101375	0.032471009268286694
12.0	28.0	1.0600719042105262	0.03496655884859615
12.0	29.0	1.077276057333333	0.04304792614193085
12.0	30.0	1.0535553866666667	0.03999362172745786
12.0	31.0	1.050059145	0.04003655014458111
12.0	32.0	1.05972814	0.057917449803585146
12.0	33.0	1.04238487	0.04021727800754556
12.0	34.0	1.06316232	0.05790409749895771
12.0	35.0	NaN	NaN
12.0	36.0	NaN	NaN
12.0	37.0	NaN	NaN
12.0	38.0	NaN	NaN
12.0	39.0	NaN	NaN
13.0	1.0	0.6206413473983738	0.0048472043633501355
13.0	2.0	0.6649861685365854	0.004620543945952005
13.0	3.0	0.7034457713821137	0.004806701151584501
13.0	4.0	0.7370382471544714	0.0052938062743343815
13.0	5.0	0.766619814390244	0.00603972450391919
13.0	6.0	0.7928958156910569	0.00698483330683748
13.0	7.0	0.8164529382113821	0.008076346534642648
13.0	8.0	0.8377786830894308	0.009334646789820902
13.0	9.0	0.8573083267479675	0.010744438305454327
13.0	10.0	0.8753743546341464	0.012359213123276636
13.0	11.0	0.8923363164227642	0.014225969110969095
13.0	12.0	0.9084961242276423	0.016411749434817453
13.0	13.0	0.9241858142276422	0.019107851891153813
13.0	14.0	0.9397455738211384	0.022622840126844054
13.0	15.0	0.9558037993495935	0.028008021573995612
13.0	16.0	0.9706742265843621	0.029662214499560996
13.0	17.0	0.9878873266390039	0.03579120755657307
13.0	18.0	1.0030398266375546	0.0397987838321203
13.0	19.0	1.016184138357488	0.04261289235657513
13.0	20.0	1.025042649595376	0.04416901646273965
13.0	21.0	1.030434050212766	0.03993622118313648
13.0	22.0	1.0426816113559323	0.0433494070233568
13.0	23.0	1.0459957731034484	0.04045726164349547
13.0	24.0	1.0517268721311475	0.04504853925796268
13.0	25.0	1.0510107575609757	0.04407544074942988
13.0	26.0	1.0483727807407406	0.04363073043018948
13.0	27.0	1.055505808	0.05093438339290121
13.0	28.0	1.04533616	0.056060462331817114
13.0	29.0	1.01887624	0.045606115513252526
13.0	30.0	1.01643378	0.04002244280314739
13.0	31.0	1.0114001400000001	0.029955637872627585
13.0	32.0	1.0221668879999999	0.03898528530544721
13.0	33.0	1.012944995	0.01577525321768982
13.0	34.0	1.02120216	0.018447041550673275
13.0	35.0	1.03096918	0.022326530182704144
13.0	36.0	1.0431842050000002	0.02848449726448121
13.0	37.0	1.0612333900000002	0.0418209444562554
13.0	38.0	1.0587141133333333	0.034652529081683814
13.0	39.0	1.05146637	0.012521263033488333
13.0	40.0	1.0679307000000002	0.017938026246496697
13.0	41.0	1.09570809	0.032539653998778166
13.0	42.0	NaN	NaN
14.0	1.0	0.6239531391869918	0.005553979962044444
14.0	2.0	0.6679448183739836	0.005240303855000396
14.0	3.0	0.7061045308130082	0.005316729242384639
14.0	4.0	0.7394844924390243	0.005730119906503058
14.0	5.0	0.7689096853658537	0.0064237336409079665
14.0	6.0	0.7950807560162603	0.007320516626289431
14.0	7.0	0.8185832683739839	0.008389403761906267
14.0	8.0	0.8398924965040652	0.009645644586454472
14.0	9.0	0.8594472362601626	0.011080921799857434
14.0	10.0	0.8775757261788617	0.012727427754479551
14.0	11.0	0.8946633178861788	0.014654035069583958
14.0	12.0	0.9109830302439025	0.016963405275025316
14.0	13.0	0.9269068110569105	0.019827577548313973
14.0	14.0	0.9428355554471546	0.02366794094334881
14.0	15.0	0.9587214582040816	0.02772637072516302
14.0	16.0	0.9749900976131688	0.03200489960180543
14.0	17.0	0.9908233321186442	0.03599791367115307
14.0	18.0	1.0062269774887893	0.039920513762287585
14.0	19.0	1.0188412154545454	0.042691887656813914
14.0	20.0	1.0265858259756098	0.041351644790338773
14.0	21.0	1.0373486135294117	0.04351806907388287
14.0	22.0	1.0420463572815535	0.04149304855010135
14.0	23.0	1.0506741901234569	0.04064167520199703
14.0	24.0	1.0575902727586206	0.042821419704377875
14.0	25.0	1.0560981572972972	0.0407874424047185
14.0	26.0	1.0590879041666668	0.046324667402287106
14.0	27.0	1.0446901128571426	0.03385426604512447
14.0	28.0	1.0574790366666666	0.03807970743166435
14.0	29.0	1.062812031111111	0.03719921001389696
14.0	30.0	1.0736347857142856	0.03832947485966681
14.0	31.0	1.0531667933333333	0.02982814662142006
14.0	32.0	1.051694	0.015355248017534632
14.0	33.0	1.0733595999999999	0.024108409724757758
14.0	34.0	NaN	NaN
14.0	35.0	NaN	NaN
15.0	1.0	0.627287277886179	0.006513763529971293
15.0	2.0	0.6708077480487804	0.006044221998404239
15.0	3.0	0.7085827719512194	0.005973450120739158
15.0	4.0	0.7416315212195123	0.006240939846666359
15.0	5.0	0.7707865624390243	0.006825482472825724
15.0	6.0	0.7967119463414633	0.007638115163939041
15.0	7.0	0.8200101065853658	0.00863898958728952
15.0	8.0	0.8411343448780487	0.009825544219164565
15.0	9.0	0.860507389593496	0.011195916970156164
15.0	10.0	0.8785056281300814	0.012755357563838941
15.0	11.0	0.89543952	0.014586364222149907
15.0	12.0	0.9116079071544715	0.016738755742526236
15.0	13.0	0.9274018858536586	0.019363615561318492
15.0	14.0	0.9431015138211383	0.022697104034039246
15.0	15.0	0.959307534308943	0.02730499945599289
15.0	16.0	0.977134368699187	0.035532650960538884
15.0	17.0	0.9906141345762711	0.03432622631177406
15.0	18.0	1.0076117635555553	0.040880995815545704
15.0	19.0	1.0227746563725493	0.04561068453103402
15.0	20.0	1.0313269461904764	0.04538668209673287
15.0	21.0	1.0340399848	0.044251331364846
15.0	22.0	1.0433495194000002	0.04724672430740769
15.0	23.0	1.0432105394285713	0.04757428282045472
15.0	24.0	1.0384156510204077	0.04143724277392059
15.0	25.0	1.0513351448780488	0.04967595666304431
15.0	26.0	1.0461631264285718	0.045792008586882274
15.0	27.0	1.0504341104761903	0.05226597138769918
15.0	28.0	1.03019864	0.035351206328182554
15.0	29.0	1.0432054766666665	0.04299776061529196
15.0	30.0	1.0543739760000002	0.05456605284181553
15.0	31.0	1.03052971	0.03732294540982052
15.0	32.0	1.04870192	0.04993767090138189
15.0	33.0	1.061243916	0.06704940148634052
15.0	34.0	1.0365248333333332	0.06178987336430571
15.0	35.0	1.00704702	0.011265229258066545
15.0	36.0	1.01341407	0.012591973711606981
15.0	37.0	1.02061927	0.014601627752281621
15.0	38.0	1.0287626200000002	0.01743561273632792
15.0	39.0	1.03842701	0.021274424740711617
15.0	40.0	1.05070585	0.02744480821897299
15.0	41.0	1.0682859599999999	0.039463657742292546
15.0	42.0	NaN	NaN
15.0	43.0	NaN	NaN
15.0	44.0	NaN	NaN
15.0	45.0	NaN	NaN
16.0	1.0	0.6305855095510203	0.0076559959685967025
16.0	2.0	0.6734689489795919	0.0068722187066581385
16.0	3.0	0.7106863583673471	0.006507256239072515
16.0	4.0	0.7432407148571427	0.006568181471545893
16.0	5.0	0.7719498202448979	0.0069702099887048565
16.0	6.0	0.7974764399183673	0.007697634487662687
16.0	7.0	0.8203926742040817	0.008672861251547497
16.0	8.0	0.8411469509387755	0.009848870432228304
16.0	9.0	0.860167043020408	0.011232879088928371
16.0	10.0	0.8777998754285713	0.01282316453334593
16.0	11.0	0.894368721387755	0.014678389518701996
16.0	12.0	0.910173288244898	0.016885928377337822
16.0	13.0	0.9254985253061224	0.01953780284110066
16.0	14.0	0.9407362120816327	0.02288157405921639
16.0	15.0	0.956349921387755	0.027444750549418064
16.0	16.0	0.9724892213934425	0.033075592336847225
16.0	17.0	0.9874242729113926	0.03710240457954604
16.0	18.0	1.0014237741704035	0.041498281469545095
16.0	19.0	1.0118220896517416	0.04046596146623209
16.0	20.0	1.0229160094857146	0.04394198528608243
16.0	21.0	1.0282402197222222	0.04014969326507373
16.0	22.0	1.038125565	0.04183002488176627
16.0	23.0	1.0469435830434783	0.04709055198625336
16.0	24.0	1.0494953950769232	0.05070838321676113
16.0	25.0	1.039600620952381	0.046053946915070754
16.0	26.0	1.0365673766666668	0.04726276268365309
16.0	27.0	1.0443499338461537	0.04864241678355309
16.0	28.0	1.0454012910000001	0.05026488195284339
16.0	29.0	1.0457454546666667	0.054597758541595556
16.0	30.0	1.0236772844444444	0.0495673598789443
16.0	31.0	1.0114537485714286	0.03570840781813508
16.0	32.0	1.0237389799999999	0.04680722210893244
16.0	33.0	1.0207710233333334	0.04215228475834625
16.0	34.0	1.0132674920000002	0.026404131411408318
16.0	35.0	1.022308992	0.03183275751003862
16.0	36.0	1.033795208	0.04038875477461423
16.0	37.0	1.053876612	0.060958776270798945
16.0	38.0	1.0175662266666665	0.014258070127816552
16.0	39.0	1.0248898466666667	0.01686796633405849
16.0	40.0	1.033531	0.020052213905511835
16.0	41.0	1.0442370466666666	0.024796044111723377
16.0	42.0	1.0585106066666665	0.03242221380209776
16.0	43.0	1.0828981133333333	0.04967199777261375
16.0	44.0	NaN	NaN
16.0	45.0	NaN	NaN
16.0	46.0	NaN	NaN
16.0	47.0	NaN	NaN
16.0	48.0	NaN	NaN
17.0	1.0	0.6338209691983123	0.008636577582824332
17.0	2.0	0.6763523441350211	0.007833945653599943
17.0	3.0	0.7133088953586497	0.007472565528045181
17.0	4.0	0.7456695616033756	0.007530436141520927
17.0	5.0	0.7742274296202531	0.007972618828779466
17.0	6.0	0.7996707233755275	0.00873559090496383
17.0	7.0	0.8225422650632911	0.009747326465283613
17.0	8.0	0.8432958595780592	0.010993546886465116
17.0	9.0	0.8623455825316454	0.01248880623728225
17.0	10.0	0.8800752859071732	0.01421484713765959
17.0	11.0	0.8967803258227848	0.01623793357364257
17.0	12.0	0.9127863044725739	0.018668580930461802
17.0	13.0	0.9284126617721519	0.021691065271358792
17.0	14.0	0.9440842218565402	0.025635586160413417
17.0	15.0	0.9597617049152543	0.02985656618347058
17.0	16.0	0.9769890399148934	0.03739607123173571
17.0	17.0	0.9911183517333335	0.04034847086698407
17.0	18.0	1.0040551170334928	0.042918699153802156
17.0	19.0	1.0157108722340427	0.04470988457713438
17.0	20.0	1.0224805630379747	0.0430185660087052
17.0	21.0	1.0306545295454548	0.04299990158106064
17.0	22.0	1.041186244814815	0.04760453820484263
17.0	23.0	1.0396452815789474	0.04636429053356126
17.0	24.0	1.044244465762712	0.04760609498187523
17.0	25.0	1.0437284586363635	0.044675868621003034
17.0	26.0	1.0513654417647058	0.051212982255706
17.0	27.0	1.0392071463636363	0.04729677548466772
17.0	28.0	1.0409446777777778	0.045149789085861015
17.0	29.0	1.0350789185714286	0.03194847462291495
17.0	30.0	1.039987741666667	0.028191178914801718
17.0	31.0	1.0545501945454545	0.035550078122961244
17.0	32.0	1.0679362555555556	0.04464037998766336
17.0	33.0	1.0701381366666667	0.04909424229843887
17.0	34.0	1.0413283	0.032998571751510754
17.0	35.0	1.05937288	0.04389493949129446
17.0	36.0	1.0595597199999998	0.057974808177076356
17.0	37.0	NaN	NaN
17.0	38.0	NaN	NaN
17.0	39.0	NaN	NaN
17.0	40.0	NaN	NaN
17.0	41.0	NaN	NaN
17.0	42.0	NaN	NaN
18.0	1.0	0.6364979280000002	0.009230269905597681
18.0	2.0	0.6786533979999998	0.008300603301821483
18.0	3.0	0.7152968466363635	0.007797045972310819
18.0	4.0	0.7473893660909091	0.007731455740310076
18.0	5.0	0.7757181862727275	0.008048613065890232
18.0	6.0	0.8009607294545456	0.008700368034133257
18.0	7.0	0.8236543475454543	0.009632062587827199
18.0	8.0	0.8442591081818182	0.010818465789002094
18.0	9.0	0.863199266090909	0.01221625832346211
18.0	10.0	0.8808084428181819	0.013895379848353364
18.0	11.0	0.8973895184545456	0.01584035343527984
18.0	12.0	0.9132858512727272	0.01818898945933358
18.0	13.0	0.9288085389090908	0.021041631504615684
18.0	14.0	0.9443471834545456	0.024710734034241247
18.0	15.0	0.9604427490000002	0.029876969627620004
18.0	16.0	0.9772908384474887	0.03609155784483466
18.0	17.0	0.9947840672897196	0.04419624334015973
18.0	18.0	1.0034242170833332	0.041229092736719423
18.0	19.0	1.016152979537572	0.04548908194962268
18.0	20.0	1.0218145265277774	0.042989533688602054
18.0	21.0	1.0350328603199999	0.048918574274287745
18.0	22.0	1.034551647311828	0.045961973625673384
18.0	23.0	1.0342235877142858	0.04254928400326507
18.0	24.0	1.0385801901818181	0.043121107163590605
18.0	25.0	1.0444858613953492	0.04718208174203251
18.0	26.0	1.04451922625	0.04815190745130142
18.0	27.0	1.0418521904000002	0.03900294553943635
18.0	28.0	1.0495895439999998	0.044926817214835366
18.0	29.0	1.0415440876923077	0.04477234444177833
18.0	30.0	1.03640308	0.035183240192412285
18.0	31.0	1.0452572133333333	0.03797113969047154
18.0	32.0	1.0458605914285715	0.03744746911241374
18.0	33.0	1.0504856766666666	0.03360056510892978
18.0	34.0	1.060249188	0.03961885479295837
18.0	35.0	1.07102541	0.048941776338106084
18.0	36.0	1.04385591	0.031464116300322115
18.0	37.0	1.06120839	0.04430729676701349
18.0	38.0	NaN	NaN
18.0	39.0	NaN	NaN
18.0	40.0	NaN	NaN
18.0	41.0	NaN	NaN
19.0	1.0	0.638651062244898	0.009323404947991528
19.0	2.0	0.6805282483673469	0.00830989332774655
19.0	3.0	0.7169590265306122	0.007765263546768223
19.0	4.0	0.748871382755102	0.0077006768921956785
19.0	5.0	0.7770546897959184	0.008058131720573368
19.0	6.0	0.8021781954081633	0.008764686269938855
19.0	7.0	0.8247879339795918	0.009762924672470785
19.0	8.0	0.8453113319387754	0.011025782392491459
19.0	9.0	0.8641833614285716	0.012513321897733526
19.0	10.0	0.8817434124489797	0.014279342129057165
19.0	11.0	0.898299135612245	0.016362171272514558
19.0	12.0	0.9141968219387755	0.01884416844747452
19.0	13.0	0.9297337569387756	0.021940354332999595
19.0	14.0	0.9453582582653061	0.026040522479622574
19.0	15.0	0.9618272609183673	0.03271867952882089
19.0	16.0	0.9771771547150259	0.036307541245127875
19.0	17.0	0.9901423759782608	0.03687883048678399
19.0	18.0	1.0047894795375722	0.041964599610533136
19.0	19.0	1.0154173161038962	0.04264967766457678
19.0	20.0	1.0248571076923076	0.045464175773361905
19.0	21.0	1.0298424184615385	0.045012584924821394
19.0	22.0	1.0369266357647058	0.045644658521001025
19.0	23.0	1.033655867	0.04201722057518232
19.0	24.0	1.0415622938775508	0.04505192000998501
19.0	25.0	1.043278283243243	0.04504917746040246
19.0	26.0	1.0391913792592593	0.03864947882730334
19.0	27.0	1.0475624563636363	0.04421636744802241
19.0	28.0	1.048898822352941	0.04052371199765198
19.0	29.0	1.0538298107692308	0.043466380403531485
19.0	30.0	1.0606599740000002	0.048967356961012364
19.0	31.0	1.0509593566666666	0.053330048065165545
19.0	32.0	1.03457178	0.042807454246178496
19.0	33.0	1.053331485	0.05479864257042472
19.0	34.0	1.0558720333333333	0.06590870500974622
19.0	35.0	NaN	NaN
19.0	36.0	NaN	NaN
19.0	37.0	NaN	NaN
19.0	38.0	NaN	NaN
19.0	39.0	NaN	NaN
19.0	40.0	NaN	NaN
19.0	41.0	NaN	NaN
19.0	42.0	NaN	NaN
19.0	43.0	NaN	NaN
19.0	44.0	NaN	NaN
19.0	45.0	NaN	NaN
19.0	46.0	NaN	NaN
19.0	47.0	NaN	NaN
19.0	48.0	NaN	NaN
19.0	49.0	NaN	NaN
19.0	50.0	NaN	NaN
20.0	1.0	0.6403266098203593	0.009804032693982799
20.0	2.0	0.6819103949700599	0.008794950347743356
20.0	3.0	0.7180545016766466	0.00824020359354821
20.0	4.0	0.7497197001197605	0.00807224059715779
20.0	5.0	0.7776891065868262	0.008302797291002112
20.0	6.0	0.8025969419161675	0.008867774895719225
20.0	7.0	0.8250175155688625	0.009707806314033673
20.0	8.0	0.8453771553293412	0.010817490201191857
20.0	9.0	0.8640976194011977	0.01218488766558033
20.0	10.0	0.881491353772455	0.013824167702273536
20.0	11.0	0.8978865622754488	0.015800191517239527
20.0	12.0	0.9135953129341315	0.018228707187654153
20.0	13.0	0.9289602908982036	0.021404112125605838
20.0	14.0	0.9434066106024099	0.022753539350421483
20.0	15.0	0.9589729619277108	0.02716165504312616
20.0	16.0	0.9758217371084337	0.03401145822646133
20.0	17.0	0.9912748134161493	0.039409190073831174
20.0	18.0	1.0041320574834434	0.040251204169515775
20.0	19.0	1.0179683232116787	0.0460162643641986
20.0	20.0	1.0223012884955753	0.04157366265892274
20.0	21.0	1.0307879385106384	0.04328446782590609
20.0	22.0	1.0355429281578947	0.0391370622706792
20.0	23.0	1.0468647180952382	0.04258932830364717
20.0	24.0	1.0488730297777777	0.04238487546143437
20.0	25.0	1.043198284	0.03285951056662454
20.0	26.0	1.055029444	0.03617262668860623
20.0	27.0	1.0633990221052632	0.03666554248212644
20.0	28.0	1.0612759333333333	0.02737497658773708
20.0	29.0	1.081056638	0.03257687595123801
20.0	30.0	1.0943980133333335	0.030064101625771937
20.0	31.0	1.09053445	0.0028339849840464553
21.0	1.0	0.6417312139568343	0.009068945623328906
21.0	2.0	0.6833456374100716	0.00793876118123679
21.0	3.0	0.7195325997122302	0.007216344290917319
21.0	4.0	0.7513010089208635	0.006975606821577297
21.0	5.0	0.7793764364028776	0.007133475876289302
21.0	6.0	0.8044328254676258	0.007674201642427476
21.0	7.0	0.827017766906475	0.008538905533101937
21.0	8.0	0.8475693484892087	0.009674347515053567
21.0	9.0	0.8664833450359711	0.01104195143740901
21.0	10.0	0.8841473523741007	0.012701655803757284
21.0	11.0	0.9008253592805757	0.014650283158988284
21.0	12.0	0.9168813345323741	0.017005937688344613
21.0	13.0	0.9326324469064748	0.019973162826861967
21.0	14.0	0.9485163674820146	0.023905683319177137
21.0	15.0	0.9651987666187051	0.029784207875723702
21.0	16.0	0.9796623072592592	0.031629819512054416
21.0	17.0	0.9952258881538462	0.036160823081718696
21.0	18.0	1.007354934117647	0.036223309891111846
21.0	19.0	1.0223428196363635	0.03867596945562512
21.0	20.0	1.03856948	0.044038617532564155
21.0	21.0	1.0398902300000004	0.03841114802265655
21.0	22.0	1.0497008192452828	0.04253199485647606
21.0	23.0	1.0541656883333332	0.04494964562624712
21.0	24.0	1.0563750111999999	0.043867537668474565
21.0	25.0	1.0544407247058825	0.03755271089664334
21.0	26.0	1.0603877833333335	0.03996415573787163
21.0	27.0	1.0558477228571428	0.03751194594646245
21.0	28.0	1.0511111100000001	0.04219394731604843
21.0	29.0	1.0599316466666666	0.0551344212864244
21.0	30.0	1.05177163	0.05664806372353608
21.0	31.0	NaN	NaN
21.0	32.0	NaN	NaN
21.0	33.0	NaN	NaN
21.0	34.0	NaN	NaN
21.0	35.0	NaN	NaN
21.0	36.0	NaN	NaN
22.0	1.0	0.6428634695495495	0.009629996603094973
22.0	2.0	0.6842977457657659	0.00890618231799069
22.0	3.0	0.7203740317117115	0.008612914318726262
22.0	4.0	0.752009697297297	0.008772286676985538
22.0	5.0	0.7800143845045046	0.009312807079705268
22.0	6.0	0.8049925216216215	0.010147675028827628
22.0	7.0	0.8275122873873874	0.011271947946853142
22.0	8.0	0.8480128911711712	0.012677127499876083
22.0	9.0	0.8669256945945945	0.014354767001313523
22.0	10.0	0.8845700643243244	0.016357024830670572
22.0	11.0	0.9013099610810811	0.018763838127956633
22.0	12.0	0.9174572599999998	0.02178202407706752
22.0	13.0	0.9334309236036038	0.025775563558717775
22.0	14.0	0.9499710828828828	0.03239458700320746
22.0	15.0	0.9639137405504585	0.032276222969969535
22.0	16.0	0.9811222701851853	0.039818164087539826
22.0	17.0	0.9939313447058823	0.040156960473286006
22.0	18.0	1.007392005744681	0.04409457726516247
22.0	19.0	1.0147727020253168	0.045535458958370245
22.0	20.0	1.0202885712121215	0.0444200186210177
22.0	21.0	1.0229634503703704	0.03893012497460213
22.0	22.0	1.0313718652173909	0.03854148682479788
22.0	23.0	1.0423757978947368	0.04409578662189377
22.0	24.0	1.0462808885714285	0.04770927507815997
22.0	25.0	1.0431536789999998	0.043988868375815976
22.0	26.0	1.04854304	0.04556490311274764
22.0	27.0	1.0465536933333335	0.038733544360457325
22.0	28.0	1.0500829022222224	0.04174414803306024
22.0	29.0	1.0641698775000001	0.04646425664876531
22.0	30.0	1.057560264	0.040225135073328026
22.0	31.0	1.04427038	0.021544073164756844
22.0	32.0	1.06420968	0.03232829034041868
22.0	33.0	1.06668729	0.028881338071360205
22.0	34.0	NaN	NaN
22.0	35.0	NaN	NaN
23.0	1.0	0.6436186680459771	0.009218590401041846
23.0	2.0	0.6849409032183907	0.008353032579901816
23.0	3.0	0.7209076195402299	0.007857110757361242
23.0	4.0	0.7524381071264369	0.007737682703854854
23.0	5.0	0.7803711365517243	0.007923427432743107
23.0	6.0	0.8052553117241378	0.008400061909120453
23.0	7.0	0.8277035432183909	0.00910989628362162
23.0	8.0	0.8481005827586208	0.010043721775978134
23.0	9.0	0.8669249498850575	0.01119575848504469
23.0	10.0	0.8844400422988505	0.01256246115124367
23.0	11.0	0.9010100429885055	0.01419379002594674
23.0	12.0	0.916920823908046	0.016158317844227405
23.0	13.0	0.9324799140229885	0.01852018854231922
23.0	14.0	0.9480716717241379	0.021491294681149943
23.0	15.0	0.9641766735632181	0.025441539624708156
23.0	16.0	0.9816143013793103	0.03115839452409632
23.0	17.0	1.0006620388372094	0.03890232791471356
23.0	18.0	1.0181597519999996	0.04643392944272502
23.0	19.0	1.0219168152380955	0.04402314286794935
23.0	20.0	1.029429496226415	0.04064067592651235
23.0	21.0	1.0370045909523808	0.04041091472514006
23.0	22.0	1.046804329090909	0.04312422693570405
23.0	23.0	1.0564460632	0.04672686937776299
23.0	24.0	1.0644187422222222	0.049296792511867936
23.0	25.0	1.0667183420000002	0.0662308032418032
23.0	26.0	1.0404826933333333	0.05120543984006807
23.0	27.0	1.0429588119999997	0.048256573096780525
23.0	28.0	1.0189872666666666	0.017768258193467765
23.0	29.0	1.0312143533333333	0.022367222538977306
23.0	30.0	1.0469089533333333	0.030033277466865505
23.0	31.0	1.0735797733333332	0.052298455748250705
23.0	32.0	1.06267943	0.02636927052051679
23.0	33.0	1.09743439	0.05198492077578056
23.0	34.0	NaN	NaN
23.0	35.0	NaN	NaN
24.0	1.0	0.6450839331428572	0.009738975062589373
24.0	2.0	0.6861122222857142	0.00886142369649649
24.0	3.0	0.7218167608571429	0.008371462160211575
24.0	4.0	0.753135660857143	0.008268403990043518
24.0	5.0	0.7808457577142858	0.008490237109432402
24.0	6.0	0.8055513320000001	0.009081368681778187
24.0	7.0	0.827797002857143	0.009922966267193701
24.0	8.0	0.8480734802857144	0.011024059684738042
24.0	9.0	0.8666987691428573	0.012381362780116976
24.0	10.0	0.8840752342857142	0.013981414354921798
24.0	11.0	0.9004775725714286	0.015905366455928684
24.0	12.0	0.9162529614285715	0.018201965855564124
24.0	13.0	0.9316935411428572	0.0210024926879898
24.0	14.0	0.9471970902857141	0.02460125394313574
24.0	15.0	0.9633044311428571	0.029483407102447585
24.0	16.0	0.9810418705714288	0.036989512749229014
24.0	17.0	0.9953176963636363	0.04203183129519976
24.0	18.0	1.0100031632786886	0.048881533061399404
24.0	19.0	1.016426481509434	0.044529002326788164
24.0	20.0	1.0242706124444445	0.04365310413087822
24.0	21.0	1.027061246111111	0.038442201107594935
24.0	22.0	1.0391092193548386	0.04255543082979142
24.0	23.0	1.0483588704	0.04458221219079276
24.0	24.0	1.0532482255555555	0.0500957254767474
24.0	25.0	1.0346341000000001	0.02471355759261061
24.0	26.0	1.0572207454545453	0.03529090939660247
24.0	27.0	1.0608927914285715	0.04131516578664518
24.0	28.0	1.04743351	0.025337032558716683
24.0	29.0	1.07718983	0.049689935724787034
24.0	30.0	1.0852480933333333	0.04625962705303329
24.0	31.0	1.08515555	0.017616108813293663
24.0	32.0	NaN	NaN
25.0	1.0	0.6457415509803921	0.010687210872878149
25.0	2.0	0.6867703988235294	0.009689863732065927
25.0	3.0	0.7224889729411763	0.009128052965165208
25.0	4.0	0.7537991749019607	0.00896680635293601
25.0	5.0	0.7815210180392157	0.009182699239916995
25.0	6.0	0.8062953635294118	0.009734554621638275
25.0	7.0	0.8285795862745098	0.010543900177331346
25.0	8.0	0.8489020098039215	0.011603756074347228
25.0	9.0	0.8675937458823529	0.01291455189959871
25.0	10.0	0.8850433356862745	0.014487064905862634
25.0	11.0	0.9015174956862745	0.016336845531313236
25.0	12.0	0.9173890807843136	0.018532811237821394
25.0	13.0	0.9329472011764707	0.02124493691087885
25.0	14.0	0.9485660537254902	0.02464591956722102
25.0	15.0	0.9648225168627451	0.029216985194273664
25.0	16.0	0.9826987799999999	0.03621722148664505
25.0	17.0	0.9990475191836735	0.04175978623006907
25.0	18.0	1.0141897062222223	0.04739631510901642
25.0	19.0	1.0192984483333332	0.0489016143664846
25.0	20.0	1.0254864206666667	0.04683613244886945
25.0	21.0	1.0321298058333332	0.05141785965386108
25.0	22.0	1.0266285744444446	0.04109798862018537
25.0	23.0	1.0397148274999999	0.04584900072941402
25.0	24.0	1.0328537327272729	0.03727303147927227
25.0	25.0	1.0604171290909092	0.05389729438245849
25.0	26.0	1.06338995	0.054212767825182
25.0	27.0	1.02551528	0.06908607101961725
25.0	28.0	0.99872604	0.051733714020696334
25.0	29.0	1.00887332	0.06041616504980097
25.0	30.0	1.02204031	0.07351055227157673
25.0	31.0	1.0443888000000001	0.09944811996004355
25.0	32.0	NaN	NaN
25.0	33.0	NaN	NaN
25.0	34.0	NaN	NaN
25.0	35.0	NaN	NaN
25.0	36.0	NaN	NaN
25.0	37.0	NaN	NaN
25.0	38.0	NaN	NaN
25.0	39.0	NaN	NaN
25.0	40.0	NaN	NaN
25.0	41.0	NaN	NaN
25.0	42.0	NaN	NaN
25.0	43.0	NaN	NaN
25.0	44.0	NaN	NaN
25.0	45.0	NaN	NaN
25.0	46.0	NaN	NaN
25.0	47.0	NaN	NaN
25.0	48.0	NaN	NaN
26.0	1.0	0.6427267568750001	0.008490383906136224
26.0	2.0	0.6844909487500002	0.007510177518152695
26.0	3.0	0.7208165368749999	0.007006598220341536
26.0	4.0	0.752758199375	0.006936761872824419
26.0	5.0	0.7810295812499999	0.0072532439962338015
26.0	6.0	0.8062992625000002	0.007873501770155297
26.0	7.0	0.8291511193749999	0.008805940000467407
26.0	8.0	0.8499483887500001	0.009953630423455241
26.0	9.0	0.8691948493749996	0.011365649840618932
26.0	10.0	0.8871853999999999	0.013007272460243881
26.0	11.0	0.9043012868750002	0.014968519208769232
26.0	12.0	0.920860353125	0.017298213402806135
26.0	13.0	0.937195655	0.020216456138397298
26.0	14.0	0.953829638125	0.024053635506759374
26.0	15.0	0.9714239750000002	0.02946705153613112
26.0	16.0	0.9917168081250002	0.03953586483388238
26.0	17.0	1.012159878709677	0.048711008756643914
26.0	18.0	1.017873646153846	0.0413283446663691
26.0	19.0	1.0231642980952378	0.03473702496539383
26.0	20.0	1.046592243157895	0.04825472996051789
26.0	21.0	1.0474256153846153	0.04741285790382477
26.0	22.0	1.0449525377777777	0.03643959426731511
26.0	23.0	1.0490313033333332	0.038554373322638114
26.0	24.0	1.049728885	0.034944139727675384
26.0	25.0	1.0578851733333334	0.03292205140809023
26.0	26.0	1.07095041	0.04739248850614417
26.0	27.0	NaN	NaN
26.0	28.0	NaN	NaN
27.0	1.0	0.6431040896296297	0.008364644309335784
27.0	2.0	0.6844239051851851	0.007909234355848943
27.0	3.0	0.7204582888888887	0.007861822610638631
27.0	4.0	0.7520518733333332	0.00817464303971364
27.0	5.0	0.7799793103703702	0.008744437333131141
27.0	6.0	0.8049211007407407	0.009531065520058384
27.0	7.0	0.8273653496296295	0.01056720578034977
27.0	8.0	0.8477968481481482	0.011778560833052393
27.0	9.0	0.8666333311111111	0.013183699011272433
27.0	10.0	0.8841918525925926	0.014844009654001749
27.0	11.0	0.9008013570370373	0.016727063374823912
27.0	12.0	0.9167344540740742	0.01894210912599253
27.0	13.0	0.9324027385185184	0.021616995526521708
27.0	14.0	0.9481216074074077	0.02492700200368212
27.0	15.0	0.9644058711111114	0.029183317326922528
27.0	16.0	0.9821000637037037	0.03509742683953122
27.0	17.0	1.0030936429629627	0.04484884444451255
27.0	18.0	1.0177989	0.05180206199593351
27.0	19.0	1.024673874736842	0.0580514242757616
27.0	20.0	1.0210903185714284	0.05827167506107309
27.0	21.0	1.0235659549999998	0.05176314477461431
27.0	22.0	1.0259871179999998	0.045966413876474294
27.0	23.0	1.03186983	0.05268491208901245
27.0	24.0	1.0223438166666667	0.03636420263862895
27.0	25.0	1.0433747733333332	0.04940592876080632
27.0	26.0	1.03946779	0.06041450328860333
27.0	27.0	1.0226065333333334	0.025524476520127397
27.0	28.0	1.0379792066666667	0.034238009359344124
27.0	29.0	1.06397284	0.05833019399798698
27.0	30.0	1.0462151	0.024610823234926534
27.0	31.0	1.06734781	0.03612725924807747
27.0	32.0	NaN	NaN
27.0	33.0	NaN	NaN
27.0	34.0	NaN	NaN
28.0	1.0	0.6434127481818182	0.007255591097744075
28.0	2.0	0.6845095190909092	0.006283573301097538
28.0	3.0	0.7202092081818182	0.005813505389469988
28.0	4.0	0.7515089354545453	0.005871545704630007
28.0	5.0	0.7791878809090907	0.006452785457342765
28.0	6.0	0.8037880254545455	0.007361596752481102
28.0	7.0	0.8259578081818183	0.008523201014847189
28.0	8.0	0.8461045227272728	0.009902188807056844
28.0	9.0	0.8645425199999999	0.01150480300502609
28.0	10.0	0.8817214372727272	0.013226277321589486
28.0	11.0	0.8979087363636363	0.01524547877325528
28.0	12.0	0.9133784581818181	0.017600098646817598
28.0	13.0	0.9284727045454545	0.02030332304499924
28.0	14.0	0.9434746072727275	0.023604090058591896
28.0	15.0	0.9588247127272728	0.027790702609076196
28.0	16.0	0.9752376081818184	0.03355793455261552
28.0	17.0	0.9944093309090909	0.04358527972490264
28.0	18.0	1.003909021	0.04059282861055783
28.0	19.0	1.0295359029999998	0.05506217561754761
28.0	20.0	1.0121039933333333	0.050527776736734246
28.0	21.0	1.015717734	0.053181263865573376
28.0	22.0	1.0245173355555555	0.05628518426777227
28.0	23.0	0.9995975233333333	0.023572804012225283
28.0	24.0	1.0118671533333332	0.027728920905496984
28.0	25.0	1.02658106	0.03386054064352785
28.0	26.0	1.0466129033333333	0.04487665493538565
28.0	27.0	1.046278915	0.05467618492299889
28.0	28.0	1.0434931933333333	0.056520774475105465
28.0	29.0	1.02427187	0.03512243222774015
28.0	30.0	1.0387322700000001	0.04488042095530075
28.0	31.0	1.06103076	0.06507930799755633
28.0	32.0	NaN	NaN
28.0	33.0	NaN	NaN
28.0	34.0	NaN	NaN
28.0	35.0	NaN	NaN
28.0	36.0	NaN	NaN
28.0	37.0	NaN	NaN
29.0	1.0	0.6467175279999999	0.008908315155412008
29.0	2.0	0.688161509	0.008051305685793035
29.0	3.0	0.7242554050000001	0.007519324904061338
29.0	4.0	0.7560089440000001	0.007331429199059697
29.0	5.0	0.784111594	0.007488469171199435
29.0	6.0	0.8092616380000001	0.007866403868695492
29.0	7.0	0.832004203	0.008539252210914703
29.0	8.0	0.852801127	0.009378734192181284
29.0	9.0	0.8719943809999998	0.01052579576588064
29.0	10.0	0.8900340919999999	0.011855208068752137
29.0	11.0	0.907119601	0.013434497631575977
29.0	12.0	0.92368722	0.015408440512252382
29.0	13.0	0.9401360239999998	0.01793466544116122
29.0	14.0	0.956802984	0.021231480878177195
29.0	15.0	0.9744363829999999	0.025982506413393454
29.0	16.0	0.9943351569999999	0.03395104450269304
29.0	17.0	1.0063142777777778	0.03077310026839132
29.0	18.0	1.0279773329411765	0.0408512627138807
29.0	19.0	1.0391993714285717	0.037686250109005365
29.0	20.0	1.045363528	0.03251092501011686
29.0	21.0	1.0519825933333333	0.03912167693154608
29.0	22.0	1.05123874	0.020242366249006945
29.0	23.0	1.0714815466666667	0.021055817605330096
29.0	24.0	1.1070987799999998	0.036951590191448974
30.0	1.0	0.6445108928571427	0.008368649166537633
30.0	2.0	0.68471543	0.007494430460169954
30.0	3.0	0.7196004642857143	0.0070718840956355625
30.0	4.0	0.7500637328571427	0.007024088699626606
30.0	5.0	0.776936242857143	0.007310326121176851
30.0	6.0	0.8007493814285714	0.007932616316288329
30.0	7.0	0.8221422399999999	0.008768923164658948
30.0	8.0	0.8413567342857141	0.00991714504494866
30.0	9.0	0.858955077142857	0.01116336181296066
30.0	10.0	0.8751402742857142	0.012589374865192234
30.0	11.0	0.8902121357142858	0.014333158253272893
30.0	12.0	0.90443626	0.016370256422716084
30.0	13.0	0.9180521185714285	0.01869682640735088
30.0	14.0	0.9313848971428571	0.02151535039577362
30.0	15.0	0.9445654214285714	0.025125644495247627
30.0	16.0	0.9581408671428574	0.029962536281234357
30.0	17.0	0.9728764528571429	0.03740286248272497
30.0	18.0	0.9794699323076923	0.032587626904435694
30.0	19.0	0.9957173615384616	0.04254795040066166
30.0	20.0	1.00625229	0.049293341358040726
30.0	21.0	1.010773781818182	0.03851490828240972
30.0	22.0	1.023227142	0.04729479882134417
30.0	23.0	1.01645878	0.02475344867130579
30.0	24.0	1.0333921849999999	0.030327442938155143
30.0	25.0	1.0574350675000002	0.04152689528668372
30.0	26.0	1.059001304	0.046391006965405254
30.0	27.0	1.0835568800000002	0.06469671649725046
30.0	28.0	NaN	NaN
30.0	29.0	NaN	NaN
30.0	30.0	NaN	NaN
30.0	31.0	NaN	NaN
30.0	32.0	NaN	NaN
30.0	33.0	NaN	NaN
30.0	34.0	NaN	NaN
30.0	35.0	NaN	NaN
30.0	36.0	NaN	NaN
31.0	1.0	0.6448267309090909	0.007796987491970789
31.0	2.0	0.6851160927272727	0.006921814615126715
31.0	3.0	0.7200684199999999	0.006584712849805982
31.0	4.0	0.7506212636363636	0.006765880418339174
31.0	5.0	0.7775669618181819	0.007351688955566348
31.0	6.0	0.801505030909091	0.008235143426522068
31.0	7.0	0.8229804418181819	0.009369075521520585
31.0	8.0	0.8423525218181819	0.010692685256864
31.0	9.0	0.8601471036363637	0.012114177294868468
31.0	10.0	0.8765347599999999	0.013799069373530964
31.0	11.0	0.8917697945454545	0.01554981232871982
31.0	12.0	0.9063679927272726	0.01762869288748834
31.0	13.0	0.9202142836363634	0.019981992365136814
31.0	14.0	0.9337608163636365	0.02271147131268746
31.0	15.0	0.9473628509090911	0.025994466531345246
31.0	16.0	0.96129694	0.030088082193860045
31.0	17.0	0.9762039872727272	0.035715238150850155
31.0	18.0	0.993246661818182	0.04437669649687275
31.0	19.0	1.003378894	0.04825857749055701
31.0	20.0	1.0108692088888889	0.046395715275948816
31.0	21.0	1.0238347025	0.054907432812698234
31.0	22.0	1.0229617933333333	0.05928595941969898
31.0	23.0	1.0142772199999999	0.07226244056825279
31.0	24.0	0.9913357533333332	0.0428270516796584
31.0	25.0	1.0034110866666666	0.052723213708791766
31.0	26.0	1.0206451466666666	0.07126406507920614
31.0	27.0	0.9867524599999999	0.01994768028717126
31.0	28.0	0.9938300299999999	0.02227925176104886
31.0	29.0	1.00144049	0.025364443500179547
31.0	30.0	1.00958384	0.029203255504563087
31.0	31.0	1.01919823	0.03462001871757145
31.0	32.0	1.03094418	0.042548849481423075
31.0	33.0	1.0469256200000001	0.05582373278016426
31.0	34.0	NaN	NaN
31.0	35.0	NaN	NaN
31.0	36.0	NaN	NaN
31.0	37.0	NaN	NaN
31.0	38.0	NaN	NaN
31.0	39.0	NaN	NaN
31.0	40.0	NaN	NaN
32.0	1.0	0.6481156444444445	0.010739545603319422
32.0	2.0	0.6892685022222222	0.010223094783975343
32.0	3.0	0.7250714066666668	0.009975165836030015
32.0	4.0	0.7565617755555556	0.010104973926313574
32.0	5.0	0.78457966	0.010438144337500798
32.0	6.0	0.8096431844444445	0.010991129740312309
32.0	7.0	0.83236784	0.011842131186619212
32.0	8.0	0.853141051111111	0.012947095162039684
32.0	9.0	0.8722970244444445	0.014298501917382054
32.0	10.0	0.8904266911111112	0.016000542111803955
32.0	11.0	0.9076829733333334	0.018117563547229508
32.0	12.0	0.92451616	0.020740699254306726
32.0	13.0	0.9412815111111112	0.024405966446142072
32.0	14.0	0.9586673244444444	0.029456628707901663
32.0	15.0	0.9777665733333332	0.03817955836829181
32.0	16.0	0.9846028075	0.02657073819991121
32.0	17.0	1.00486546	0.034276170136179764
32.0	18.0	1.0182957942857145	0.035793590197366734
32.0	19.0	1.0323393433333334	0.0369034987601673
32.0	20.0	1.038871085	0.04505227530747622
32.0	21.0	1.0394335799999999	0.026214680011649963
32.0	22.0	1.0734946866666668	0.04441963920641556
32.0	23.0	NaN	NaN
32.0	24.0	NaN	NaN
33.0	1.0	0.6467852466666667	0.010177866911565858
33.0	2.0	0.68782217	0.008284012149781054
33.0	3.0	0.7236337	0.006689672880636269
33.0	4.0	0.75514132	0.0054759006514581545
33.0	5.0	0.7831222166666668	0.004829565174968323
33.0	6.0	0.80811849	0.004669283731241863
33.0	7.0	0.8307296966666667	0.005218350725329434
33.0	8.0	0.8513795166666668	0.0062332731565034405
33.0	9.0	0.8704732100000001	0.007571346865140981
33.0	10.0	0.8883660366666669	0.009208542238807786
33.0	11.0	0.9053799233333333	0.011169312664083952
33.0	12.0	0.9219201299999998	0.013515349929278142
33.0	13.0	0.9381642866666667	0.01625837260863542
33.0	14.0	0.9547378266666667	0.019817022767791004
33.0	15.0	0.97206443	0.024512418395054376
33.0	16.0	0.9912598766666667	0.03128649927354714
33.0	17.0	1.0151311600000001	0.04384975953985062
33.0	18.0	1.025302124	0.04254687680605101
33.0	19.0	1.041713165	0.05688414431542378
33.0	20.0	1.0429344266666665	0.04971307839875675
33.0	21.0	1.03819938	0.03996607125246117
33.0	22.0	1.07495827	0.06992294702227726
33.0	23.0	NaN	NaN
33.0	24.0	NaN	NaN
33.0	25.0	NaN	NaN
34.0	1.0	0.6384642666666666	0.0014912032114146351
34.0	2.0	0.6805928466666668	0.002075839730261771
34.0	3.0	0.7171223533333334	0.0041491602914485596
34.0	4.0	0.7492220733333333	0.006122107274928532
34.0	5.0	0.7777025266666667	0.008435408884940512
34.0	6.0	0.8030189733333333	0.010720252102825472
34.0	7.0	0.8259854399999998	0.013094844116658986
34.0	8.0	0.8468387666666667	0.015677750245112768
34.0	9.0	0.86623772	0.018620609702380848
34.0	10.0	0.8844007199999999	0.02178718630893855
34.0	11.0	0.90149794	0.025580049515128038
34.0	12.0	0.91825832	0.03009227190043982
34.0	13.0	0.9350187	0.035718497732838694
34.0	14.0	0.9522860933333334	0.04302972181516554
34.0	15.0	0.97136312	0.0541018370640702
34.0	16.0	0.9957839600000001	0.07469177630304696
34.0	17.0	0.96569738	0.010833526426016572
34.0	18.0	0.97891437	0.012521263033488255
34.0	19.0	0.9930695100000001	0.01467233843040027
34.0	20.0	1.00887332	0.017867315568377815
34.0	21.0	1.02746921	0.022781665271217635
34.0	22.0	1.05182163	0.032539653998778166
34.0	23.0	NaN	NaN
34.0	24.0	NaN	NaN
35.0	1.0	0.6405958266666667	0.0026173352953975074
35.0	2.0	0.6828761599999998	0.0014790653259406693
35.0	3.0	0.7197609266666666	0.00046795394018359673
35.0	4.0	0.75213082	0.0005426686137966828
35.0	5.0	0.7807963600000001	0.001435766196426077
35.0	6.0	0.8063680666666667	0.0022146405856782285
35.0	7.0	0.8293345333333333	0.0031171292281413896
35.0	8.0	0.8505431199999999	0.0038969241711379705
35.0	9.0	0.87000874	0.004982251416418037
35.0	10.0	0.8881717399999999	0.005913630265479891
35.0	11.0	0.9053207133333334	0.0068589147019141004
35.0	12.0	0.9218775866666666	0.008249224740745895
35.0	13.0	0.9381642866666665	0.009626868112534536
35.0	14.0	0.9545694066666668	0.011449324368281815
35.0	15.0	0.9714815400000001	0.013869401874962077
35.0	16.0	0.9896112066666666	0.01705916533936323
35.0	17.0	1.0100575200000002	0.02218492250861382
35.0	18.0	1.0359327333333332	0.03224421513423672
35.0	19.0	1.0433230199999999	0.016862488548040653
35.0	20.0	1.0827963600000001	0.031786033733525156
35.0	21.0	NaN	NaN
36.0	1.0	0.64110284	0.0023114661858656023
36.0	2.0	0.6819954666666668	0.0012883917667128135
36.0	3.0	0.7175626999999999	0.0034504751330215223
36.0	4.0	0.7486633066666667	0.005753008392878718
36.0	5.0	0.7761963999999999	0.008241675587015034
36.0	6.0	0.8005839066666667	0.010924892069880222
36.0	7.0	0.82256968	0.013842075363311723
36.0	8.0	0.84250898	0.01669896864014061
36.0	9.0	0.8607570666666667	0.020005086671587617
36.0	10.0	0.8778727066666668	0.023681922202594394
36.0	11.0	0.8939041466666667	0.027755638526773815
36.0	12.0	0.9094987466666667	0.03266308704923849
36.0	13.0	0.92451616	0.03854764173638637
36.0	14.0	0.9400405866666667	0.04615098555262421
36.0	15.0	0.9566492133333333	0.0565925972871305
36.0	16.0	0.9765034266666666	0.07353779112598462
36.0	17.0	0.94393178	0.00308519173913053
36.0	18.0	0.95359617	0.003407109172333645
36.0	19.0	0.96333819	0.003838812004383697
36.0	20.0	0.97313021	0.004341225514552318
36.0	21.0	0.98309986	0.005094845779805329
36.0	22.0	0.9937800299999999	0.005848466045058259
36.0	23.0	1.00522072	0.006672796988429996
36.0	24.0	1.0182600800000001	0.008250748197054505
36.0	25.0	1.03335337	0.010440898314694889
36.0	26.0	1.0527097799999998	0.01442113167531588
36.0	27.0	1.08137532	0.024610823234926693
36.0	28.0	NaN	NaN
37.0	1.0	0.64297914	0.004569611293097021
37.0	2.0	0.6834165066666666	0.003790496858847569
37.0	3.0	0.7185433933333334	0.003213900601097248
37.0	4.0	0.7492554066666667	0.0026852199049115905
37.0	5.0	0.77631482	0.0028715323928522546
37.0	6.0	0.8003470666666667	0.0029631199126145926
37.0	7.0	0.8218258266666667	0.0035547794714346427
37.0	8.0	0.8412581133333333	0.0040282458964334585
37.0	9.0	0.85903252	0.004599282375849557
37.0	10.0	0.8753525533333333	0.005255228230146917
37.0	11.0	0.8905734733333333	0.006189182673159099
37.0	12.0	0.9049654533333333	0.007042861982925263
37.0	13.0	0.91861358	0.00796249333535675
37.0	14.0	0.9318213599999999	0.009032950411488005
37.0	15.0	0.9448958066666666	0.010163233898997542
37.0	16.0	0.9579000799999999	0.011679035356244072
37.0	17.0	0.9713964533333334	0.013639224399610607
37.0	18.0	0.9855515933333333	0.01595241180406695
37.0	19.0	1.00097602	0.019106011213427036
37.0	20.0	1.0188688466666667	0.023923033125875313
37.0	21.0	1.0415984733333337	0.03239424544132077
37.0	22.0	1.0831349533333332	0.05973951332527693
37.0	23.0	NaN	NaN
37.0	24.0	NaN	NaN
37.0	25.0	NaN	NaN
38.0	1.0	0.6464466533333333	0.005691661025617507
38.0	2.0	0.68723928	0.004246608374079257
38.0	3.0	0.7226363399999999	0.002811604632589751
38.0	4.0	0.75367028	0.0016280058413900363
38.0	5.0	0.7810332	0.00041021891326464046
38.0	6.0	0.8055391266666666	0.0007610676735569584
38.0	7.0	0.8275248999999999	0.002141405595117412
38.0	8.0	0.8474975333333333	0.0032557583291966336
38.0	9.0	0.8659157933333335	0.004563493256632807
38.0	10.0	0.8828945933333333	0.005850659774395742
38.0	11.0	0.8989111199999998	0.0074006158943969065
38.0	12.0	0.9142837933333334	0.009054445349447627
38.0	13.0	0.9289977	0.010888752870150035
38.0	14.0	0.9436782733333334	0.013081922632890465
38.0	15.0	0.95825534	0.015810122780510055
38.0	16.0	0.9737131	0.019317185129143422
38.0	17.0	0.9901515533333333	0.02421399991874411
38.0	18.0	1.0091101599999999	0.03145563532295603
38.0	19.0	1.0337345066666668	0.04579140957447078
38.0	20.0	1.02876262	0.029634958336613216
38.0	21.0	1.05654001	0.045382834465469375
38.0	22.0	NaN	NaN
38.0	23.0	NaN	NaN
38.0	24.0	NaN	NaN
39.0	1.0	0.64890014	0.00965859256457174
39.0	2.0	0.68700244	0.008704587729490698
39.0	3.0	0.7201161866666667	0.007806902137783828
39.0	4.0	0.7488668133333333	0.007129372125968243
39.0	5.0	0.7739981733333333	0.006544743664631407
39.0	6.0	0.7962207866666665	0.006201157055464142
39.0	7.0	0.81585658	0.005842056584183333
39.0	8.0	0.8334274800000001	0.005566639131576621
39.0	9.0	0.8493255866666667	0.005488463465646237
39.0	10.0	0.8635473933333332	0.005439589066109066
39.0	11.0	0.8766885066666666	0.005553712041592824
39.0	12.0	0.8887638399999999	0.005731634507223951
39.0	13.0	0.8999769	0.006082509472873946
39.0	14.0	0.91047944	0.006472979750964764
39.0	15.0	0.9204232133333333	0.006902574254358552
39.0	16.0	0.92994506	0.007600670866943295
39.0	17.0	0.9391116466666668	0.008416917115009146
39.0	18.0	0.9479563066666667	0.009405062447093753
39.0	19.0	0.9568009666666666	0.010326154139549371
39.0	20.0	0.9656973799999999	0.011749978666074254
39.0	21.0	0.9746937933333334	0.01323493736804723
39.0	22.0	0.9839788	0.015085529098192012
39.0	23.0	0.9938559066666667	0.0174824012192986
39.0	24.0	1.0046619533333334	0.020757221111837934
39.0	25.0	1.0169407933333332	0.02516084664815023
39.0	26.0	1.03177312	0.03188250168614135
39.0	27.0	1.0523378533333334	0.044420197174710185
39.0	28.0	1.0496400700000001	0.04746319918426282
39.0	29.0	NaN	NaN
39.0	30.0	NaN	NaN
39.0	31.0	NaN	NaN
39.0	32.0	NaN	NaN
39.0	33.0	NaN	NaN
40.0	1.0	0.6504211799999999	0.012701759110453997
40.0	2.0	0.69029978	0.012340766956522592
40.0	3.0	0.72528237	0.01208956020143828
40.0	4.0	0.75585184	0.012270056278403945
40.0	5.0	0.78286871	0.012952965865538308
40.0	6.0	0.8071211300000001	0.013526090053825653
40.0	7.0	0.82888673	0.014601627752281621
40.0	8.0	0.84882603	0.015606454772619021
40.0	9.0	0.8669890299999999	0.01711369530312504
40.0	10.0	0.88403625	0.01869164651174955
40.0	11.0	0.9000953199999999	0.020520804475458607
40.0	12.0	0.91541624	0.023032872026302026
40.0	13.0	0.93058716	0.026118063765432634
40.0	14.0	0.94550282	0.029705669014731786
40.0	15.0	0.9610289999999999	0.03443952264060587
40.0	16.0	0.9773657	0.04104160895091714
40.0	17.0	0.9959615900000001	0.050477680245274784
40.0	18.0	1.01955349	0.06683775528314674
40.0	19.0	NaN	NaN
40.0	20.0	NaN	NaN
40.0	21.0	NaN	NaN
40.0	22.0	NaN	NaN
40.0	23.0	NaN	NaN
40.0	24.0	NaN	NaN
41.0	1.0	NaN	NaN
41.0	2.0	NaN	NaN
41.0	3.0	NaN	NaN
41.0	4.0	NaN	NaN
41.0	5.0	NaN	NaN
41.0	6.0	NaN	NaN
41.0	7.0	NaN	NaN
41.0	8.0	NaN	NaN
41.0	9.0	NaN	NaN
41.0	10.0	NaN	NaN
41.0	11.0	NaN	NaN
41.0	12.0	NaN	NaN
41.0	13.0	NaN	NaN
41.0	14.0	NaN	NaN
41.0	15.0	NaN	NaN
41.0	16.0	NaN	NaN
41.0	17.0	NaN	NaN
41.0	18.0	NaN	NaN
41.0	19.0	NaN	NaN
41.0	20.0	NaN	NaN
41.0	21.0	NaN	NaN
42.0	1.0	NaN	NaN
42.0	2.0	NaN	NaN
42.0	3.0	NaN	NaN
42.0	4.0	NaN	NaN
42.0	5.0	NaN	NaN
42.0	6.0	NaN	NaN
42.0	7.0	NaN	NaN
42.0	8.0	NaN	NaN
42.0	9.0	NaN	NaN
42.0	10.0	NaN	NaN
42.0	11.0	NaN	NaN
42.0	12.0	NaN	NaN
42.0	13.0	NaN	NaN
42.0	14.0	NaN	NaN
42.0	15.0	NaN	NaN
42.0	16.0	NaN	NaN
42.0	17.0	NaN	NaN
42.0	18.0	NaN	NaN
42.0	19.0	NaN	NaN
43.0	1.0	NaN	NaN
43.0	2.0	NaN	NaN
43.0	3.0	NaN	NaN
43.0	4.0	NaN	NaN
43.0	5.0	NaN	NaN
43.0	6.0	NaN	NaN
43.0	7.0	NaN	NaN
43.0	8.0	NaN	NaN
43.0	9.0	NaN	NaN
43.0	10.0	NaN	NaN
43.0	11.0	NaN	NaN
43.0	12.0	NaN	NaN
43.0	13.0	NaN	NaN
43.0	14.0	NaN	NaN
43.0	15.0	NaN	NaN
43.0	16.0	NaN	NaN
43.0	17.0	NaN	NaN
43.0	18.0	NaN	NaN
43.0	19.0	NaN	NaN
44.0	1.0	NaN	NaN
44.0	2.0	NaN	NaN
44.0	3.0	NaN	NaN
44.0	4.0	NaN	NaN
44.0	5.0	NaN	NaN
44.0	6.0	NaN	NaN
44.0	7.0	NaN	NaN
44.0	8.0	NaN	NaN
44.0	9.0	NaN	NaN
44.0	10.0	NaN	NaN
44.0	11.0	NaN	NaN
44.0	12.0	NaN	NaN
44.0	13.0	NaN	NaN
44.0	14.0	NaN	NaN
44.0	15.0	NaN	NaN
44.0	16.0	NaN	NaN
44.0	17.0	NaN	NaN
44.0	18.0	NaN	NaN
44.0	19.0	NaN	NaN
44.0	20.0	NaN	NaN
44.0	21.0	NaN	NaN
44.0	22.0	NaN	NaN
44.0	23.0	NaN	NaN
45.0	1.0	NaN	NaN
45.0	2.0	NaN	NaN
45.0	3.0	NaN	NaN
45.0	4.0	NaN	NaN
45.0	5.0	NaN	NaN
45.0	6.0	NaN	NaN
45.0	7.0	NaN	NaN
45.0	8.0	NaN	NaN
45.0	9.0	NaN	NaN
45.0	10.0	NaN	NaN
45.0	11.0	NaN	NaN
45.0	12.0	NaN	NaN
45.0	13.0	NaN	NaN
45.0	14.0	NaN	NaN
45.0	15.0	NaN	NaN
45.0	16.0	NaN	NaN
45.0	17.0	NaN	NaN
45.0	18.0	NaN	NaN
45.0	19.0	NaN	NaN
