# REJUVENATION FRACTION IN LINEAGE
# original file "wt_unlimCap_highRe_3gen.txt" 
# mother	daughter	nCells	rej>0	rej>0.2	rej>0.5	rej>1
0.0	0.0	10.0	0.0	0.0	0.0	0.0
0.0	1.0	10.0	0.7	0.2	0.0	0.0
0.0	2.0	10.0	0.3	0.3	0.1	0.0
0.0	3.0	10.0	0.4	0.2	0.0	0.0
0.0	4.0	10.0	0.6	0.3	0.0	0.0
0.0	5.0	10.0	0.4	0.1	0.0	0.0
0.0	6.0	10.0	0.3	0.2	0.0	0.0
0.0	7.0	10.0	0.4	0.1	0.1	0.0
0.0	8.0	10.0	0.3	0.0	0.0	0.0
0.0	9.0	10.0	0.3	0.1	0.0	0.0
0.0	10.0	10.0	0.3	0.1	0.0	0.0
0.0	11.0	10.0	0.4	0.0	0.0	0.0
0.0	12.0	10.0	0.2	0.1	0.0	0.0
0.0	13.0	10.0	0.2	0.0	0.0	0.0
0.0	14.0	10.0	0.3	0.2	0.0	0.0
0.0	15.0	10.0	0.4	0.2	0.1	0.0
0.0	16.0	10.0	0.4	0.1	0.0	0.0
0.0	17.0	10.0	0.1	0.1	0.0	0.0
0.0	18.0	10.0	0.5	0.0	0.0	0.0
0.0	19.0	10.0	0.1	0.1	0.0	0.0
0.0	20.0	9.0	0.0	0.0	0.0	0.0
0.0	21.0	9.0	0.0	0.0	0.0	0.0
0.0	22.0	7.0	0.14285714285714285	0.0	0.0	0.0
0.0	23.0	4.0	0.0	0.0	0.0	0.0
0.0	24.0	4.0	0.25	0.0	0.0	0.0
0.0	25.0	2.0	0.0	0.0	0.0	0.0
0.0	26.0	2.0	0.0	0.0	0.0	0.0
0.0	27.0	2.0	0.0	0.0	0.0	0.0
0.0	28.0	2.0	0.0	0.0	0.0	0.0
0.0	29.0	2.0	0.0	0.0	0.0	0.0
0.0	30.0	1.0	NaN	NaN	NaN	NaN
0.0	31.0	1.0	NaN	NaN	NaN	NaN
0.0	32.0	1.0	NaN	NaN	NaN	NaN
1.0	1.0	246.0	0.5	0.22764227642276422	0.04065040650406504	0.0040650406504065045
1.0	2.0	246.0	0.4634146341463415	0.15447154471544716	0.016260162601626018	0.0
1.0	3.0	246.0	0.4349593495934959	0.18699186991869918	0.012195121951219513	0.0
1.0	4.0	246.0	0.4715447154471545	0.1951219512195122	0.02032520325203252	0.0
1.0	5.0	246.0	0.3902439024390244	0.14227642276422764	0.008130081300813009	0.0
1.0	6.0	246.0	0.4186991869918699	0.15853658536585366	0.032520325203252036	0.0040650406504065045
1.0	7.0	246.0	0.3699186991869919	0.16666666666666666	0.024390243902439025	0.0040650406504065045
1.0	8.0	246.0	0.4186991869918699	0.11788617886178862	0.0040650406504065045	0.0
1.0	9.0	246.0	0.37398373983739835	0.13414634146341464	0.016260162601626018	0.008130081300813009
1.0	10.0	246.0	0.3780487804878049	0.12601626016260162	0.024390243902439025	0.0040650406504065045
1.0	11.0	246.0	0.3617886178861789	0.13414634146341464	0.012195121951219513	0.0
1.0	12.0	246.0	0.3617886178861789	0.0975609756097561	0.016260162601626018	0.0
1.0	13.0	246.0	0.3943089430894309	0.13414634146341464	0.012195121951219513	0.0
1.0	14.0	246.0	0.3902439024390244	0.13008130081300814	0.02032520325203252	0.0
1.0	15.0	246.0	0.3048780487804878	0.10975609756097561	0.02032520325203252	0.0
1.0	16.0	245.0	0.3510204081632653	0.11428571428571428	0.02857142857142857	0.004081632653061225
1.0	17.0	244.0	0.3073770491803279	0.09016393442622951	0.0	0.0
1.0	18.0	239.0	0.34309623430962344	0.11297071129707113	0.012552301255230125	0.0
1.0	19.0	222.0	0.26576576576576577	0.0945945945945946	0.009009009009009009	0.0
1.0	20.0	203.0	0.2413793103448276	0.07881773399014778	0.014778325123152709	0.0
1.0	21.0	186.0	0.20967741935483872	0.0967741935483871	0.016129032258064516	0.0
1.0	22.0	151.0	0.152317880794702	0.033112582781456956	0.019867549668874173	0.013245033112582781
1.0	23.0	125.0	0.104	0.024	0.008	0.0
1.0	24.0	98.0	0.11224489795918367	0.05102040816326531	0.0	0.0
1.0	25.0	77.0	0.05194805194805195	0.025974025974025976	0.0	0.0
1.0	26.0	50.0	0.06	0.04	0.0	0.0
1.0	27.0	38.0	0.02631578947368421	0.0	0.0	0.0
1.0	28.0	28.0	0.0	0.0	0.0	0.0
1.0	29.0	20.0	0.0	0.0	0.0	0.0
1.0	30.0	20.0	0.0	0.0	0.0	0.0
1.0	31.0	13.0	0.0	0.0	0.0	0.0
1.0	32.0	10.0	0.0	0.0	0.0	0.0
1.0	33.0	5.0	0.0	0.0	0.0	0.0
1.0	34.0	3.0	0.0	0.0	0.0	0.0
1.0	35.0	3.0	0.0	0.0	0.0	0.0
1.0	36.0	3.0	0.0	0.0	0.0	0.0
1.0	37.0	2.0	0.0	0.0	0.0	0.0
1.0	38.0	1.0	NaN	NaN	NaN	NaN
1.0	39.0	1.0	NaN	NaN	NaN	NaN
1.0	40.0	1.0	NaN	NaN	NaN	NaN
2.0	1.0	246.0	0.4878048780487805	0.21138211382113822	0.028455284552845527	0.0040650406504065045
2.0	2.0	246.0	0.5121951219512195	0.21951219512195122	0.032520325203252036	0.0
2.0	3.0	246.0	0.4878048780487805	0.22357723577235772	0.044715447154471545	0.0
2.0	4.0	246.0	0.44308943089430897	0.18292682926829268	0.008130081300813009	0.0
2.0	5.0	246.0	0.45934959349593496	0.15853658536585366	0.02032520325203252	0.0
2.0	6.0	246.0	0.45934959349593496	0.14634146341463414	0.02032520325203252	0.0
2.0	7.0	246.0	0.3943089430894309	0.14634146341463414	0.028455284552845527	0.008130081300813009
2.0	8.0	246.0	0.43089430894308944	0.17073170731707318	0.036585365853658534	0.0040650406504065045
2.0	9.0	246.0	0.4105691056910569	0.13008130081300814	0.016260162601626018	0.0
2.0	10.0	246.0	0.3943089430894309	0.13008130081300814	0.012195121951219513	0.0040650406504065045
2.0	11.0	246.0	0.3821138211382114	0.16666666666666666	0.024390243902439025	0.0
2.0	12.0	246.0	0.3821138211382114	0.14227642276422764	0.02032520325203252	0.0
2.0	13.0	246.0	0.35772357723577236	0.12195121951219512	0.012195121951219513	0.0040650406504065045
2.0	14.0	246.0	0.33739837398373984	0.13414634146341464	0.008130081300813009	0.0
2.0	15.0	246.0	0.34146341463414637	0.11788617886178862	0.016260162601626018	0.0040650406504065045
2.0	16.0	246.0	0.3821138211382114	0.14634146341463414	0.02032520325203252	0.0
2.0	17.0	244.0	0.3442622950819672	0.0942622950819672	0.020491803278688523	0.0
2.0	18.0	241.0	0.3651452282157676	0.11203319502074689	0.008298755186721992	0.0
2.0	19.0	225.0	0.31555555555555553	0.10222222222222223	0.013333333333333334	0.0
2.0	20.0	198.0	0.2222222222222222	0.07575757575757576	0.0	0.0
2.0	21.0	170.0	0.17647058823529413	0.03529411764705882	0.0	0.0
2.0	22.0	138.0	0.14492753623188406	0.028985507246376812	0.0	0.0
2.0	23.0	112.0	0.15178571428571427	0.026785714285714284	0.017857142857142856	0.017857142857142856
2.0	24.0	90.0	0.08888888888888889	0.011111111111111112	0.0	0.0
2.0	25.0	69.0	0.08695652173913043	0.014492753623188406	0.0	0.0
2.0	26.0	55.0	0.10909090909090909	0.0	0.0	0.0
2.0	27.0	41.0	0.04878048780487805	0.0	0.0	0.0
2.0	28.0	29.0	0.0	0.0	0.0	0.0
2.0	29.0	16.0	0.0	0.0	0.0	0.0
2.0	30.0	11.0	0.0	0.0	0.0	0.0
2.0	31.0	8.0	0.125	0.0	0.0	0.0
2.0	32.0	6.0	0.0	0.0	0.0	0.0
2.0	33.0	2.0	0.0	0.0	0.0	0.0
2.0	34.0	1.0	NaN	NaN	NaN	NaN
2.0	35.0	1.0	NaN	NaN	NaN	NaN
2.0	36.0	1.0	NaN	NaN	NaN	NaN
2.0	37.0	1.0	NaN	NaN	NaN	NaN
2.0	38.0	1.0	NaN	NaN	NaN	NaN
3.0	1.0	246.0	0.4959349593495935	0.18699186991869918	0.02032520325203252	0.0040650406504065045
3.0	2.0	246.0	0.524390243902439	0.22357723577235772	0.028455284552845527	0.0
3.0	3.0	246.0	0.45934959349593496	0.1910569105691057	0.036585365853658534	0.0
3.0	4.0	246.0	0.4796747967479675	0.2073170731707317	0.012195121951219513	0.0
3.0	5.0	246.0	0.46747967479674796	0.1910569105691057	0.016260162601626018	0.008130081300813009
3.0	6.0	246.0	0.43902439024390244	0.15040650406504066	0.024390243902439025	0.008130081300813009
3.0	7.0	246.0	0.45121951219512196	0.14227642276422764	0.012195121951219513	0.0
3.0	8.0	246.0	0.3699186991869919	0.14634146341463414	0.02032520325203252	0.0
3.0	9.0	246.0	0.4186991869918699	0.16666666666666666	0.024390243902439025	0.008130081300813009
3.0	10.0	246.0	0.37398373983739835	0.10569105691056911	0.016260162601626018	0.0
3.0	11.0	246.0	0.43902439024390244	0.16666666666666666	0.04065040650406504	0.0
3.0	12.0	246.0	0.35365853658536583	0.14227642276422764	0.016260162601626018	0.0
3.0	13.0	246.0	0.3983739837398374	0.14227642276422764	0.012195121951219513	0.0
3.0	14.0	246.0	0.3861788617886179	0.10975609756097561	0.016260162601626018	0.0
3.0	15.0	246.0	0.3699186991869919	0.10975609756097561	0.0	0.0
3.0	16.0	245.0	0.33877551020408164	0.08979591836734693	0.012244897959183673	0.004081632653061225
3.0	17.0	245.0	0.3306122448979592	0.12653061224489795	0.0163265306122449	0.004081632653061225
3.0	18.0	238.0	0.3907563025210084	0.1092436974789916	0.008403361344537815	0.004201680672268907
3.0	19.0	224.0	0.3392857142857143	0.09375	0.0	0.0
3.0	20.0	201.0	0.2935323383084577	0.08955223880597014	0.009950248756218905	0.0
3.0	21.0	177.0	0.192090395480226	0.05649717514124294	0.005649717514124294	0.0
3.0	22.0	140.0	0.16428571428571428	0.05714285714285714	0.0	0.0
3.0	23.0	106.0	0.16037735849056603	0.02830188679245283	0.0	0.0
3.0	24.0	78.0	0.11538461538461539	0.01282051282051282	0.0	0.0
3.0	25.0	59.0	0.1016949152542373	0.01694915254237288	0.0	0.0
3.0	26.0	42.0	0.023809523809523808	0.0	0.0	0.0
3.0	27.0	27.0	0.037037037037037035	0.0	0.0	0.0
3.0	28.0	19.0	0.10526315789473684	0.05263157894736842	0.0	0.0
3.0	29.0	13.0	0.0	0.0	0.0	0.0
3.0	30.0	10.0	0.0	0.0	0.0	0.0
3.0	31.0	6.0	0.0	0.0	0.0	0.0
3.0	32.0	4.0	0.0	0.0	0.0	0.0
3.0	33.0	3.0	0.0	0.0	0.0	0.0
3.0	34.0	2.0	0.0	0.0	0.0	0.0
3.0	35.0	2.0	0.0	0.0	0.0	0.0
3.0	36.0	2.0	0.0	0.0	0.0	0.0
3.0	37.0	2.0	0.0	0.0	0.0	0.0
3.0	38.0	2.0	0.0	0.0	0.0	0.0
3.0	39.0	2.0	0.0	0.0	0.0	0.0
3.0	40.0	2.0	0.0	0.0	0.0	0.0
3.0	41.0	2.0	0.0	0.0	0.0	0.0
3.0	42.0	2.0	0.0	0.0	0.0	0.0
3.0	43.0	2.0	0.0	0.0	0.0	0.0
4.0	1.0	246.0	0.5203252032520326	0.21138211382113822	0.024390243902439025	0.0040650406504065045
4.0	2.0	246.0	0.4715447154471545	0.2032520325203252	0.028455284552845527	0.0
4.0	3.0	246.0	0.5284552845528455	0.18699186991869918	0.008130081300813009	0.0
4.0	4.0	246.0	0.4349593495934959	0.11788617886178862	0.02032520325203252	0.008130081300813009
4.0	5.0	246.0	0.45528455284552843	0.13414634146341464	0.02032520325203252	0.0040650406504065045
4.0	6.0	246.0	0.4024390243902439	0.12601626016260162	0.016260162601626018	0.0
4.0	7.0	246.0	0.4186991869918699	0.14227642276422764	0.016260162601626018	0.0
4.0	8.0	246.0	0.4105691056910569	0.17479674796747968	0.036585365853658534	0.0
4.0	9.0	246.0	0.44308943089430897	0.15853658536585366	0.02032520325203252	0.0
4.0	10.0	246.0	0.3780487804878049	0.14227642276422764	0.008130081300813009	0.0
4.0	11.0	246.0	0.37398373983739835	0.12195121951219512	0.024390243902439025	0.0
4.0	12.0	246.0	0.3861788617886179	0.14634146341463414	0.036585365853658534	0.0040650406504065045
4.0	13.0	246.0	0.3699186991869919	0.12601626016260162	0.024390243902439025	0.0
4.0	14.0	246.0	0.33739837398373984	0.11788617886178862	0.0040650406504065045	0.0
4.0	15.0	246.0	0.3617886178861789	0.13008130081300814	0.02032520325203252	0.0040650406504065045
4.0	16.0	245.0	0.2979591836734694	0.11428571428571428	0.012244897959183673	0.0
4.0	17.0	243.0	0.3168724279835391	0.1111111111111111	0.024691358024691357	0.0
4.0	18.0	237.0	0.3459915611814346	0.0759493670886076	0.016877637130801686	0.0
4.0	19.0	221.0	0.2669683257918552	0.08597285067873303	0.004524886877828055	0.0
4.0	20.0	206.0	0.27184466019417475	0.07766990291262135	0.0048543689320388345	0.0
4.0	21.0	176.0	0.21022727272727273	0.07386363636363637	0.017045454545454544	0.0
4.0	22.0	150.0	0.16	0.06666666666666667	0.006666666666666667	0.0
4.0	23.0	114.0	0.10526315789473684	0.02631578947368421	0.0	0.0
4.0	24.0	92.0	0.09782608695652174	0.021739130434782608	0.0	0.0
4.0	25.0	69.0	0.08695652173913043	0.028985507246376812	0.0	0.0
4.0	26.0	47.0	0.06382978723404255	0.0425531914893617	0.02127659574468085	0.0
4.0	27.0	35.0	0.05714285714285714	0.0	0.0	0.0
4.0	28.0	28.0	0.0	0.0	0.0	0.0
4.0	29.0	20.0	0.0	0.0	0.0	0.0
4.0	30.0	15.0	0.0	0.0	0.0	0.0
4.0	31.0	11.0	0.0	0.0	0.0	0.0
4.0	32.0	10.0	0.0	0.0	0.0	0.0
4.0	33.0	5.0	0.0	0.0	0.0	0.0
4.0	34.0	4.0	0.0	0.0	0.0	0.0
4.0	35.0	2.0	0.0	0.0	0.0	0.0
4.0	36.0	2.0	0.0	0.0	0.0	0.0
4.0	37.0	2.0	0.0	0.0	0.0	0.0
4.0	38.0	2.0	0.0	0.0	0.0	0.0
5.0	1.0	246.0	0.508130081300813	0.21138211382113822	0.016260162601626018	0.0
5.0	2.0	246.0	0.4796747967479675	0.18292682926829268	0.02032520325203252	0.0040650406504065045
5.0	3.0	246.0	0.483739837398374	0.18699186991869918	0.016260162601626018	0.0040650406504065045
5.0	4.0	246.0	0.5121951219512195	0.16260162601626016	0.02032520325203252	0.0
5.0	5.0	246.0	0.47560975609756095	0.17479674796747968	0.024390243902439025	0.0
5.0	6.0	246.0	0.491869918699187	0.14634146341463414	0.04878048780487805	0.012195121951219513
5.0	7.0	246.0	0.43089430894308944	0.1991869918699187	0.024390243902439025	0.0040650406504065045
5.0	8.0	246.0	0.3943089430894309	0.15447154471544716	0.02032520325203252	0.0
5.0	9.0	246.0	0.43902439024390244	0.16666666666666666	0.016260162601626018	0.008130081300813009
5.0	10.0	246.0	0.44308943089430897	0.1910569105691057	0.024390243902439025	0.0040650406504065045
5.0	11.0	246.0	0.43902439024390244	0.15853658536585366	0.024390243902439025	0.0040650406504065045
5.0	12.0	246.0	0.45528455284552843	0.18292682926829268	0.036585365853658534	0.0040650406504065045
5.0	13.0	246.0	0.4105691056910569	0.14634146341463414	0.016260162601626018	0.0040650406504065045
5.0	14.0	246.0	0.3943089430894309	0.14634146341463414	0.016260162601626018	0.0
5.0	15.0	246.0	0.3699186991869919	0.12195121951219512	0.02032520325203252	0.0
5.0	16.0	246.0	0.36585365853658536	0.15853658536585366	0.028455284552845527	0.0
5.0	17.0	245.0	0.4122448979591837	0.12244897959183673	0.02040816326530612	0.012244897959183673
5.0	18.0	232.0	0.3275862068965517	0.11206896551724138	0.017241379310344827	0.0
5.0	19.0	209.0	0.32057416267942584	0.11961722488038277	0.014354066985645933	0.0
5.0	20.0	189.0	0.24338624338624337	0.06349206349206349	0.015873015873015872	0.0
5.0	21.0	163.0	0.2085889570552147	0.09815950920245399	0.006134969325153374	0.0
5.0	22.0	136.0	0.16911764705882354	0.07352941176470588	0.022058823529411766	0.0
5.0	23.0	103.0	0.10679611650485436	0.019417475728155338	0.0	0.0
5.0	24.0	76.0	0.14473684210526316	0.07894736842105263	0.02631578947368421	0.0
5.0	25.0	53.0	0.07547169811320754	0.0	0.0	0.0
5.0	26.0	39.0	0.07692307692307693	0.02564102564102564	0.0	0.0
5.0	27.0	29.0	0.0	0.0	0.0	0.0
5.0	28.0	24.0	0.08333333333333333	0.0	0.0	0.0
5.0	29.0	19.0	0.0	0.0	0.0	0.0
5.0	30.0	14.0	0.0	0.0	0.0	0.0
5.0	31.0	12.0	0.0	0.0	0.0	0.0
5.0	32.0	10.0	0.0	0.0	0.0	0.0
5.0	33.0	8.0	0.0	0.0	0.0	0.0
5.0	34.0	6.0	0.0	0.0	0.0	0.0
5.0	35.0	5.0	0.0	0.0	0.0	0.0
5.0	36.0	4.0	0.0	0.0	0.0	0.0
5.0	37.0	3.0	0.0	0.0	0.0	0.0
5.0	38.0	3.0	0.0	0.0	0.0	0.0
5.0	39.0	2.0	0.0	0.0	0.0	0.0
5.0	40.0	1.0	NaN	NaN	NaN	NaN
5.0	41.0	1.0	NaN	NaN	NaN	NaN
5.0	42.0	1.0	NaN	NaN	NaN	NaN
5.0	43.0	1.0	NaN	NaN	NaN	NaN
5.0	44.0	1.0	NaN	NaN	NaN	NaN
5.0	45.0	1.0	NaN	NaN	NaN	NaN
5.0	46.0	1.0	NaN	NaN	NaN	NaN
5.0	47.0	1.0	NaN	NaN	NaN	NaN
6.0	1.0	246.0	0.4959349593495935	0.22764227642276422	0.008130081300813009	0.0
6.0	2.0	246.0	0.44715447154471544	0.1951219512195122	0.02032520325203252	0.0
6.0	3.0	246.0	0.43902439024390244	0.17073170731707318	0.016260162601626018	0.0040650406504065045
6.0	4.0	246.0	0.43902439024390244	0.16666666666666666	0.028455284552845527	0.0
6.0	5.0	246.0	0.46747967479674796	0.17479674796747968	0.04065040650406504	0.0040650406504065045
6.0	6.0	246.0	0.3983739837398374	0.13821138211382114	0.012195121951219513	0.0
6.0	7.0	246.0	0.3699186991869919	0.12195121951219512	0.036585365853658534	0.0040650406504065045
6.0	8.0	246.0	0.4268292682926829	0.14227642276422764	0.02032520325203252	0.0
6.0	9.0	246.0	0.42276422764227645	0.16666666666666666	0.016260162601626018	0.0
6.0	10.0	246.0	0.33739837398373984	0.10569105691056911	0.012195121951219513	0.0040650406504065045
6.0	11.0	246.0	0.4065040650406504	0.16260162601626016	0.012195121951219513	0.0
6.0	12.0	246.0	0.4146341463414634	0.14634146341463414	0.028455284552845527	0.0040650406504065045
6.0	13.0	246.0	0.36585365853658536	0.15853658536585366	0.024390243902439025	0.0
6.0	14.0	246.0	0.3983739837398374	0.15040650406504066	0.008130081300813009	0.0
6.0	15.0	246.0	0.36585365853658536	0.13821138211382114	0.012195121951219513	0.0
6.0	16.0	246.0	0.34959349593495936	0.13008130081300814	0.012195121951219513	0.0
6.0	17.0	244.0	0.319672131147541	0.16393442622950818	0.02459016393442623	0.004098360655737705
6.0	18.0	238.0	0.29831932773109243	0.09243697478991597	0.02100840336134454	0.0
6.0	19.0	223.0	0.32286995515695066	0.11659192825112108	0.017937219730941704	0.004484304932735426
6.0	20.0	194.0	0.23195876288659795	0.07216494845360824	0.010309278350515464	0.0
6.0	21.0	171.0	0.15204678362573099	0.05847953216374269	0.0	0.0
6.0	22.0	142.0	0.15492957746478872	0.035211267605633804	0.0	0.0
6.0	23.0	115.0	0.08695652173913043	0.05217391304347826	0.008695652173913044	0.0
6.0	24.0	92.0	0.14130434782608695	0.06521739130434782	0.0	0.0
6.0	25.0	71.0	0.04225352112676056	0.014084507042253521	0.0	0.0
6.0	26.0	52.0	0.038461538461538464	0.0	0.0	0.0
6.0	27.0	40.0	0.025	0.025	0.025	0.0
6.0	28.0	31.0	0.03225806451612903	0.03225806451612903	0.0	0.0
6.0	29.0	24.0	0.0	0.0	0.0	0.0
6.0	30.0	15.0	0.0	0.0	0.0	0.0
6.0	31.0	12.0	0.0	0.0	0.0	0.0
6.0	32.0	6.0	0.0	0.0	0.0	0.0
6.0	33.0	4.0	0.0	0.0	0.0	0.0
6.0	34.0	4.0	0.0	0.0	0.0	0.0
6.0	35.0	3.0	0.0	0.0	0.0	0.0
6.0	36.0	3.0	0.0	0.0	0.0	0.0
6.0	37.0	1.0	NaN	NaN	NaN	NaN
6.0	38.0	1.0	NaN	NaN	NaN	NaN
6.0	39.0	1.0	NaN	NaN	NaN	NaN
6.0	40.0	1.0	NaN	NaN	NaN	NaN
7.0	1.0	246.0	0.483739837398374	0.2073170731707317	0.016260162601626018	0.0
7.0	2.0	246.0	0.540650406504065	0.1951219512195122	0.04878048780487805	0.0040650406504065045
7.0	3.0	246.0	0.5	0.23577235772357724	0.036585365853658534	0.0040650406504065045
7.0	4.0	246.0	0.4959349593495935	0.2073170731707317	0.036585365853658534	0.0
7.0	5.0	246.0	0.5	0.1991869918699187	0.012195121951219513	0.0
7.0	6.0	246.0	0.4634146341463415	0.1991869918699187	0.028455284552845527	0.0
7.0	7.0	246.0	0.43089430894308944	0.16666666666666666	0.012195121951219513	0.0
7.0	8.0	246.0	0.43902439024390244	0.16666666666666666	0.032520325203252036	0.0
7.0	9.0	246.0	0.5040650406504065	0.16260162601626016	0.032520325203252036	0.0
7.0	10.0	246.0	0.4186991869918699	0.16260162601626016	0.024390243902439025	0.0040650406504065045
7.0	11.0	246.0	0.43089430894308944	0.16260162601626016	0.024390243902439025	0.0
7.0	12.0	246.0	0.44715447154471544	0.18292682926829268	0.02032520325203252	0.0
7.0	13.0	246.0	0.3983739837398374	0.15040650406504066	0.016260162601626018	0.0
7.0	14.0	246.0	0.4024390243902439	0.18699186991869918	0.024390243902439025	0.0
7.0	15.0	246.0	0.34552845528455284	0.10975609756097561	0.016260162601626018	0.0
7.0	16.0	246.0	0.45934959349593496	0.18699186991869918	0.012195121951219513	0.008130081300813009
7.0	17.0	240.0	0.37916666666666665	0.13333333333333333	0.025	0.008333333333333333
7.0	18.0	233.0	0.34763948497854075	0.08583690987124463	0.004291845493562232	0.0
7.0	19.0	218.0	0.3073394495412844	0.09174311926605505	0.013761467889908258	0.0
7.0	20.0	187.0	0.3048128342245989	0.0962566844919786	0.0053475935828877	0.0
7.0	21.0	160.0	0.25625	0.09375	0.0	0.0
7.0	22.0	127.0	0.16535433070866143	0.06299212598425197	0.007874015748031496	0.0
7.0	23.0	101.0	0.1188118811881188	0.04950495049504951	0.019801980198019802	0.009900990099009901
7.0	24.0	68.0	0.10294117647058823	0.029411764705882353	0.014705882352941176	0.0
7.0	25.0	51.0	0.0	0.0	0.0	0.0
7.0	26.0	44.0	0.06818181818181818	0.06818181818181818	0.022727272727272728	0.0
7.0	27.0	34.0	0.0	0.0	0.0	0.0
7.0	28.0	26.0	0.0	0.0	0.0	0.0
7.0	29.0	19.0	0.05263157894736842	0.05263157894736842	0.05263157894736842	0.0
7.0	30.0	16.0	0.0	0.0	0.0	0.0
7.0	31.0	12.0	0.0	0.0	0.0	0.0
7.0	32.0	12.0	0.0	0.0	0.0	0.0
7.0	33.0	10.0	0.1	0.0	0.0	0.0
7.0	34.0	9.0	0.0	0.0	0.0	0.0
7.0	35.0	8.0	0.0	0.0	0.0	0.0
7.0	36.0	5.0	0.0	0.0	0.0	0.0
7.0	37.0	4.0	0.0	0.0	0.0	0.0
7.0	38.0	4.0	0.0	0.0	0.0	0.0
7.0	39.0	4.0	0.0	0.0	0.0	0.0
7.0	40.0	3.0	0.0	0.0	0.0	0.0
7.0	41.0	3.0	0.0	0.0	0.0	0.0
7.0	42.0	3.0	0.0	0.0	0.0	0.0
7.0	43.0	2.0	0.0	0.0	0.0	0.0
7.0	44.0	2.0	0.0	0.0	0.0	0.0
7.0	45.0	2.0	0.0	0.0	0.0	0.0
7.0	46.0	1.0	NaN	NaN	NaN	NaN
7.0	47.0	1.0	NaN	NaN	NaN	NaN
7.0	48.0	1.0	NaN	NaN	NaN	NaN
7.0	49.0	1.0	NaN	NaN	NaN	NaN
7.0	50.0	1.0	NaN	NaN	NaN	NaN
7.0	51.0	1.0	NaN	NaN	NaN	NaN
7.0	52.0	1.0	NaN	NaN	NaN	NaN
7.0	53.0	1.0	NaN	NaN	NaN	NaN
7.0	54.0	1.0	NaN	NaN	NaN	NaN
7.0	55.0	1.0	NaN	NaN	NaN	NaN
7.0	56.0	1.0	NaN	NaN	NaN	NaN
8.0	1.0	246.0	0.491869918699187	0.18292682926829268	0.016260162601626018	0.0
8.0	2.0	246.0	0.508130081300813	0.2032520325203252	0.008130081300813009	0.0
8.0	3.0	246.0	0.483739837398374	0.2032520325203252	0.036585365853658534	0.0040650406504065045
8.0	4.0	246.0	0.47560975609756095	0.18699186991869918	0.024390243902439025	0.008130081300813009
8.0	5.0	246.0	0.483739837398374	0.17886178861788618	0.012195121951219513	0.0040650406504065045
8.0	6.0	246.0	0.4268292682926829	0.1991869918699187	0.028455284552845527	0.008130081300813009
8.0	7.0	246.0	0.4959349593495935	0.17479674796747968	0.012195121951219513	0.0
8.0	8.0	246.0	0.4349593495934959	0.15040650406504066	0.024390243902439025	0.0040650406504065045
8.0	9.0	246.0	0.45528455284552843	0.18292682926829268	0.02032520325203252	0.0040650406504065045
8.0	10.0	246.0	0.43089430894308944	0.16260162601626016	0.032520325203252036	0.0
8.0	11.0	246.0	0.45528455284552843	0.16260162601626016	0.028455284552845527	0.0
8.0	12.0	246.0	0.3983739837398374	0.14227642276422764	0.012195121951219513	0.0
8.0	13.0	246.0	0.3821138211382114	0.13414634146341464	0.016260162601626018	0.008130081300813009
8.0	14.0	246.0	0.42276422764227645	0.2032520325203252	0.032520325203252036	0.0040650406504065045
8.0	15.0	246.0	0.4024390243902439	0.18699186991869918	0.028455284552845527	0.0
8.0	16.0	245.0	0.40816326530612246	0.15918367346938775	0.02857142857142857	0.004081632653061225
8.0	17.0	243.0	0.36213991769547327	0.13580246913580246	0.012345679012345678	0.0
8.0	18.0	228.0	0.35964912280701755	0.09649122807017543	0.021929824561403508	0.0
8.0	19.0	212.0	0.330188679245283	0.08018867924528301	0.014150943396226415	0.0047169811320754715
8.0	20.0	180.0	0.3	0.08333333333333333	0.011111111111111112	0.0
8.0	21.0	163.0	0.24539877300613497	0.09202453987730061	0.006134969325153374	0.0
8.0	22.0	130.0	0.2076923076923077	0.08461538461538462	0.007692307692307693	0.0
8.0	23.0	97.0	0.20618556701030927	0.08247422680412371	0.0	0.0
8.0	24.0	70.0	0.1	0.05714285714285714	0.0	0.0
8.0	25.0	48.0	0.0625	0.041666666666666664	0.020833333333333332	0.0
8.0	26.0	39.0	0.02564102564102564	0.02564102564102564	0.02564102564102564	0.0
8.0	27.0	31.0	0.03225806451612903	0.0	0.0	0.0
8.0	28.0	22.0	0.0	0.0	0.0	0.0
8.0	29.0	19.0	0.0	0.0	0.0	0.0
8.0	30.0	13.0	0.0	0.0	0.0	0.0
8.0	31.0	10.0	0.0	0.0	0.0	0.0
8.0	32.0	9.0	0.0	0.0	0.0	0.0
8.0	33.0	7.0	0.0	0.0	0.0	0.0
8.0	34.0	5.0	0.0	0.0	0.0	0.0
8.0	35.0	4.0	0.0	0.0	0.0	0.0
8.0	36.0	3.0	0.0	0.0	0.0	0.0
8.0	37.0	2.0	0.0	0.0	0.0	0.0
8.0	38.0	1.0	NaN	NaN	NaN	NaN
8.0	39.0	1.0	NaN	NaN	NaN	NaN
8.0	40.0	1.0	NaN	NaN	NaN	NaN
8.0	41.0	1.0	NaN	NaN	NaN	NaN
8.0	42.0	1.0	NaN	NaN	NaN	NaN
9.0	1.0	246.0	0.5284552845528455	0.25609756097560976	0.044715447154471545	0.0
9.0	2.0	246.0	0.5121951219512195	0.23170731707317074	0.04065040650406504	0.0
9.0	3.0	246.0	0.45121951219512196	0.16260162601626016	0.024390243902439025	0.0040650406504065045
9.0	4.0	246.0	0.5040650406504065	0.15447154471544716	0.032520325203252036	0.0040650406504065045
9.0	5.0	246.0	0.45528455284552843	0.17886178861788618	0.02032520325203252	0.0
9.0	6.0	246.0	0.516260162601626	0.22357723577235772	0.016260162601626018	0.0
9.0	7.0	246.0	0.4715447154471545	0.15447154471544716	0.024390243902439025	0.0040650406504065045
9.0	8.0	246.0	0.4024390243902439	0.14227642276422764	0.024390243902439025	0.008130081300813009
9.0	9.0	246.0	0.45121951219512196	0.2032520325203252	0.04065040650406504	0.0
9.0	10.0	246.0	0.4146341463414634	0.15040650406504066	0.012195121951219513	0.0
9.0	11.0	246.0	0.3983739837398374	0.13414634146341464	0.008130081300813009	0.0
9.0	12.0	246.0	0.47560975609756095	0.17073170731707318	0.02032520325203252	0.0040650406504065045
9.0	13.0	246.0	0.45528455284552843	0.16260162601626016	0.0040650406504065045	0.0
9.0	14.0	246.0	0.35365853658536583	0.13821138211382114	0.02032520325203252	0.0
9.0	15.0	246.0	0.4024390243902439	0.13821138211382114	0.02032520325203252	0.0
9.0	16.0	245.0	0.3510204081632653	0.1673469387755102	0.0163265306122449	0.0
9.0	17.0	242.0	0.38016528925619836	0.1115702479338843	0.008264462809917356	0.0
9.0	18.0	236.0	0.3220338983050847	0.1271186440677966	0.0	0.0
9.0	19.0	217.0	0.34101382488479265	0.10138248847926268	0.004608294930875576	0.004608294930875576
9.0	20.0	194.0	0.30412371134020616	0.10309278350515463	0.010309278350515464	0.0
9.0	21.0	159.0	0.15723270440251572	0.050314465408805034	0.006289308176100629	0.0
9.0	22.0	125.0	0.24	0.056	0.008	0.0
9.0	23.0	102.0	0.14705882352941177	0.029411764705882353	0.0	0.0
9.0	24.0	73.0	0.0821917808219178	0.0	0.0	0.0
9.0	25.0	52.0	0.07692307692307693	0.057692307692307696	0.019230769230769232	0.0
9.0	26.0	38.0	0.02631578947368421	0.02631578947368421	0.0	0.0
9.0	27.0	28.0	0.0	0.0	0.0	0.0
9.0	28.0	19.0	0.0	0.0	0.0	0.0
9.0	29.0	15.0	0.06666666666666667	0.0	0.0	0.0
9.0	30.0	12.0	0.08333333333333333	0.0	0.0	0.0
9.0	31.0	10.0	0.0	0.0	0.0	0.0
9.0	32.0	6.0	0.0	0.0	0.0	0.0
9.0	33.0	6.0	0.0	0.0	0.0	0.0
9.0	34.0	6.0	0.0	0.0	0.0	0.0
9.0	35.0	6.0	0.0	0.0	0.0	0.0
9.0	36.0	6.0	0.0	0.0	0.0	0.0
9.0	37.0	5.0	0.0	0.0	0.0	0.0
9.0	38.0	5.0	0.0	0.0	0.0	0.0
9.0	39.0	3.0	0.0	0.0	0.0	0.0
9.0	40.0	2.0	0.0	0.0	0.0	0.0
9.0	41.0	2.0	0.0	0.0	0.0	0.0
9.0	42.0	2.0	0.0	0.0	0.0	0.0
9.0	43.0	1.0	NaN	NaN	NaN	NaN
9.0	44.0	1.0	NaN	NaN	NaN	NaN
9.0	45.0	1.0	NaN	NaN	NaN	NaN
9.0	46.0	1.0	NaN	NaN	NaN	NaN
10.0	1.0	246.0	0.540650406504065	0.24796747967479674	0.028455284552845527	0.0
10.0	2.0	246.0	0.508130081300813	0.1991869918699187	0.02032520325203252	0.0
10.0	3.0	246.0	0.43089430894308944	0.18699186991869918	0.016260162601626018	0.0
10.0	4.0	246.0	0.491869918699187	0.23170731707317074	0.032520325203252036	0.0040650406504065045
10.0	5.0	246.0	0.483739837398374	0.16260162601626016	0.02032520325203252	0.0040650406504065045
10.0	6.0	246.0	0.4715447154471545	0.1991869918699187	0.04878048780487805	0.0
10.0	7.0	246.0	0.44308943089430897	0.16260162601626016	0.02032520325203252	0.0040650406504065045
10.0	8.0	246.0	0.4959349593495935	0.16260162601626016	0.012195121951219513	0.0
10.0	9.0	246.0	0.43089430894308944	0.17073170731707318	0.024390243902439025	0.0040650406504065045
10.0	10.0	246.0	0.47560975609756095	0.14634146341463414	0.012195121951219513	0.0
10.0	11.0	246.0	0.4349593495934959	0.14634146341463414	0.012195121951219513	0.0040650406504065045
10.0	12.0	246.0	0.4065040650406504	0.17886178861788618	0.036585365853658534	0.0
10.0	13.0	246.0	0.44308943089430897	0.16260162601626016	0.04065040650406504	0.0040650406504065045
10.0	14.0	246.0	0.4146341463414634	0.16260162601626016	0.024390243902439025	0.0040650406504065045
10.0	15.0	245.0	0.4204081632653061	0.1673469387755102	0.0163265306122449	0.004081632653061225
10.0	16.0	244.0	0.4139344262295082	0.16393442622950818	0.020491803278688523	0.004098360655737705
10.0	17.0	240.0	0.4166666666666667	0.1375	0.020833333333333332	0.004166666666666667
10.0	18.0	232.0	0.3706896551724138	0.1336206896551724	0.008620689655172414	0.0
10.0	19.0	214.0	0.3364485981308411	0.09345794392523364	0.009345794392523364	0.0
10.0	20.0	184.0	0.2608695652173913	0.059782608695652176	0.005434782608695652	0.005434782608695652
10.0	21.0	159.0	0.2389937106918239	0.06289308176100629	0.006289308176100629	0.006289308176100629
10.0	22.0	124.0	0.18548387096774194	0.07258064516129033	0.008064516129032258	0.0
10.0	23.0	98.0	0.15306122448979592	0.04081632653061224	0.01020408163265306	0.0
10.0	24.0	71.0	0.11267605633802817	0.04225352112676056	0.014084507042253521	0.0
10.0	25.0	51.0	0.09803921568627451	0.0196078431372549	0.0	0.0
10.0	26.0	35.0	0.14285714285714285	0.0	0.0	0.0
10.0	27.0	27.0	0.037037037037037035	0.0	0.0	0.0
10.0	28.0	20.0	0.05	0.0	0.0	0.0
10.0	29.0	14.0	0.0	0.0	0.0	0.0
10.0	30.0	11.0	0.0	0.0	0.0	0.0
10.0	31.0	8.0	0.0	0.0	0.0	0.0
10.0	32.0	5.0	0.0	0.0	0.0	0.0
10.0	33.0	5.0	0.0	0.0	0.0	0.0
10.0	34.0	5.0	0.0	0.0	0.0	0.0
10.0	35.0	3.0	0.0	0.0	0.0	0.0
10.0	36.0	3.0	0.0	0.0	0.0	0.0
10.0	37.0	3.0	0.0	0.0	0.0	0.0
10.0	38.0	1.0	NaN	NaN	NaN	NaN
10.0	39.0	1.0	NaN	NaN	NaN	NaN
10.0	40.0	1.0	NaN	NaN	NaN	NaN
10.0	41.0	1.0	NaN	NaN	NaN	NaN
10.0	42.0	1.0	NaN	NaN	NaN	NaN
10.0	43.0	1.0	NaN	NaN	NaN	NaN
11.0	1.0	246.0	0.5934959349593496	0.27235772357723576	0.04065040650406504	0.0
11.0	2.0	246.0	0.5447154471544715	0.24390243902439024	0.044715447154471545	0.0
11.0	3.0	246.0	0.540650406504065	0.23170731707317074	0.02032520325203252	0.0
11.0	4.0	246.0	0.5650406504065041	0.21138211382113822	0.028455284552845527	0.0
11.0	5.0	246.0	0.5650406504065041	0.22357723577235772	0.02032520325203252	0.0
11.0	6.0	246.0	0.5284552845528455	0.2886178861788618	0.04878048780487805	0.0
11.0	7.0	246.0	0.5	0.17479674796747968	0.02032520325203252	0.0
11.0	8.0	246.0	0.5487804878048781	0.21544715447154472	0.036585365853658534	0.0040650406504065045
11.0	9.0	246.0	0.5040650406504065	0.21138211382113822	0.04878048780487805	0.0040650406504065045
11.0	10.0	246.0	0.47560975609756095	0.21951219512195122	0.032520325203252036	0.0040650406504065045
11.0	11.0	246.0	0.4959349593495935	0.2032520325203252	0.024390243902439025	0.0
11.0	12.0	246.0	0.44715447154471544	0.1991869918699187	0.02032520325203252	0.0
11.0	13.0	246.0	0.4796747967479675	0.18292682926829268	0.024390243902439025	0.0
11.0	14.0	246.0	0.44715447154471544	0.2073170731707317	0.04878048780487805	0.008130081300813009
11.0	15.0	246.0	0.42276422764227645	0.15447154471544716	0.032520325203252036	0.0040650406504065045
11.0	16.0	246.0	0.4959349593495935	0.1951219512195122	0.04065040650406504	0.0
11.0	17.0	236.0	0.3898305084745763	0.1228813559322034	0.012711864406779662	0.0
11.0	18.0	217.0	0.37327188940092165	0.11981566820276497	0.018433179723502304	0.0
11.0	19.0	194.0	0.26804123711340205	0.0979381443298969	0.030927835051546393	0.0
11.0	20.0	159.0	0.2138364779874214	0.06918238993710692	0.006289308176100629	0.0
11.0	21.0	136.0	0.16176470588235295	0.029411764705882353	0.0	0.0
11.0	22.0	113.0	0.21238938053097345	0.061946902654867256	0.02654867256637168	0.0
11.0	23.0	93.0	0.11827956989247312	0.043010752688172046	0.0	0.0
11.0	24.0	74.0	0.08108108108108109	0.013513513513513514	0.0	0.0
11.0	25.0	53.0	0.09433962264150944	0.03773584905660377	0.03773584905660377	0.0
11.0	26.0	41.0	0.04878048780487805	0.024390243902439025	0.0	0.0
11.0	27.0	32.0	0.0	0.0	0.0	0.0
11.0	28.0	20.0	0.0	0.0	0.0	0.0
11.0	29.0	16.0	0.0625	0.0	0.0	0.0
11.0	30.0	10.0	0.0	0.0	0.0	0.0
11.0	31.0	8.0	0.0	0.0	0.0	0.0
11.0	32.0	5.0	0.0	0.0	0.0	0.0
11.0	33.0	4.0	0.0	0.0	0.0	0.0
11.0	34.0	4.0	0.0	0.0	0.0	0.0
11.0	35.0	2.0	0.0	0.0	0.0	0.0
11.0	36.0	1.0	NaN	NaN	NaN	NaN
12.0	1.0	246.0	0.516260162601626	0.21951219512195122	0.02032520325203252	0.0
12.0	2.0	246.0	0.5121951219512195	0.23983739837398374	0.012195121951219513	0.0
12.0	3.0	246.0	0.5365853658536586	0.23577235772357724	0.016260162601626018	0.0
12.0	4.0	246.0	0.540650406504065	0.21544715447154472	0.02032520325203252	0.0
12.0	5.0	246.0	0.4878048780487805	0.1951219512195122	0.024390243902439025	0.0
12.0	6.0	246.0	0.483739837398374	0.18292682926829268	0.036585365853658534	0.0040650406504065045
12.0	7.0	246.0	0.5203252032520326	0.23983739837398374	0.036585365853658534	0.0
12.0	8.0	246.0	0.5121951219512195	0.17073170731707318	0.024390243902439025	0.0
12.0	9.0	246.0	0.44308943089430897	0.17479674796747968	0.032520325203252036	0.0
12.0	10.0	246.0	0.491869918699187	0.18699186991869918	0.028455284552845527	0.0040650406504065045
12.0	11.0	246.0	0.47560975609756095	0.1910569105691057	0.024390243902439025	0.0
12.0	12.0	246.0	0.4105691056910569	0.15447154471544716	0.036585365853658534	0.008130081300813009
12.0	13.0	246.0	0.43089430894308944	0.15853658536585366	0.012195121951219513	0.0
12.0	14.0	246.0	0.45528455284552843	0.14227642276422764	0.008130081300813009	0.0
12.0	15.0	246.0	0.4349593495934959	0.11788617886178862	0.0040650406504065045	0.0
12.0	16.0	242.0	0.4132231404958678	0.16942148760330578	0.024793388429752067	0.0
12.0	17.0	240.0	0.42083333333333334	0.1375	0.020833333333333332	0.0
12.0	18.0	225.0	0.35555555555555557	0.12444444444444444	0.017777777777777778	0.0
12.0	19.0	205.0	0.2975609756097561	0.11219512195121951	0.004878048780487805	0.0
12.0	20.0	176.0	0.29545454545454547	0.09659090909090909	0.005681818181818182	0.0
12.0	21.0	149.0	0.21476510067114093	0.0738255033557047	0.006711409395973154	0.0
12.0	22.0	118.0	0.16101694915254236	0.0423728813559322	0.00847457627118644	0.0
12.0	23.0	88.0	0.10227272727272728	0.056818181818181816	0.0	0.0
12.0	24.0	69.0	0.10144927536231885	0.028985507246376812	0.0	0.0
12.0	25.0	54.0	0.07407407407407407	0.018518518518518517	0.0	0.0
12.0	26.0	36.0	0.1111111111111111	0.05555555555555555	0.0	0.0
12.0	27.0	24.0	0.041666666666666664	0.041666666666666664	0.0	0.0
12.0	28.0	19.0	0.10526315789473684	0.0	0.0	0.0
12.0	29.0	15.0	0.06666666666666667	0.0	0.0	0.0
12.0	30.0	6.0	0.0	0.0	0.0	0.0
12.0	31.0	4.0	0.0	0.0	0.0	0.0
12.0	32.0	3.0	0.0	0.0	0.0	0.0
12.0	33.0	2.0	0.0	0.0	0.0	0.0
12.0	34.0	2.0	0.0	0.0	0.0	0.0
12.0	35.0	1.0	NaN	NaN	NaN	NaN
12.0	36.0	1.0	NaN	NaN	NaN	NaN
12.0	37.0	1.0	NaN	NaN	NaN	NaN
12.0	38.0	1.0	NaN	NaN	NaN	NaN
12.0	39.0	1.0	NaN	NaN	NaN	NaN
13.0	1.0	246.0	0.5365853658536586	0.22357723577235772	0.016260162601626018	0.0
13.0	2.0	246.0	0.5	0.2032520325203252	0.016260162601626018	0.0
13.0	3.0	246.0	0.5365853658536586	0.22357723577235772	0.044715447154471545	0.0040650406504065045
13.0	4.0	246.0	0.5284552845528455	0.18292682926829268	0.036585365853658534	0.008130081300813009
13.0	5.0	246.0	0.556910569105691	0.2073170731707317	0.04878048780487805	0.0
13.0	6.0	246.0	0.4959349593495935	0.21951219512195122	0.028455284552845527	0.0
13.0	7.0	246.0	0.4634146341463415	0.1951219512195122	0.016260162601626018	0.0
13.0	8.0	246.0	0.5040650406504065	0.25203252032520324	0.036585365853658534	0.0040650406504065045
13.0	9.0	246.0	0.483739837398374	0.1910569105691057	0.024390243902439025	0.0
13.0	10.0	246.0	0.45934959349593496	0.12601626016260162	0.0040650406504065045	0.0040650406504065045
13.0	11.0	246.0	0.46747967479674796	0.16666666666666666	0.012195121951219513	0.0
13.0	12.0	246.0	0.491869918699187	0.16666666666666666	0.016260162601626018	0.0
13.0	13.0	246.0	0.3983739837398374	0.13008130081300814	0.012195121951219513	0.0
13.0	14.0	246.0	0.45528455284552843	0.1910569105691057	0.0040650406504065045	0.0
13.0	15.0	246.0	0.4715447154471545	0.17886178861788618	0.016260162601626018	0.0040650406504065045
13.0	16.0	243.0	0.43621399176954734	0.18106995884773663	0.02880658436213992	0.00411522633744856
13.0	17.0	241.0	0.44813278008298757	0.15352697095435686	0.008298755186721992	0.004149377593360996
13.0	18.0	229.0	0.35807860262008734	0.09170305676855896	0.008733624454148471	0.0
13.0	19.0	207.0	0.3333333333333333	0.10628019323671498	0.01932367149758454	0.0
13.0	20.0	173.0	0.2658959537572254	0.06358381502890173	0.011560693641618497	0.0
13.0	21.0	141.0	0.23404255319148937	0.04964539007092199	0.0070921985815602835	0.0
13.0	22.0	118.0	0.211864406779661	0.059322033898305086	0.0	0.0
13.0	23.0	87.0	0.11494252873563218	0.022988505747126436	0.0	0.0
13.0	24.0	61.0	0.19672131147540983	0.06557377049180328	0.0	0.0
13.0	25.0	41.0	0.14634146341463414	0.0	0.0	0.0
13.0	26.0	27.0	0.037037037037037035	0.0	0.0	0.0
13.0	27.0	20.0	0.0	0.0	0.0	0.0
13.0	28.0	12.0	0.0	0.0	0.0	0.0
13.0	29.0	7.0	0.0	0.0	0.0	0.0
13.0	30.0	6.0	0.0	0.0	0.0	0.0
13.0	31.0	5.0	0.0	0.0	0.0	0.0
13.0	32.0	5.0	0.0	0.0	0.0	0.0
13.0	33.0	4.0	0.0	0.0	0.0	0.0
13.0	34.0	4.0	0.0	0.0	0.0	0.0
13.0	35.0	4.0	0.0	0.0	0.0	0.0
13.0	36.0	4.0	0.0	0.0	0.0	0.0
13.0	37.0	4.0	0.0	0.0	0.0	0.0
13.0	38.0	3.0	0.0	0.0	0.0	0.0
13.0	39.0	2.0	0.0	0.0	0.0	0.0
13.0	40.0	2.0	0.0	0.0	0.0	0.0
13.0	41.0	2.0	0.0	0.0	0.0	0.0
13.0	42.0	1.0	NaN	NaN	NaN	NaN
14.0	1.0	246.0	0.6016260162601627	0.2804878048780488	0.04065040650406504	0.0040650406504065045
14.0	2.0	246.0	0.5813008130081301	0.2886178861788618	0.032520325203252036	0.0
14.0	3.0	246.0	0.573170731707317	0.2764227642276423	0.024390243902439025	0.0
14.0	4.0	246.0	0.5813008130081301	0.21951219512195122	0.032520325203252036	0.0
14.0	5.0	246.0	0.5447154471544715	0.21544715447154472	0.04878048780487805	0.0
14.0	6.0	246.0	0.5609756097560976	0.1951219512195122	0.028455284552845527	0.02032520325203252
14.0	7.0	246.0	0.5	0.23170731707317074	0.032520325203252036	0.0
14.0	8.0	246.0	0.5040650406504065	0.21138211382113822	0.036585365853658534	0.0040650406504065045
14.0	9.0	246.0	0.46747967479674796	0.16260162601626016	0.028455284552845527	0.0
14.0	10.0	246.0	0.5121951219512195	0.18699186991869918	0.024390243902439025	0.0
14.0	11.0	246.0	0.5	0.17073170731707318	0.02032520325203252	0.0040650406504065045
14.0	12.0	246.0	0.43089430894308944	0.18292682926829268	0.008130081300813009	0.0
14.0	13.0	246.0	0.5121951219512195	0.2032520325203252	0.016260162601626018	0.0
14.0	14.0	246.0	0.44308943089430897	0.15853658536585366	0.024390243902439025	0.0
14.0	15.0	245.0	0.46938775510204084	0.19183673469387755	0.02857142857142857	0.0
14.0	16.0	243.0	0.48559670781893005	0.19753086419753085	0.012345679012345678	0.00411522633744856
14.0	17.0	236.0	0.4830508474576271	0.1694915254237288	0.025423728813559324	0.0
14.0	18.0	223.0	0.38565022421524664	0.16591928251121077	0.02242152466367713	0.008968609865470852
14.0	19.0	198.0	0.3787878787878788	0.11616161616161616	0.0	0.0
14.0	20.0	164.0	0.21341463414634146	0.08536585365853659	0.006097560975609756	0.0
14.0	21.0	136.0	0.3161764705882353	0.058823529411764705	0.022058823529411766	0.0
14.0	22.0	103.0	0.13592233009708737	0.04854368932038835	0.0	0.0
14.0	23.0	81.0	0.1111111111111111	0.037037037037037035	0.0	0.0
14.0	24.0	58.0	0.08620689655172414	0.017241379310344827	0.0	0.0
14.0	25.0	37.0	0.10810810810810811	0.05405405405405406	0.02702702702702703	0.0
14.0	26.0	24.0	0.0	0.0	0.0	0.0
14.0	27.0	14.0	0.0	0.0	0.0	0.0
14.0	28.0	12.0	0.0	0.0	0.0	0.0
14.0	29.0	9.0	0.1111111111111111	0.1111111111111111	0.1111111111111111	0.1111111111111111
14.0	30.0	7.0	0.0	0.0	0.0	0.0
14.0	31.0	3.0	0.0	0.0	0.0	0.0
14.0	32.0	2.0	0.0	0.0	0.0	0.0
14.0	33.0	2.0	0.0	0.0	0.0	0.0
14.0	34.0	1.0	NaN	NaN	NaN	NaN
14.0	35.0	1.0	NaN	NaN	NaN	NaN
15.0	1.0	246.0	0.573170731707317	0.22764227642276422	0.036585365853658534	0.012195121951219513
15.0	2.0	246.0	0.556910569105691	0.23170731707317074	0.044715447154471545	0.0
15.0	3.0	246.0	0.5284552845528455	0.23577235772357724	0.04065040650406504	0.0040650406504065045
15.0	4.0	246.0	0.5772357723577236	0.24796747967479674	0.02032520325203252	0.0040650406504065045
15.0	5.0	246.0	0.532520325203252	0.16666666666666666	0.028455284552845527	0.0040650406504065045
15.0	6.0	246.0	0.5691056910569106	0.2032520325203252	0.04065040650406504	0.0040650406504065045
15.0	7.0	246.0	0.47560975609756095	0.17479674796747968	0.016260162601626018	0.008130081300813009
15.0	8.0	246.0	0.5040650406504065	0.1991869918699187	0.04065040650406504	0.0040650406504065045
15.0	9.0	246.0	0.532520325203252	0.18292682926829268	0.024390243902439025	0.0
15.0	10.0	246.0	0.508130081300813	0.21138211382113822	0.032520325203252036	0.0
15.0	11.0	246.0	0.4796747967479675	0.1910569105691057	0.02032520325203252	0.0
15.0	12.0	246.0	0.4796747967479675	0.23170731707317074	0.028455284552845527	0.0040650406504065045
15.0	13.0	246.0	0.4796747967479675	0.18292682926829268	0.032520325203252036	0.0040650406504065045
15.0	14.0	246.0	0.483739837398374	0.15853658536585366	0.028455284552845527	0.008130081300813009
15.0	15.0	246.0	0.45528455284552843	0.16666666666666666	0.008130081300813009	0.0
15.0	16.0	246.0	0.46747967479674796	0.1951219512195122	0.032520325203252036	0.0040650406504065045
15.0	17.0	236.0	0.4067796610169492	0.13559322033898305	0.01694915254237288	0.0
15.0	18.0	225.0	0.41333333333333333	0.09777777777777778	0.013333333333333334	0.0
15.0	19.0	204.0	0.3382352941176471	0.13725490196078433	0.004901960784313725	0.004901960784313725
15.0	20.0	168.0	0.26785714285714285	0.09523809523809523	0.005952380952380952	0.0
15.0	21.0	125.0	0.272	0.08	0.016	0.0
15.0	22.0	100.0	0.14	0.07	0.0	0.0
15.0	23.0	70.0	0.14285714285714285	0.02857142857142857	0.0	0.0
15.0	24.0	49.0	0.04081632653061224	0.0	0.0	0.0
15.0	25.0	41.0	0.024390243902439025	0.024390243902439025	0.024390243902439025	0.024390243902439025
15.0	26.0	28.0	0.0	0.0	0.0	0.0
15.0	27.0	21.0	0.0	0.0	0.0	0.0
15.0	28.0	13.0	0.0	0.0	0.0	0.0
15.0	29.0	12.0	0.0	0.0	0.0	0.0
15.0	30.0	10.0	0.0	0.0	0.0	0.0
15.0	31.0	6.0	0.0	0.0	0.0	0.0
15.0	32.0	6.0	0.0	0.0	0.0	0.0
15.0	33.0	5.0	0.0	0.0	0.0	0.0
15.0	34.0	3.0	0.0	0.0	0.0	0.0
15.0	35.0	2.0	0.0	0.0	0.0	0.0
15.0	36.0	2.0	0.0	0.0	0.0	0.0
15.0	37.0	2.0	0.0	0.0	0.0	0.0
15.0	38.0	2.0	0.0	0.0	0.0	0.0
15.0	39.0	2.0	0.0	0.0	0.0	0.0
15.0	40.0	2.0	0.0	0.0	0.0	0.0
15.0	41.0	2.0	0.0	0.0	0.0	0.0
15.0	42.0	1.0	NaN	NaN	NaN	NaN
15.0	43.0	1.0	NaN	NaN	NaN	NaN
15.0	44.0	1.0	NaN	NaN	NaN	NaN
15.0	45.0	1.0	NaN	NaN	NaN	NaN
16.0	1.0	245.0	0.5265306122448979	0.20816326530612245	0.044897959183673466	0.004081632653061225
16.0	2.0	245.0	0.5061224489795918	0.2571428571428571	0.0326530612244898	0.0
16.0	3.0	245.0	0.5428571428571428	0.2163265306122449	0.024489795918367346	0.0
16.0	4.0	245.0	0.5306122448979592	0.21224489795918366	0.012244897959183673	0.004081632653061225
16.0	5.0	245.0	0.46938775510204084	0.1836734693877551	0.024489795918367346	0.0
16.0	6.0	245.0	0.5306122448979592	0.23265306122448978	0.02040816326530612	0.0
16.0	7.0	245.0	0.46530612244897956	0.19591836734693877	0.0326530612244898	0.004081632653061225
16.0	8.0	245.0	0.46530612244897956	0.17551020408163265	0.012244897959183673	0.004081632653061225
16.0	9.0	245.0	0.4857142857142857	0.17142857142857143	0.0163265306122449	0.00816326530612245
16.0	10.0	245.0	0.42857142857142855	0.1836734693877551	0.012244897959183673	0.004081632653061225
16.0	11.0	245.0	0.4775510204081633	0.16326530612244897	0.0326530612244898	0.0
16.0	12.0	245.0	0.4448979591836735	0.1346938775510204	0.0163265306122449	0.004081632653061225
16.0	13.0	245.0	0.4775510204081633	0.2	0.00816326530612245	0.0
16.0	14.0	245.0	0.4489795918367347	0.17959183673469387	0.0163265306122449	0.0
16.0	15.0	245.0	0.43673469387755104	0.13877551020408163	0.02040816326530612	0.0
16.0	16.0	244.0	0.42213114754098363	0.14344262295081966	0.012295081967213115	0.004098360655737705
16.0	17.0	237.0	0.41350210970464135	0.12658227848101267	0.02109704641350211	0.008438818565400843
16.0	18.0	223.0	0.3721973094170404	0.15695067264573992	0.02242152466367713	0.004484304932735426
16.0	19.0	201.0	0.31840796019900497	0.08955223880597014	0.01990049751243781	0.0
16.0	20.0	175.0	0.25142857142857145	0.09142857142857143	0.011428571428571429	0.0
16.0	21.0	144.0	0.2152777777777778	0.0625	0.020833333333333332	0.006944444444444444
16.0	22.0	120.0	0.15	0.025	0.0	0.0
16.0	23.0	92.0	0.10869565217391304	0.03260869565217391	0.010869565217391304	0.0
16.0	24.0	65.0	0.046153846153846156	0.015384615384615385	0.0	0.0
16.0	25.0	42.0	0.047619047619047616	0.0	0.0	0.0
16.0	26.0	30.0	0.03333333333333333	0.03333333333333333	0.0	0.0
16.0	27.0	26.0	0.038461538461538464	0.0	0.0	0.0
16.0	28.0	20.0	0.0	0.0	0.0	0.0
16.0	29.0	15.0	0.06666666666666667	0.0	0.0	0.0
16.0	30.0	9.0	0.0	0.0	0.0	0.0
16.0	31.0	7.0	0.0	0.0	0.0	0.0
16.0	32.0	7.0	0.0	0.0	0.0	0.0
16.0	33.0	6.0	0.0	0.0	0.0	0.0
16.0	34.0	5.0	0.0	0.0	0.0	0.0
16.0	35.0	5.0	0.0	0.0	0.0	0.0
16.0	36.0	5.0	0.0	0.0	0.0	0.0
16.0	37.0	5.0	0.0	0.0	0.0	0.0
16.0	38.0	3.0	0.0	0.0	0.0	0.0
16.0	39.0	3.0	0.0	0.0	0.0	0.0
16.0	40.0	3.0	0.0	0.0	0.0	0.0
16.0	41.0	3.0	0.0	0.0	0.0	0.0
16.0	42.0	3.0	0.0	0.0	0.0	0.0
16.0	43.0	3.0	0.0	0.0	0.0	0.0
16.0	44.0	1.0	NaN	NaN	NaN	NaN
16.0	45.0	1.0	NaN	NaN	NaN	NaN
16.0	46.0	1.0	NaN	NaN	NaN	NaN
16.0	47.0	1.0	NaN	NaN	NaN	NaN
16.0	48.0	1.0	NaN	NaN	NaN	NaN
17.0	1.0	237.0	0.5485232067510548	0.2109704641350211	0.008438818565400843	0.0
17.0	2.0	237.0	0.569620253164557	0.2742616033755274	0.05907172995780591	0.008438818565400843
17.0	3.0	237.0	0.540084388185654	0.27848101265822783	0.03375527426160337	0.004219409282700422
17.0	4.0	237.0	0.510548523206751	0.19831223628691982	0.016877637130801686	0.004219409282700422
17.0	5.0	237.0	0.5358649789029536	0.19831223628691982	0.05063291139240506	0.008438818565400843
17.0	6.0	237.0	0.5063291139240507	0.1940928270042194	0.029535864978902954	0.0
17.0	7.0	237.0	0.540084388185654	0.2320675105485232	0.029535864978902954	0.0
17.0	8.0	237.0	0.510548523206751	0.20675105485232068	0.02531645569620253	0.0
17.0	9.0	237.0	0.5021097046413502	0.1940928270042194	0.029535864978902954	0.004219409282700422
17.0	10.0	237.0	0.5232067510548524	0.2320675105485232	0.03375527426160337	0.008438818565400843
17.0	11.0	237.0	0.4472573839662447	0.18565400843881857	0.029535864978902954	0.0
17.0	12.0	237.0	0.4936708860759494	0.18143459915611815	0.012658227848101266	0.0
17.0	13.0	237.0	0.4936708860759494	0.23628691983122363	0.03375527426160337	0.004219409282700422
17.0	14.0	237.0	0.47257383966244726	0.19831223628691982	0.02531645569620253	0.004219409282700422
17.0	15.0	236.0	0.4364406779661017	0.16101694915254236	0.025423728813559324	0.00423728813559322
17.0	16.0	235.0	0.4297872340425532	0.17446808510638298	0.01276595744680851	0.0
17.0	17.0	225.0	0.44	0.13777777777777778	0.0044444444444444444	0.0
17.0	18.0	209.0	0.3827751196172249	0.10047846889952153	0.023923444976076555	0.004784688995215311
17.0	19.0	188.0	0.32978723404255317	0.13829787234042554	0.047872340425531915	0.015957446808510637
17.0	20.0	158.0	0.2848101265822785	0.056962025316455694	0.0	0.0
17.0	21.0	132.0	0.2196969696969697	0.05303030303030303	0.022727272727272728	0.0
17.0	22.0	108.0	0.2222222222222222	0.08333333333333333	0.009259259259259259	0.0
17.0	23.0	76.0	0.14473684210526316	0.02631578947368421	0.0	0.0
17.0	24.0	59.0	0.0847457627118644	0.01694915254237288	0.0	0.0
17.0	25.0	44.0	0.045454545454545456	0.045454545454545456	0.022727272727272728	0.022727272727272728
17.0	26.0	34.0	0.0	0.0	0.0	0.0
17.0	27.0	22.0	0.045454545454545456	0.0	0.0	0.0
17.0	28.0	18.0	0.05555555555555555	0.0	0.0	0.0
17.0	29.0	14.0	0.0	0.0	0.0	0.0
17.0	30.0	12.0	0.0	0.0	0.0	0.0
17.0	31.0	11.0	0.0	0.0	0.0	0.0
17.0	32.0	9.0	0.0	0.0	0.0	0.0
17.0	33.0	6.0	0.0	0.0	0.0	0.0
17.0	34.0	3.0	0.0	0.0	0.0	0.0
17.0	35.0	3.0	0.0	0.0	0.0	0.0
17.0	36.0	2.0	0.0	0.0	0.0	0.0
17.0	37.0	1.0	NaN	NaN	NaN	NaN
17.0	38.0	1.0	NaN	NaN	NaN	NaN
17.0	39.0	1.0	NaN	NaN	NaN	NaN
17.0	40.0	1.0	NaN	NaN	NaN	NaN
17.0	41.0	1.0	NaN	NaN	NaN	NaN
17.0	42.0	1.0	NaN	NaN	NaN	NaN
18.0	1.0	220.0	0.5909090909090909	0.2681818181818182	0.05909090909090909	0.004545454545454545
18.0	2.0	220.0	0.5136363636363637	0.22272727272727272	0.022727272727272728	0.004545454545454545
18.0	3.0	220.0	0.55	0.22272727272727272	0.022727272727272728	0.004545454545454545
18.0	4.0	220.0	0.5772727272727273	0.2545454545454545	0.00909090909090909	0.0
18.0	5.0	220.0	0.5818181818181818	0.24545454545454545	0.03636363636363636	0.0
18.0	6.0	220.0	0.5227272727272727	0.23636363636363636	0.01818181818181818	0.004545454545454545
18.0	7.0	220.0	0.5454545454545454	0.21363636363636362	0.004545454545454545	0.0
18.0	8.0	220.0	0.5227272727272727	0.18636363636363637	0.031818181818181815	0.0
18.0	9.0	220.0	0.5	0.18636363636363637	0.01818181818181818	0.0
18.0	10.0	220.0	0.4909090909090909	0.20454545454545456	0.02727272727272727	0.004545454545454545
18.0	11.0	220.0	0.4863636363636364	0.2	0.013636363636363636	0.0
18.0	12.0	220.0	0.4909090909090909	0.20909090909090908	0.02727272727272727	0.004545454545454545
18.0	13.0	220.0	0.42727272727272725	0.15454545454545454	0.00909090909090909	0.004545454545454545
18.0	14.0	220.0	0.44545454545454544	0.17272727272727273	0.022727272727272728	0.0
18.0	15.0	220.0	0.42272727272727273	0.16363636363636364	0.004545454545454545	0.004545454545454545
18.0	16.0	219.0	0.4977168949771689	0.2054794520547945	0.0365296803652968	0.0091324200913242
18.0	17.0	214.0	0.43457943925233644	0.1822429906542056	0.02336448598130841	0.0
18.0	18.0	192.0	0.4427083333333333	0.17708333333333334	0.010416666666666666	0.005208333333333333
18.0	19.0	173.0	0.30057803468208094	0.11560693641618497	0.005780346820809248	0.005780346820809248
18.0	20.0	144.0	0.2361111111111111	0.08333333333333333	0.013888888888888888	0.0
18.0	21.0	125.0	0.208	0.032	0.0	0.0
18.0	22.0	93.0	0.16129032258064516	0.053763440860215055	0.0	0.0
18.0	23.0	70.0	0.12857142857142856	0.02857142857142857	0.014285714285714285	0.0
18.0	24.0	55.0	0.16363636363636364	0.01818181818181818	0.0	0.0
18.0	25.0	43.0	0.13953488372093023	0.023255813953488372	0.0	0.0
18.0	26.0	32.0	0.09375	0.03125	0.03125	0.0
18.0	27.0	25.0	0.0	0.0	0.0	0.0
18.0	28.0	20.0	0.0	0.0	0.0	0.0
18.0	29.0	13.0	0.0	0.0	0.0	0.0
18.0	30.0	10.0	0.0	0.0	0.0	0.0
18.0	31.0	9.0	0.0	0.0	0.0	0.0
18.0	32.0	7.0	0.0	0.0	0.0	0.0
18.0	33.0	6.0	0.0	0.0	0.0	0.0
18.0	34.0	5.0	0.0	0.0	0.0	0.0
18.0	35.0	4.0	0.0	0.0	0.0	0.0
18.0	36.0	2.0	0.0	0.0	0.0	0.0
18.0	37.0	2.0	0.0	0.0	0.0	0.0
18.0	38.0	1.0	NaN	NaN	NaN	NaN
18.0	39.0	1.0	NaN	NaN	NaN	NaN
18.0	40.0	1.0	NaN	NaN	NaN	NaN
18.0	41.0	1.0	NaN	NaN	NaN	NaN
19.0	1.0	196.0	0.6377551020408163	0.3112244897959184	0.02040816326530612	0.0
19.0	2.0	196.0	0.6173469387755102	0.23979591836734693	0.04591836734693878	0.0
19.0	3.0	196.0	0.5408163265306123	0.23979591836734693	0.03571428571428571	0.00510204081632653
19.0	4.0	196.0	0.576530612244898	0.24489795918367346	0.04081632653061224	0.0
19.0	5.0	196.0	0.5459183673469388	0.2602040816326531	0.04081632653061224	0.00510204081632653
19.0	6.0	196.0	0.5051020408163265	0.1836734693877551	0.015306122448979591	0.0
19.0	7.0	196.0	0.46938775510204084	0.19387755102040816	0.05102040816326531	0.00510204081632653
19.0	8.0	196.0	0.5051020408163265	0.20408163265306123	0.030612244897959183	0.0
19.0	9.0	196.0	0.5255102040816326	0.23979591836734693	0.04081632653061224	0.0
19.0	10.0	196.0	0.5663265306122449	0.22959183673469388	0.02040816326530612	0.0
19.0	11.0	196.0	0.5204081632653061	0.22959183673469388	0.03571428571428571	0.0
19.0	12.0	196.0	0.4846938775510204	0.18877551020408162	0.030612244897959183	0.0
19.0	13.0	196.0	0.5204081632653061	0.19387755102040816	0.030612244897959183	0.0
19.0	14.0	196.0	0.45408163265306123	0.16326530612244897	0.030612244897959183	0.00510204081632653
19.0	15.0	196.0	0.45408163265306123	0.1683673469387755	0.025510204081632654	0.0
19.0	16.0	193.0	0.44559585492227977	0.15544041450777202	0.015544041450777202	0.015544041450777202
19.0	17.0	184.0	0.4782608695652174	0.17391304347826086	0.021739130434782608	0.010869565217391304
19.0	18.0	173.0	0.3583815028901734	0.10982658959537572	0.046242774566473986	0.011560693641618497
19.0	19.0	154.0	0.37662337662337664	0.14285714285714285	0.012987012987012988	0.0
19.0	20.0	130.0	0.33076923076923076	0.06923076923076923	0.007692307692307693	0.0
19.0	21.0	104.0	0.27884615384615385	0.07692307692307693	0.009615384615384616	0.0
19.0	22.0	85.0	0.2	0.07058823529411765	0.0	0.0
19.0	23.0	60.0	0.1	0.03333333333333333	0.0	0.0
19.0	24.0	49.0	0.12244897959183673	0.02040816326530612	0.0	0.0
19.0	25.0	37.0	0.05405405405405406	0.05405405405405406	0.0	0.0
19.0	26.0	27.0	0.037037037037037035	0.0	0.0	0.0
19.0	27.0	22.0	0.045454545454545456	0.045454545454545456	0.045454545454545456	0.0
19.0	28.0	17.0	0.058823529411764705	0.0	0.0	0.0
19.0	29.0	13.0	0.0	0.0	0.0	0.0
19.0	30.0	10.0	0.0	0.0	0.0	0.0
19.0	31.0	6.0	0.0	0.0	0.0	0.0
19.0	32.0	4.0	0.0	0.0	0.0	0.0
19.0	33.0	4.0	0.0	0.0	0.0	0.0
19.0	34.0	3.0	0.0	0.0	0.0	0.0
19.0	35.0	1.0	NaN	NaN	NaN	NaN
19.0	36.0	1.0	NaN	NaN	NaN	NaN
19.0	37.0	1.0	NaN	NaN	NaN	NaN
19.0	38.0	1.0	NaN	NaN	NaN	NaN
19.0	39.0	1.0	NaN	NaN	NaN	NaN
19.0	40.0	1.0	NaN	NaN	NaN	NaN
19.0	41.0	1.0	NaN	NaN	NaN	NaN
19.0	42.0	1.0	NaN	NaN	NaN	NaN
19.0	43.0	1.0	NaN	NaN	NaN	NaN
19.0	44.0	1.0	NaN	NaN	NaN	NaN
19.0	45.0	1.0	NaN	NaN	NaN	NaN
19.0	46.0	1.0	NaN	NaN	NaN	NaN
19.0	47.0	1.0	NaN	NaN	NaN	NaN
19.0	48.0	1.0	NaN	NaN	NaN	NaN
19.0	49.0	1.0	NaN	NaN	NaN	NaN
19.0	50.0	1.0	NaN	NaN	NaN	NaN
20.0	1.0	167.0	0.5748502994011976	0.20359281437125748	0.059880239520958084	0.005988023952095809
20.0	2.0	167.0	0.5149700598802395	0.19760479041916168	0.03592814371257485	0.0
20.0	3.0	167.0	0.5568862275449101	0.20359281437125748	0.029940119760479042	0.0
20.0	4.0	167.0	0.5269461077844312	0.19161676646706588	0.029940119760479042	0.005988023952095809
20.0	5.0	167.0	0.49101796407185627	0.23952095808383234	0.041916167664670656	0.0
20.0	6.0	167.0	0.5329341317365269	0.19760479041916168	0.017964071856287425	0.0
20.0	7.0	167.0	0.437125748502994	0.2215568862275449	0.05389221556886228	0.005988023952095809
20.0	8.0	167.0	0.5449101796407185	0.18562874251497005	0.029940119760479042	0.0
20.0	9.0	167.0	0.49101796407185627	0.17365269461077845	0.029940119760479042	0.0
20.0	10.0	167.0	0.437125748502994	0.19760479041916168	0.005988023952095809	0.0
20.0	11.0	167.0	0.5029940119760479	0.24550898203592814	0.03592814371257485	0.005988023952095809
20.0	12.0	167.0	0.5029940119760479	0.20359281437125748	0.017964071856287425	0.0
20.0	13.0	167.0	0.5029940119760479	0.16766467065868262	0.029940119760479042	0.0
20.0	14.0	166.0	0.4819277108433735	0.18674698795180722	0.024096385542168676	0.0
20.0	15.0	166.0	0.40963855421686746	0.13253012048192772	0.012048192771084338	0.0
20.0	16.0	166.0	0.41566265060240964	0.15060240963855423	0.024096385542168676	0.0
20.0	17.0	161.0	0.4720496894409938	0.20496894409937888	0.024844720496894408	0.0
20.0	18.0	151.0	0.3443708609271523	0.1390728476821192	0.013245033112582781	0.006622516556291391
20.0	19.0	137.0	0.2773722627737226	0.072992700729927	0.014598540145985401	0.0
20.0	20.0	113.0	0.23008849557522124	0.05309734513274336	0.008849557522123894	0.008849557522123894
20.0	21.0	94.0	0.24468085106382978	0.05319148936170213	0.02127659574468085	0.0
20.0	22.0	76.0	0.13157894736842105	0.05263157894736842	0.0	0.0
20.0	23.0	63.0	0.09523809523809523	0.031746031746031744	0.015873015873015872	0.0
20.0	24.0	45.0	0.1111111111111111	0.0	0.0	0.0
20.0	25.0	30.0	0.13333333333333333	0.03333333333333333	0.0	0.0
20.0	26.0	25.0	0.04	0.0	0.0	0.0
20.0	27.0	19.0	0.05263157894736842	0.05263157894736842	0.0	0.0
20.0	28.0	12.0	0.08333333333333333	0.08333333333333333	0.0	0.0
20.0	29.0	10.0	0.0	0.0	0.0	0.0
20.0	30.0	6.0	0.0	0.0	0.0	0.0
20.0	31.0	2.0	0.0	0.0	0.0	0.0
21.0	1.0	139.0	0.5467625899280576	0.2949640287769784	0.02158273381294964	0.0
21.0	2.0	139.0	0.5827338129496403	0.2302158273381295	0.02158273381294964	0.007194244604316547
21.0	3.0	139.0	0.539568345323741	0.20863309352517986	0.02877697841726619	0.0
21.0	4.0	139.0	0.539568345323741	0.2589928057553957	0.02158273381294964	0.0
21.0	5.0	139.0	0.5179856115107914	0.23741007194244604	0.02877697841726619	0.0
21.0	6.0	139.0	0.5899280575539568	0.2517985611510791	0.03597122302158273	0.007194244604316547
21.0	7.0	139.0	0.5107913669064749	0.19424460431654678	0.014388489208633094	0.0
21.0	8.0	139.0	0.5035971223021583	0.2014388489208633	0.02877697841726619	0.0
21.0	9.0	139.0	0.5323741007194245	0.20863309352517986	0.02877697841726619	0.007194244604316547
21.0	10.0	139.0	0.4892086330935252	0.18705035971223022	0.007194244604316547	0.0
21.0	11.0	139.0	0.5251798561151079	0.26618705035971224	0.04316546762589928	0.0
21.0	12.0	139.0	0.4460431654676259	0.19424460431654678	0.02158273381294964	0.0
21.0	13.0	139.0	0.5611510791366906	0.23741007194244604	0.02158273381294964	0.0
21.0	14.0	139.0	0.5035971223021583	0.23741007194244604	0.050359712230215826	0.0
21.0	15.0	139.0	0.4316546762589928	0.14388489208633093	0.02877697841726619	0.007194244604316547
21.0	16.0	135.0	0.43703703703703706	0.14074074074074075	0.02962962962962963	0.0
21.0	17.0	130.0	0.43846153846153846	0.13846153846153847	0.015384615384615385	0.0
21.0	18.0	119.0	0.3865546218487395	0.15126050420168066	0.01680672268907563	0.008403361344537815
21.0	19.0	110.0	0.37272727272727274	0.1	0.01818181818181818	0.00909090909090909
21.0	20.0	97.0	0.30927835051546393	0.13402061855670103	0.030927835051546393	0.020618556701030927
21.0	21.0	70.0	0.22857142857142856	0.02857142857142857	0.0	0.0
21.0	22.0	53.0	0.2830188679245283	0.1320754716981132	0.05660377358490566	0.018867924528301886
21.0	23.0	36.0	0.1111111111111111	0.027777777777777776	0.027777777777777776	0.0
21.0	24.0	25.0	0.12	0.04	0.0	0.0
21.0	25.0	17.0	0.058823529411764705	0.0	0.0	0.0
21.0	26.0	12.0	0.16666666666666666	0.08333333333333333	0.08333333333333333	0.0
21.0	27.0	7.0	0.0	0.0	0.0	0.0
21.0	28.0	4.0	0.0	0.0	0.0	0.0
21.0	29.0	3.0	0.0	0.0	0.0	0.0
21.0	30.0	2.0	0.0	0.0	0.0	0.0
21.0	31.0	1.0	NaN	NaN	NaN	NaN
21.0	32.0	1.0	NaN	NaN	NaN	NaN
21.0	33.0	1.0	NaN	NaN	NaN	NaN
21.0	34.0	1.0	NaN	NaN	NaN	NaN
21.0	35.0	1.0	NaN	NaN	NaN	NaN
21.0	36.0	1.0	NaN	NaN	NaN	NaN
22.0	1.0	111.0	0.5855855855855856	0.2702702702702703	0.04504504504504504	0.0
22.0	2.0	111.0	0.6396396396396397	0.23423423423423423	0.02702702702702703	0.0
22.0	3.0	111.0	0.5585585585585585	0.26126126126126126	0.036036036036036036	0.0
22.0	4.0	111.0	0.5675675675675675	0.26126126126126126	0.04504504504504504	0.0
22.0	5.0	111.0	0.5765765765765766	0.34234234234234234	0.04504504504504504	0.009009009009009009
22.0	6.0	111.0	0.5855855855855856	0.2972972972972973	0.04504504504504504	0.0
22.0	7.0	111.0	0.5495495495495496	0.3153153153153153	0.018018018018018018	0.0
22.0	8.0	111.0	0.5675675675675675	0.25225225225225223	0.02702702702702703	0.0
22.0	9.0	111.0	0.5765765765765766	0.2882882882882883	0.05405405405405406	0.0
22.0	10.0	111.0	0.5135135135135135	0.26126126126126126	0.036036036036036036	0.0
22.0	11.0	111.0	0.5495495495495496	0.1981981981981982	0.018018018018018018	0.0
22.0	12.0	111.0	0.5495495495495496	0.27927927927927926	0.04504504504504504	0.009009009009009009
22.0	13.0	111.0	0.5405405405405406	0.1981981981981982	0.009009009009009009	0.0
22.0	14.0	111.0	0.5045045045045045	0.21621621621621623	0.04504504504504504	0.0
22.0	15.0	109.0	0.44036697247706424	0.22018348623853212	0.03669724770642202	0.0
22.0	16.0	108.0	0.4166666666666667	0.17592592592592593	0.037037037037037035	0.0
22.0	17.0	102.0	0.4215686274509804	0.13725490196078433	0.00980392156862745	0.0
22.0	18.0	94.0	0.30851063829787234	0.1276595744680851	0.02127659574468085	0.0
22.0	19.0	79.0	0.27848101265822783	0.08860759493670886	0.012658227848101266	0.0
22.0	20.0	66.0	0.24242424242424243	0.09090909090909091	0.015151515151515152	0.015151515151515152
22.0	21.0	54.0	0.2222222222222222	0.07407407407407407	0.018518518518518517	0.0
22.0	22.0	46.0	0.2391304347826087	0.0	0.0	0.0
22.0	23.0	38.0	0.15789473684210525	0.0	0.0	0.0
22.0	24.0	28.0	0.17857142857142858	0.14285714285714285	0.03571428571428571	0.0
22.0	25.0	20.0	0.05	0.0	0.0	0.0
22.0	26.0	16.0	0.0625	0.0625	0.0625	0.0
22.0	27.0	12.0	0.08333333333333333	0.08333333333333333	0.0	0.0
22.0	28.0	9.0	0.0	0.0	0.0	0.0
22.0	29.0	8.0	0.0	0.0	0.0	0.0
22.0	30.0	5.0	0.0	0.0	0.0	0.0
22.0	31.0	3.0	0.0	0.0	0.0	0.0
22.0	32.0	3.0	0.0	0.0	0.0	0.0
22.0	33.0	2.0	0.0	0.0	0.0	0.0
22.0	34.0	1.0	NaN	NaN	NaN	NaN
22.0	35.0	1.0	NaN	NaN	NaN	NaN
23.0	1.0	87.0	0.6551724137931034	0.3218390804597701	0.011494252873563218	0.0
23.0	2.0	87.0	0.6206896551724138	0.3333333333333333	0.04597701149425287	0.0
23.0	3.0	87.0	0.6091954022988506	0.2988505747126437	0.05747126436781609	0.0
23.0	4.0	87.0	0.5172413793103449	0.21839080459770116	0.011494252873563218	0.0
23.0	5.0	87.0	0.5517241379310345	0.27586206896551724	0.08045977011494253	0.022988505747126436
23.0	6.0	87.0	0.4942528735632184	0.26436781609195403	0.06896551724137931	0.011494252873563218
23.0	7.0	87.0	0.5402298850574713	0.21839080459770116	0.0	0.0
23.0	8.0	87.0	0.5977011494252874	0.2413793103448276	0.04597701149425287	0.011494252873563218
23.0	9.0	87.0	0.6206896551724138	0.20689655172413793	0.022988505747126436	0.0
23.0	10.0	87.0	0.5517241379310345	0.21839080459770116	0.022988505747126436	0.0
23.0	11.0	87.0	0.5402298850574713	0.21839080459770116	0.011494252873563218	0.0
23.0	12.0	87.0	0.5402298850574713	0.28735632183908044	0.06896551724137931	0.0
23.0	13.0	87.0	0.4367816091954023	0.13793103448275862	0.011494252873563218	0.0
23.0	14.0	87.0	0.5057471264367817	0.1839080459770115	0.011494252873563218	0.0
23.0	15.0	87.0	0.45977011494252873	0.1724137931034483	0.034482758620689655	0.0
23.0	16.0	87.0	0.47126436781609193	0.22988505747126436	0.034482758620689655	0.011494252873563218
23.0	17.0	86.0	0.43023255813953487	0.19767441860465115	0.011627906976744186	0.0
23.0	18.0	80.0	0.425	0.1875	0.025	0.0
23.0	19.0	63.0	0.4126984126984127	0.15873015873015872	0.0	0.0
23.0	20.0	53.0	0.33962264150943394	0.18867924528301888	0.018867924528301886	0.0
23.0	21.0	42.0	0.21428571428571427	0.07142857142857142	0.0	0.0
23.0	22.0	33.0	0.09090909090909091	0.0	0.0	0.0
23.0	23.0	25.0	0.2	0.0	0.0	0.0
23.0	24.0	18.0	0.1111111111111111	0.05555555555555555	0.0	0.0
23.0	25.0	10.0	0.2	0.1	0.0	0.0
23.0	26.0	6.0	0.0	0.0	0.0	0.0
23.0	27.0	5.0	0.0	0.0	0.0	0.0
23.0	28.0	3.0	0.0	0.0	0.0	0.0
23.0	29.0	3.0	0.0	0.0	0.0	0.0
23.0	30.0	3.0	0.0	0.0	0.0	0.0
23.0	31.0	3.0	0.0	0.0	0.0	0.0
23.0	32.0	2.0	0.0	0.0	0.0	0.0
23.0	33.0	2.0	0.0	0.0	0.0	0.0
23.0	34.0	1.0	NaN	NaN	NaN	NaN
23.0	35.0	1.0	NaN	NaN	NaN	NaN
24.0	1.0	70.0	0.5571428571428572	0.3	0.04285714285714286	0.0
24.0	2.0	70.0	0.5714285714285714	0.2714285714285714	0.04285714285714286	0.0
24.0	3.0	70.0	0.6285714285714286	0.34285714285714286	0.02857142857142857	0.0
24.0	4.0	70.0	0.45714285714285713	0.21428571428571427	0.02857142857142857	0.0
24.0	5.0	70.0	0.5142857142857142	0.2857142857142857	0.02857142857142857	0.0
24.0	6.0	70.0	0.5285714285714286	0.18571428571428572	0.0	0.0
24.0	7.0	70.0	0.5142857142857142	0.2857142857142857	0.08571428571428572	0.0
24.0	8.0	70.0	0.6	0.22857142857142856	0.07142857142857142	0.0
24.0	9.0	70.0	0.6428571428571429	0.22857142857142856	0.05714285714285714	0.014285714285714285
24.0	10.0	70.0	0.5	0.21428571428571427	0.05714285714285714	0.0
24.0	11.0	70.0	0.4714285714285714	0.17142857142857143	0.0	0.0
24.0	12.0	70.0	0.5428571428571428	0.17142857142857143	0.014285714285714285	0.0
24.0	13.0	70.0	0.44285714285714284	0.15714285714285714	0.04285714285714286	0.0
24.0	14.0	70.0	0.4	0.1	0.014285714285714285	0.0
24.0	15.0	70.0	0.45714285714285713	0.2	0.02857142857142857	0.0
24.0	16.0	70.0	0.44285714285714284	0.24285714285714285	0.02857142857142857	0.0
24.0	17.0	66.0	0.3787878787878788	0.15151515151515152	0.0	0.0
24.0	18.0	61.0	0.47540983606557374	0.14754098360655737	0.0	0.0
24.0	19.0	53.0	0.3584905660377358	0.16981132075471697	0.05660377358490566	0.0
24.0	20.0	45.0	0.15555555555555556	0.06666666666666667	0.0	0.0
24.0	21.0	36.0	0.1111111111111111	0.05555555555555555	0.0	0.0
24.0	22.0	31.0	0.3225806451612903	0.16129032258064516	0.0	0.0
24.0	23.0	25.0	0.08	0.08	0.0	0.0
24.0	24.0	18.0	0.0	0.0	0.0	0.0
24.0	25.0	11.0	0.0	0.0	0.0	0.0
24.0	26.0	11.0	0.0	0.0	0.0	0.0
24.0	27.0	7.0	0.0	0.0	0.0	0.0
24.0	28.0	4.0	0.0	0.0	0.0	0.0
24.0	29.0	4.0	0.0	0.0	0.0	0.0
24.0	30.0	3.0	0.0	0.0	0.0	0.0
24.0	31.0	2.0	0.0	0.0	0.0	0.0
24.0	32.0	1.0	NaN	NaN	NaN	NaN
25.0	1.0	51.0	0.6078431372549019	0.27450980392156865	0.0392156862745098	0.0
25.0	2.0	51.0	0.5882352941176471	0.29411764705882354	0.0196078431372549	0.0
25.0	3.0	51.0	0.5882352941176471	0.35294117647058826	0.09803921568627451	0.0
25.0	4.0	51.0	0.5686274509803921	0.23529411764705882	0.058823529411764705	0.0
25.0	5.0	51.0	0.6274509803921569	0.23529411764705882	0.0392156862745098	0.0
25.0	6.0	51.0	0.6078431372549019	0.2549019607843137	0.0392156862745098	0.0
25.0	7.0	51.0	0.5490196078431373	0.3137254901960784	0.058823529411764705	0.0
25.0	8.0	51.0	0.5490196078431373	0.35294117647058826	0.0196078431372549	0.0
25.0	9.0	51.0	0.5098039215686274	0.2549019607843137	0.0392156862745098	0.0
25.0	10.0	51.0	0.43137254901960786	0.17647058823529413	0.058823529411764705	0.0
25.0	11.0	51.0	0.47058823529411764	0.2549019607843137	0.0196078431372549	0.0
25.0	12.0	51.0	0.47058823529411764	0.23529411764705882	0.0392156862745098	0.0196078431372549
25.0	13.0	51.0	0.5098039215686274	0.19607843137254902	0.0196078431372549	0.0
25.0	14.0	51.0	0.5098039215686274	0.13725490196078433	0.0392156862745098	0.0
25.0	15.0	51.0	0.5882352941176471	0.13725490196078433	0.0	0.0
25.0	16.0	51.0	0.45098039215686275	0.13725490196078433	0.0196078431372549	0.0
25.0	17.0	49.0	0.4897959183673469	0.14285714285714285	0.0	0.0
25.0	18.0	45.0	0.4444444444444444	0.1111111111111111	0.0	0.0
25.0	19.0	36.0	0.2777777777777778	0.1388888888888889	0.0	0.0
25.0	20.0	30.0	0.26666666666666666	0.06666666666666667	0.0	0.0
25.0	21.0	24.0	0.20833333333333334	0.041666666666666664	0.0	0.0
25.0	22.0	18.0	0.16666666666666666	0.0	0.0	0.0
25.0	23.0	16.0	0.0625	0.0	0.0	0.0
25.0	24.0	11.0	0.0	0.0	0.0	0.0
25.0	25.0	11.0	0.0	0.0	0.0	0.0
25.0	26.0	8.0	0.0	0.0	0.0	0.0
25.0	27.0	3.0	0.0	0.0	0.0	0.0
25.0	28.0	2.0	0.0	0.0	0.0	0.0
25.0	29.0	2.0	0.0	0.0	0.0	0.0
25.0	30.0	2.0	0.0	0.0	0.0	0.0
25.0	31.0	2.0	0.0	0.0	0.0	0.0
25.0	32.0	1.0	NaN	NaN	NaN	NaN
25.0	33.0	1.0	NaN	NaN	NaN	NaN
25.0	34.0	1.0	NaN	NaN	NaN	NaN
25.0	35.0	1.0	NaN	NaN	NaN	NaN
25.0	36.0	1.0	NaN	NaN	NaN	NaN
25.0	37.0	1.0	NaN	NaN	NaN	NaN
25.0	38.0	1.0	NaN	NaN	NaN	NaN
25.0	39.0	1.0	NaN	NaN	NaN	NaN
25.0	40.0	1.0	NaN	NaN	NaN	NaN
25.0	41.0	1.0	NaN	NaN	NaN	NaN
25.0	42.0	1.0	NaN	NaN	NaN	NaN
25.0	43.0	1.0	NaN	NaN	NaN	NaN
25.0	44.0	1.0	NaN	NaN	NaN	NaN
25.0	45.0	1.0	NaN	NaN	NaN	NaN
25.0	46.0	1.0	NaN	NaN	NaN	NaN
25.0	47.0	1.0	NaN	NaN	NaN	NaN
25.0	48.0	1.0	NaN	NaN	NaN	NaN
26.0	1.0	32.0	0.71875	0.21875	0.0625	0.0
26.0	2.0	32.0	0.6875	0.34375	0.03125	0.0
26.0	3.0	32.0	0.65625	0.28125	0.03125	0.0
26.0	4.0	32.0	0.6875	0.21875	0.0	0.0
26.0	5.0	32.0	0.65625	0.21875	0.03125	0.0
26.0	6.0	32.0	0.6875	0.375	0.0	0.0
26.0	7.0	32.0	0.6875	0.21875	0.0	0.0
26.0	8.0	32.0	0.75	0.34375	0.03125	0.03125
26.0	9.0	32.0	0.75	0.40625	0.0625	0.0
26.0	10.0	32.0	0.59375	0.25	0.0	0.0
26.0	11.0	32.0	0.59375	0.34375	0.0	0.0
26.0	12.0	32.0	0.5625	0.28125	0.0	0.0
26.0	13.0	32.0	0.59375	0.21875	0.03125	0.0
26.0	14.0	32.0	0.53125	0.25	0.03125	0.0
26.0	15.0	32.0	0.59375	0.21875	0.03125	0.0
26.0	16.0	32.0	0.46875	0.1875	0.0	0.0
26.0	17.0	31.0	0.4838709677419355	0.22580645161290322	0.03225806451612903	0.0
26.0	18.0	26.0	0.2692307692307692	0.0	0.0	0.0
26.0	19.0	21.0	0.23809523809523808	0.09523809523809523	0.0	0.0
26.0	20.0	19.0	0.5789473684210527	0.10526315789473684	0.0	0.0
26.0	21.0	13.0	0.38461538461538464	0.15384615384615385	0.07692307692307693	0.0
26.0	22.0	9.0	0.1111111111111111	0.0	0.0	0.0
26.0	23.0	6.0	0.3333333333333333	0.0	0.0	0.0
26.0	24.0	4.0	0.25	0.0	0.0	0.0
26.0	25.0	3.0	0.0	0.0	0.0	0.0
26.0	26.0	2.0	0.0	0.0	0.0	0.0
26.0	27.0	1.0	NaN	NaN	NaN	NaN
26.0	28.0	1.0	NaN	NaN	NaN	NaN
27.0	1.0	27.0	0.5925925925925926	0.37037037037037035	0.1111111111111111	0.0
27.0	2.0	27.0	0.5925925925925926	0.2222222222222222	0.037037037037037035	0.0
27.0	3.0	27.0	0.6296296296296297	0.3333333333333333	0.07407407407407407	0.0
27.0	4.0	27.0	0.48148148148148145	0.2222222222222222	0.037037037037037035	0.0
27.0	5.0	27.0	0.5925925925925926	0.18518518518518517	0.0	0.0
27.0	6.0	27.0	0.7407407407407407	0.14814814814814814	0.0	0.0
27.0	7.0	27.0	0.5925925925925926	0.18518518518518517	0.037037037037037035	0.0
27.0	8.0	27.0	0.5555555555555556	0.2222222222222222	0.07407407407407407	0.0
27.0	9.0	27.0	0.7037037037037037	0.2962962962962963	0.0	0.0
27.0	10.0	27.0	0.5925925925925926	0.14814814814814814	0.037037037037037035	0.0
27.0	11.0	27.0	0.4444444444444444	0.18518518518518517	0.07407407407407407	0.0
27.0	12.0	27.0	0.4444444444444444	0.07407407407407407	0.0	0.0
27.0	13.0	27.0	0.5555555555555556	0.2222222222222222	0.0	0.0
27.0	14.0	27.0	0.4074074074074074	0.14814814814814814	0.0	0.0
27.0	15.0	27.0	0.5185185185185185	0.18518518518518517	0.0	0.0
27.0	16.0	27.0	0.48148148148148145	0.07407407407407407	0.0	0.0
27.0	17.0	27.0	0.4074074074074074	0.1111111111111111	0.0	0.0
27.0	18.0	24.0	0.375	0.125	0.0	0.0
27.0	19.0	19.0	0.2631578947368421	0.15789473684210525	0.05263157894736842	0.0
27.0	20.0	14.0	0.35714285714285715	0.14285714285714285	0.0	0.0
27.0	21.0	12.0	0.25	0.08333333333333333	0.08333333333333333	0.0
27.0	22.0	10.0	0.1	0.1	0.0	0.0
27.0	23.0	8.0	0.0	0.0	0.0	0.0
27.0	24.0	6.0	0.16666666666666666	0.16666666666666666	0.0	0.0
27.0	25.0	6.0	0.0	0.0	0.0	0.0
27.0	26.0	4.0	0.0	0.0	0.0	0.0
27.0	27.0	3.0	0.0	0.0	0.0	0.0
27.0	28.0	3.0	0.0	0.0	0.0	0.0
27.0	29.0	3.0	0.0	0.0	0.0	0.0
27.0	30.0	2.0	0.5	0.5	0.5	0.0
27.0	31.0	2.0	0.0	0.0	0.0	0.0
27.0	32.0	1.0	NaN	NaN	NaN	NaN
27.0	33.0	1.0	NaN	NaN	NaN	NaN
27.0	34.0	1.0	NaN	NaN	NaN	NaN
28.0	1.0	22.0	0.6363636363636364	0.3181818181818182	0.09090909090909091	0.0
28.0	2.0	22.0	0.6363636363636364	0.2727272727272727	0.0	0.0
28.0	3.0	22.0	0.5	0.22727272727272727	0.045454545454545456	0.0
28.0	4.0	22.0	0.5	0.18181818181818182	0.045454545454545456	0.0
28.0	5.0	22.0	0.5909090909090909	0.18181818181818182	0.0	0.0
28.0	6.0	22.0	0.5	0.18181818181818182	0.045454545454545456	0.0
28.0	7.0	22.0	0.5454545454545454	0.09090909090909091	0.045454545454545456	0.0
28.0	8.0	22.0	0.36363636363636365	0.18181818181818182	0.045454545454545456	0.0
28.0	9.0	22.0	0.5	0.22727272727272727	0.0	0.0
28.0	10.0	22.0	0.5454545454545454	0.22727272727272727	0.0	0.0
28.0	11.0	22.0	0.45454545454545453	0.22727272727272727	0.045454545454545456	0.045454545454545456
28.0	12.0	22.0	0.4090909090909091	0.09090909090909091	0.0	0.0
28.0	13.0	22.0	0.36363636363636365	0.13636363636363635	0.045454545454545456	0.0
28.0	14.0	22.0	0.45454545454545453	0.18181818181818182	0.0	0.0
28.0	15.0	22.0	0.4090909090909091	0.13636363636363635	0.045454545454545456	0.0
28.0	16.0	22.0	0.3181818181818182	0.09090909090909091	0.0	0.0
28.0	17.0	22.0	0.45454545454545453	0.13636363636363635	0.0	0.0
28.0	18.0	20.0	0.45	0.15	0.0	0.0
28.0	19.0	20.0	0.3	0.15	0.0	0.0
28.0	20.0	12.0	0.08333333333333333	0.0	0.0	0.0
28.0	21.0	10.0	0.1	0.0	0.0	0.0
28.0	22.0	9.0	0.1111111111111111	0.1111111111111111	0.0	0.0
28.0	23.0	6.0	0.0	0.0	0.0	0.0
28.0	24.0	6.0	0.0	0.0	0.0	0.0
28.0	25.0	6.0	0.0	0.0	0.0	0.0
28.0	26.0	6.0	0.16666666666666666	0.0	0.0	0.0
28.0	27.0	4.0	0.0	0.0	0.0	0.0
28.0	28.0	3.0	0.0	0.0	0.0	0.0
28.0	29.0	2.0	0.0	0.0	0.0	0.0
28.0	30.0	2.0	0.0	0.0	0.0	0.0
28.0	31.0	2.0	0.0	0.0	0.0	0.0
28.0	32.0	1.0	NaN	NaN	NaN	NaN
28.0	33.0	1.0	NaN	NaN	NaN	NaN
28.0	34.0	1.0	NaN	NaN	NaN	NaN
28.0	35.0	1.0	NaN	NaN	NaN	NaN
28.0	36.0	1.0	NaN	NaN	NaN	NaN
28.0	37.0	1.0	NaN	NaN	NaN	NaN
29.0	1.0	20.0	0.7	0.25	0.05	0.0
29.0	2.0	20.0	0.65	0.2	0.0	0.0
29.0	3.0	20.0	0.65	0.4	0.1	0.0
29.0	4.0	20.0	0.75	0.4	0.05	0.0
29.0	5.0	20.0	0.7	0.3	0.05	0.0
29.0	6.0	20.0	0.55	0.25	0.05	0.0
29.0	7.0	20.0	0.7	0.35	0.05	0.0
29.0	8.0	20.0	0.65	0.3	0.15	0.0
29.0	9.0	20.0	0.65	0.3	0.0	0.0
29.0	10.0	20.0	0.5	0.25	0.05	0.0
29.0	11.0	20.0	0.75	0.3	0.0	0.0
29.0	12.0	20.0	0.65	0.2	0.0	0.0
29.0	13.0	20.0	0.6	0.35	0.0	0.0
29.0	14.0	20.0	0.7	0.25	0.1	0.0
29.0	15.0	20.0	0.5	0.3	0.0	0.0
29.0	16.0	20.0	0.5	0.35	0.0	0.0
29.0	17.0	18.0	0.5	0.2777777777777778	0.0	0.0
29.0	18.0	17.0	0.5294117647058824	0.11764705882352941	0.0	0.0
29.0	19.0	14.0	0.42857142857142855	0.21428571428571427	0.07142857142857142	0.0
29.0	20.0	10.0	0.5	0.1	0.1	0.0
29.0	21.0	6.0	0.0	0.0	0.0	0.0
29.0	22.0	4.0	0.25	0.0	0.0	0.0
29.0	23.0	3.0	0.0	0.0	0.0	0.0
29.0	24.0	2.0	0.5	0.5	0.0	0.0
30.0	1.0	14.0	0.42857142857142855	0.35714285714285715	0.07142857142857142	0.07142857142857142
30.0	2.0	14.0	0.42857142857142855	0.21428571428571427	0.0	0.0
30.0	3.0	14.0	0.2857142857142857	0.14285714285714285	0.0	0.0
30.0	4.0	14.0	0.42857142857142855	0.14285714285714285	0.07142857142857142	0.0
30.0	5.0	14.0	0.42857142857142855	0.21428571428571427	0.07142857142857142	0.0
30.0	6.0	14.0	0.21428571428571427	0.07142857142857142	0.0	0.0
30.0	7.0	14.0	0.2857142857142857	0.14285714285714285	0.07142857142857142	0.0
30.0	8.0	14.0	0.14285714285714285	0.14285714285714285	0.07142857142857142	0.0
30.0	9.0	14.0	0.35714285714285715	0.14285714285714285	0.07142857142857142	0.0
30.0	10.0	14.0	0.2857142857142857	0.21428571428571427	0.07142857142857142	0.0
30.0	11.0	14.0	0.2857142857142857	0.0	0.0	0.0
30.0	12.0	14.0	0.21428571428571427	0.0	0.0	0.0
30.0	13.0	14.0	0.5	0.14285714285714285	0.0	0.0
30.0	14.0	14.0	0.2857142857142857	0.21428571428571427	0.0	0.0
30.0	15.0	14.0	0.2857142857142857	0.0	0.0	0.0
30.0	16.0	14.0	0.07142857142857142	0.0	0.0	0.0
30.0	17.0	14.0	0.14285714285714285	0.07142857142857142	0.07142857142857142	0.0
30.0	18.0	13.0	0.23076923076923078	0.0	0.0	0.0
30.0	19.0	13.0	0.15384615384615385	0.0	0.0	0.0
30.0	20.0	12.0	0.16666666666666666	0.16666666666666666	0.0	0.0
30.0	21.0	11.0	0.09090909090909091	0.0	0.0	0.0
30.0	22.0	10.0	0.1	0.1	0.1	0.1
30.0	23.0	8.0	0.0	0.0	0.0	0.0
30.0	24.0	8.0	0.0	0.0	0.0	0.0
30.0	25.0	8.0	0.0	0.0	0.0	0.0
30.0	26.0	5.0	0.0	0.0	0.0	0.0
30.0	27.0	4.0	0.0	0.0	0.0	0.0
30.0	28.0	1.0	NaN	NaN	NaN	NaN
30.0	29.0	1.0	NaN	NaN	NaN	NaN
30.0	30.0	1.0	NaN	NaN	NaN	NaN
30.0	31.0	1.0	NaN	NaN	NaN	NaN
30.0	32.0	1.0	NaN	NaN	NaN	NaN
30.0	33.0	1.0	NaN	NaN	NaN	NaN
30.0	34.0	1.0	NaN	NaN	NaN	NaN
30.0	35.0	1.0	NaN	NaN	NaN	NaN
30.0	36.0	1.0	NaN	NaN	NaN	NaN
31.0	1.0	11.0	0.45454545454545453	0.2727272727272727	0.0	0.0
31.0	2.0	11.0	0.36363636363636365	0.0	0.0	0.0
31.0	3.0	11.0	0.18181818181818182	0.09090909090909091	0.0	0.0
31.0	4.0	11.0	0.6363636363636364	0.18181818181818182	0.0	0.0
31.0	5.0	11.0	0.2727272727272727	0.18181818181818182	0.0	0.0
31.0	6.0	11.0	0.6363636363636364	0.2727272727272727	0.0	0.0
31.0	7.0	11.0	0.2727272727272727	0.09090909090909091	0.0	0.0
31.0	8.0	11.0	0.2727272727272727	0.18181818181818182	0.09090909090909091	0.0
31.0	9.0	11.0	0.2727272727272727	0.0	0.0	0.0
31.0	10.0	11.0	0.18181818181818182	0.18181818181818182	0.0	0.0
31.0	11.0	11.0	0.36363636363636365	0.2727272727272727	0.09090909090909091	0.0
31.0	12.0	11.0	0.36363636363636365	0.0	0.0	0.0
31.0	13.0	11.0	0.2727272727272727	0.09090909090909091	0.0	0.0
31.0	14.0	11.0	0.36363636363636365	0.18181818181818182	0.0	0.0
31.0	15.0	11.0	0.36363636363636365	0.18181818181818182	0.0	0.0
31.0	16.0	11.0	0.36363636363636365	0.0	0.0	0.0
31.0	17.0	11.0	0.45454545454545453	0.09090909090909091	0.0	0.0
31.0	18.0	11.0	0.36363636363636365	0.09090909090909091	0.0	0.0
31.0	19.0	10.0	0.1	0.0	0.0	0.0
31.0	20.0	9.0	0.3333333333333333	0.1111111111111111	0.0	0.0
31.0	21.0	8.0	0.125	0.0	0.0	0.0
31.0	22.0	6.0	0.16666666666666666	0.0	0.0	0.0
31.0	23.0	4.0	0.0	0.0	0.0	0.0
31.0	24.0	3.0	0.0	0.0	0.0	0.0
31.0	25.0	3.0	0.0	0.0	0.0	0.0
31.0	26.0	3.0	0.0	0.0	0.0	0.0
31.0	27.0	2.0	0.0	0.0	0.0	0.0
31.0	28.0	2.0	0.0	0.0	0.0	0.0
31.0	29.0	2.0	0.0	0.0	0.0	0.0
31.0	30.0	2.0	0.0	0.0	0.0	0.0
31.0	31.0	2.0	0.0	0.0	0.0	0.0
31.0	32.0	2.0	0.0	0.0	0.0	0.0
31.0	33.0	2.0	0.0	0.0	0.0	0.0
31.0	34.0	1.0	NaN	NaN	NaN	NaN
31.0	35.0	1.0	NaN	NaN	NaN	NaN
31.0	36.0	1.0	NaN	NaN	NaN	NaN
31.0	37.0	1.0	NaN	NaN	NaN	NaN
31.0	38.0	1.0	NaN	NaN	NaN	NaN
31.0	39.0	1.0	NaN	NaN	NaN	NaN
31.0	40.0	1.0	NaN	NaN	NaN	NaN
32.0	1.0	9.0	0.6666666666666666	0.4444444444444444	0.0	0.0
32.0	2.0	9.0	0.6666666666666666	0.2222222222222222	0.0	0.0
32.0	3.0	9.0	0.6666666666666666	0.2222222222222222	0.0	0.0
32.0	4.0	9.0	0.7777777777777778	0.2222222222222222	0.0	0.0
32.0	5.0	9.0	0.7777777777777778	0.3333333333333333	0.2222222222222222	0.0
32.0	6.0	9.0	0.6666666666666666	0.1111111111111111	0.0	0.0
32.0	7.0	9.0	1.0	0.1111111111111111	0.0	0.0
32.0	8.0	9.0	0.5555555555555556	0.3333333333333333	0.1111111111111111	0.0
32.0	9.0	9.0	0.5555555555555556	0.2222222222222222	0.0	0.0
32.0	10.0	9.0	0.6666666666666666	0.5555555555555556	0.0	0.0
32.0	11.0	9.0	0.5555555555555556	0.1111111111111111	0.0	0.0
32.0	12.0	9.0	0.7777777777777778	0.3333333333333333	0.1111111111111111	0.0
32.0	13.0	9.0	0.5555555555555556	0.3333333333333333	0.2222222222222222	0.0
32.0	14.0	9.0	0.5555555555555556	0.2222222222222222	0.1111111111111111	0.0
32.0	15.0	9.0	0.7777777777777778	0.4444444444444444	0.1111111111111111	0.0
32.0	16.0	8.0	0.875	0.125	0.0	0.0
32.0	17.0	8.0	0.625	0.0	0.0	0.0
32.0	18.0	7.0	0.5714285714285714	0.2857142857142857	0.0	0.0
32.0	19.0	6.0	0.5	0.0	0.0	0.0
32.0	20.0	4.0	0.5	0.0	0.0	0.0
32.0	21.0	3.0	0.3333333333333333	0.0	0.0	0.0
32.0	22.0	3.0	0.6666666666666666	0.3333333333333333	0.0	0.0
32.0	23.0	1.0	NaN	NaN	NaN	NaN
32.0	24.0	1.0	NaN	NaN	NaN	NaN
33.0	1.0	6.0	0.3333333333333333	0.3333333333333333	0.0	0.0
33.0	2.0	6.0	0.6666666666666666	0.3333333333333333	0.0	0.0
33.0	3.0	6.0	0.6666666666666666	0.5	0.0	0.0
33.0	4.0	6.0	0.6666666666666666	0.5	0.16666666666666666	0.0
33.0	5.0	6.0	0.8333333333333334	0.3333333333333333	0.0	0.0
33.0	6.0	6.0	0.5	0.3333333333333333	0.16666666666666666	0.0
33.0	7.0	6.0	0.6666666666666666	0.16666666666666666	0.0	0.0
33.0	8.0	6.0	0.5	0.5	0.0	0.0
33.0	9.0	6.0	0.6666666666666666	0.16666666666666666	0.16666666666666666	0.0
33.0	10.0	6.0	0.6666666666666666	0.16666666666666666	0.0	0.0
33.0	11.0	6.0	0.6666666666666666	0.16666666666666666	0.0	0.0
33.0	12.0	6.0	0.6666666666666666	0.5	0.3333333333333333	0.0
33.0	13.0	6.0	0.5	0.3333333333333333	0.16666666666666666	0.0
33.0	14.0	6.0	0.5	0.16666666666666666	0.0	0.0
33.0	15.0	6.0	0.5	0.16666666666666666	0.0	0.0
33.0	16.0	6.0	0.6666666666666666	0.3333333333333333	0.3333333333333333	0.0
33.0	17.0	6.0	0.6666666666666666	0.16666666666666666	0.16666666666666666	0.0
33.0	18.0	5.0	0.2	0.0	0.0	0.0
33.0	19.0	4.0	0.5	0.25	0.0	0.0
33.0	20.0	3.0	0.0	0.0	0.0	0.0
33.0	21.0	2.0	0.0	0.0	0.0	0.0
33.0	22.0	2.0	0.5	0.0	0.0	0.0
33.0	23.0	1.0	NaN	NaN	NaN	NaN
33.0	24.0	1.0	NaN	NaN	NaN	NaN
33.0	25.0	1.0	NaN	NaN	NaN	NaN
34.0	1.0	3.0	1.0	0.6666666666666666	0.3333333333333333	0.3333333333333333
34.0	2.0	3.0	0.0	0.0	0.0	0.0
34.0	3.0	3.0	0.3333333333333333	0.3333333333333333	0.3333333333333333	0.0
34.0	4.0	3.0	0.3333333333333333	0.0	0.0	0.0
34.0	5.0	3.0	0.3333333333333333	0.0	0.0	0.0
34.0	6.0	3.0	0.6666666666666666	0.6666666666666666	0.0	0.0
34.0	7.0	3.0	0.3333333333333333	0.0	0.0	0.0
34.0	8.0	3.0	0.6666666666666666	0.3333333333333333	0.0	0.0
34.0	9.0	3.0	0.3333333333333333	0.0	0.0	0.0
34.0	10.0	3.0	0.6666666666666666	0.0	0.0	0.0
34.0	11.0	3.0	0.3333333333333333	0.0	0.0	0.0
34.0	12.0	3.0	0.6666666666666666	0.3333333333333333	0.0	0.0
34.0	13.0	3.0	1.0	1.0	0.0	0.0
34.0	14.0	3.0	0.3333333333333333	0.0	0.0	0.0
34.0	15.0	3.0	0.3333333333333333	0.3333333333333333	0.0	0.0
34.0	16.0	3.0	0.3333333333333333	0.3333333333333333	0.0	0.0
34.0	17.0	2.0	0.0	0.0	0.0	0.0
34.0	18.0	2.0	0.0	0.0	0.0	0.0
34.0	19.0	2.0	1.0	0.0	0.0	0.0
34.0	20.0	2.0	0.0	0.0	0.0	0.0
34.0	21.0	2.0	0.5	0.0	0.0	0.0
34.0	22.0	2.0	0.5	0.0	0.0	0.0
34.0	23.0	1.0	NaN	NaN	NaN	NaN
34.0	24.0	1.0	NaN	NaN	NaN	NaN
35.0	1.0	3.0	0.6666666666666666	0.6666666666666666	0.0	0.0
35.0	2.0	3.0	1.0	0.6666666666666666	0.0	0.0
35.0	3.0	3.0	0.3333333333333333	0.0	0.0	0.0
35.0	4.0	3.0	1.0	0.3333333333333333	0.0	0.0
35.0	5.0	3.0	0.3333333333333333	0.0	0.0	0.0
35.0	6.0	3.0	1.0	0.3333333333333333	0.0	0.0
35.0	7.0	3.0	0.6666666666666666	0.0	0.0	0.0
35.0	8.0	3.0	0.6666666666666666	0.3333333333333333	0.0	0.0
35.0	9.0	3.0	0.6666666666666666	0.0	0.0	0.0
35.0	10.0	3.0	1.0	0.0	0.0	0.0
35.0	11.0	3.0	0.6666666666666666	0.3333333333333333	0.0	0.0
35.0	12.0	3.0	0.6666666666666666	0.3333333333333333	0.0	0.0
35.0	13.0	3.0	0.3333333333333333	0.3333333333333333	0.0	0.0
35.0	14.0	3.0	0.6666666666666666	0.0	0.0	0.0
35.0	15.0	3.0	0.0	0.0	0.0	0.0
35.0	16.0	3.0	0.6666666666666666	0.0	0.0	0.0
35.0	17.0	3.0	0.3333333333333333	0.0	0.0	0.0
35.0	18.0	3.0	1.0	0.3333333333333333	0.0	0.0
35.0	19.0	2.0	0.5	0.0	0.0	0.0
35.0	20.0	2.0	0.5	0.5	0.0	0.0
35.0	21.0	1.0	NaN	NaN	NaN	NaN
36.0	1.0	3.0	0.3333333333333333	0.3333333333333333	0.0	0.0
36.0	2.0	3.0	0.3333333333333333	0.3333333333333333	0.0	0.0
36.0	3.0	3.0	0.6666666666666666	0.3333333333333333	0.0	0.0
36.0	4.0	3.0	0.3333333333333333	0.3333333333333333	0.0	0.0
36.0	5.0	3.0	0.3333333333333333	0.3333333333333333	0.0	0.0
36.0	6.0	3.0	0.3333333333333333	0.0	0.0	0.0
36.0	7.0	3.0	0.3333333333333333	0.0	0.0	0.0
36.0	8.0	3.0	0.3333333333333333	0.3333333333333333	0.0	0.0
36.0	9.0	3.0	0.3333333333333333	0.3333333333333333	0.0	0.0
36.0	10.0	3.0	0.3333333333333333	0.3333333333333333	0.0	0.0
36.0	11.0	3.0	0.3333333333333333	0.3333333333333333	0.0	0.0
36.0	12.0	3.0	0.3333333333333333	0.0	0.0	0.0
36.0	13.0	3.0	0.3333333333333333	0.3333333333333333	0.0	0.0
36.0	14.0	3.0	0.3333333333333333	0.3333333333333333	0.0	0.0
36.0	15.0	3.0	0.3333333333333333	0.0	0.0	0.0
36.0	16.0	3.0	0.3333333333333333	0.3333333333333333	0.0	0.0
36.0	17.0	2.0	0.0	0.0	0.0	0.0
36.0	18.0	2.0	0.0	0.0	0.0	0.0
36.0	19.0	2.0	0.0	0.0	0.0	0.0
36.0	20.0	2.0	0.0	0.0	0.0	0.0
36.0	21.0	2.0	0.0	0.0	0.0	0.0
36.0	22.0	2.0	0.0	0.0	0.0	0.0
36.0	23.0	2.0	0.0	0.0	0.0	0.0
36.0	24.0	2.0	0.0	0.0	0.0	0.0
36.0	25.0	2.0	0.0	0.0	0.0	0.0
36.0	26.0	2.0	0.0	0.0	0.0	0.0
36.0	27.0	2.0	0.0	0.0	0.0	0.0
36.0	28.0	1.0	NaN	NaN	NaN	NaN
37.0	1.0	3.0	0.3333333333333333	0.0	0.0	0.0
37.0	2.0	3.0	0.0	0.0	0.0	0.0
37.0	3.0	3.0	0.0	0.0	0.0	0.0
37.0	4.0	3.0	0.3333333333333333	0.3333333333333333	0.0	0.0
37.0	5.0	3.0	0.0	0.0	0.0	0.0
37.0	6.0	3.0	0.3333333333333333	0.0	0.0	0.0
37.0	7.0	3.0	0.0	0.0	0.0	0.0
37.0	8.0	3.0	0.0	0.0	0.0	0.0
37.0	9.0	3.0	0.3333333333333333	0.3333333333333333	0.0	0.0
37.0	10.0	3.0	0.3333333333333333	0.0	0.0	0.0
37.0	11.0	3.0	0.0	0.0	0.0	0.0
37.0	12.0	3.0	0.3333333333333333	0.0	0.0	0.0
37.0	13.0	3.0	0.3333333333333333	0.3333333333333333	0.0	0.0
37.0	14.0	3.0	0.3333333333333333	0.0	0.0	0.0
37.0	15.0	3.0	0.0	0.0	0.0	0.0
37.0	16.0	3.0	0.3333333333333333	0.3333333333333333	0.0	0.0
37.0	17.0	3.0	0.3333333333333333	0.0	0.0	0.0
37.0	18.0	3.0	0.0	0.0	0.0	0.0
37.0	19.0	3.0	0.0	0.0	0.0	0.0
37.0	20.0	3.0	0.0	0.0	0.0	0.0
37.0	21.0	3.0	0.3333333333333333	0.0	0.0	0.0
37.0	22.0	3.0	0.3333333333333333	0.0	0.0	0.0
37.0	23.0	1.0	NaN	NaN	NaN	NaN
37.0	24.0	1.0	NaN	NaN	NaN	NaN
37.0	25.0	1.0	NaN	NaN	NaN	NaN
38.0	1.0	3.0	1.0	0.0	0.0	0.0
38.0	2.0	3.0	1.0	0.3333333333333333	0.0	0.0
38.0	3.0	3.0	0.6666666666666666	0.0	0.0	0.0
38.0	4.0	3.0	0.6666666666666666	0.3333333333333333	0.0	0.0
38.0	5.0	3.0	0.6666666666666666	0.3333333333333333	0.0	0.0
38.0	6.0	3.0	0.3333333333333333	0.0	0.0	0.0
38.0	7.0	3.0	0.3333333333333333	0.3333333333333333	0.0	0.0
38.0	8.0	3.0	0.6666666666666666	0.3333333333333333	0.0	0.0
38.0	9.0	3.0	0.6666666666666666	0.0	0.0	0.0
38.0	10.0	3.0	0.3333333333333333	0.0	0.0	0.0
38.0	11.0	3.0	0.3333333333333333	0.0	0.0	0.0
38.0	12.0	3.0	0.6666666666666666	0.3333333333333333	0.0	0.0
38.0	13.0	3.0	0.6666666666666666	0.3333333333333333	0.0	0.0
38.0	14.0	3.0	0.0	0.0	0.0	0.0
38.0	15.0	3.0	0.3333333333333333	0.0	0.0	0.0
38.0	16.0	3.0	0.0	0.0	0.0	0.0
38.0	17.0	3.0	0.6666666666666666	0.3333333333333333	0.0	0.0
38.0	18.0	3.0	0.6666666666666666	0.0	0.0	0.0
38.0	19.0	3.0	0.0	0.0	0.0	0.0
38.0	20.0	2.0	0.0	0.0	0.0	0.0
38.0	21.0	2.0	0.5	0.0	0.0	0.0
38.0	22.0	1.0	NaN	NaN	NaN	NaN
38.0	23.0	1.0	NaN	NaN	NaN	NaN
38.0	24.0	1.0	NaN	NaN	NaN	NaN
39.0	1.0	3.0	0.0	0.0	0.0	0.0
39.0	2.0	3.0	0.0	0.0	0.0	0.0
39.0	3.0	3.0	0.3333333333333333	0.0	0.0	0.0
39.0	4.0	3.0	0.0	0.0	0.0	0.0
39.0	5.0	3.0	0.0	0.0	0.0	0.0
39.0	6.0	3.0	0.3333333333333333	0.0	0.0	0.0
39.0	7.0	3.0	0.0	0.0	0.0	0.0
39.0	8.0	3.0	0.0	0.0	0.0	0.0
39.0	9.0	3.0	0.0	0.0	0.0	0.0
39.0	10.0	3.0	0.0	0.0	0.0	0.0
39.0	11.0	3.0	0.0	0.0	0.0	0.0
39.0	12.0	3.0	0.0	0.0	0.0	0.0
39.0	13.0	3.0	0.0	0.0	0.0	0.0
39.0	14.0	3.0	0.0	0.0	0.0	0.0
39.0	15.0	3.0	0.0	0.0	0.0	0.0
39.0	16.0	3.0	0.0	0.0	0.0	0.0
39.0	17.0	3.0	0.0	0.0	0.0	0.0
39.0	18.0	3.0	0.0	0.0	0.0	0.0
39.0	19.0	3.0	0.0	0.0	0.0	0.0
39.0	20.0	3.0	0.6666666666666666	0.0	0.0	0.0
39.0	21.0	3.0	0.3333333333333333	0.0	0.0	0.0
39.0	22.0	3.0	0.0	0.0	0.0	0.0
39.0	23.0	3.0	0.0	0.0	0.0	0.0
39.0	24.0	3.0	0.0	0.0	0.0	0.0
39.0	25.0	3.0	0.0	0.0	0.0	0.0
39.0	26.0	3.0	0.0	0.0	0.0	0.0
39.0	27.0	3.0	0.0	0.0	0.0	0.0
39.0	28.0	2.0	0.0	0.0	0.0	0.0
39.0	29.0	1.0	NaN	NaN	NaN	NaN
39.0	30.0	1.0	NaN	NaN	NaN	NaN
39.0	31.0	1.0	NaN	NaN	NaN	NaN
39.0	32.0	1.0	NaN	NaN	NaN	NaN
39.0	33.0	1.0	NaN	NaN	NaN	NaN
40.0	1.0	2.0	0.5	0.0	0.0	0.0
40.0	2.0	2.0	0.0	0.0	0.0	0.0
40.0	3.0	2.0	0.5	0.0	0.0	0.0
40.0	4.0	2.0	0.5	0.0	0.0	0.0
40.0	5.0	2.0	0.5	0.0	0.0	0.0
40.0	6.0	2.0	1.0	0.0	0.0	0.0
40.0	7.0	2.0	0.5	0.5	0.0	0.0
40.0	8.0	2.0	1.0	0.0	0.0	0.0
40.0	9.0	2.0	0.5	0.5	0.0	0.0
40.0	10.0	2.0	0.5	0.0	0.0	0.0
40.0	11.0	2.0	1.0	0.0	0.0	0.0
40.0	12.0	2.0	0.5	0.0	0.0	0.0
40.0	13.0	2.0	0.5	0.0	0.0	0.0
40.0	14.0	2.0	0.5	0.0	0.0	0.0
40.0	15.0	2.0	0.5	0.0	0.0	0.0
40.0	16.0	2.0	0.0	0.0	0.0	0.0
40.0	17.0	2.0	0.5	0.0	0.0	0.0
40.0	18.0	2.0	0.0	0.0	0.0	0.0
40.0	19.0	1.0	NaN	NaN	NaN	NaN
40.0	20.0	1.0	NaN	NaN	NaN	NaN
40.0	21.0	1.0	NaN	NaN	NaN	NaN
40.0	22.0	1.0	NaN	NaN	NaN	NaN
40.0	23.0	1.0	NaN	NaN	NaN	NaN
40.0	24.0	1.0	NaN	NaN	NaN	NaN
41.0	1.0	1.0	NaN	NaN	NaN	NaN
41.0	2.0	1.0	NaN	NaN	NaN	NaN
41.0	3.0	1.0	NaN	NaN	NaN	NaN
41.0	4.0	1.0	NaN	NaN	NaN	NaN
41.0	5.0	1.0	NaN	NaN	NaN	NaN
41.0	6.0	1.0	NaN	NaN	NaN	NaN
41.0	7.0	1.0	NaN	NaN	NaN	NaN
41.0	8.0	1.0	NaN	NaN	NaN	NaN
41.0	9.0	1.0	NaN	NaN	NaN	NaN
41.0	10.0	1.0	NaN	NaN	NaN	NaN
41.0	11.0	1.0	NaN	NaN	NaN	NaN
41.0	12.0	1.0	NaN	NaN	NaN	NaN
41.0	13.0	1.0	NaN	NaN	NaN	NaN
41.0	14.0	1.0	NaN	NaN	NaN	NaN
41.0	15.0	1.0	NaN	NaN	NaN	NaN
41.0	16.0	1.0	NaN	NaN	NaN	NaN
41.0	17.0	1.0	NaN	NaN	NaN	NaN
41.0	18.0	1.0	NaN	NaN	NaN	NaN
41.0	19.0	1.0	NaN	NaN	NaN	NaN
41.0	20.0	1.0	NaN	NaN	NaN	NaN
41.0	21.0	1.0	NaN	NaN	NaN	NaN
42.0	1.0	1.0	NaN	NaN	NaN	NaN
42.0	2.0	1.0	NaN	NaN	NaN	NaN
42.0	3.0	1.0	NaN	NaN	NaN	NaN
42.0	4.0	1.0	NaN	NaN	NaN	NaN
42.0	5.0	1.0	NaN	NaN	NaN	NaN
42.0	6.0	1.0	NaN	NaN	NaN	NaN
42.0	7.0	1.0	NaN	NaN	NaN	NaN
42.0	8.0	1.0	NaN	NaN	NaN	NaN
42.0	9.0	1.0	NaN	NaN	NaN	NaN
42.0	10.0	1.0	NaN	NaN	NaN	NaN
42.0	11.0	1.0	NaN	NaN	NaN	NaN
42.0	12.0	1.0	NaN	NaN	NaN	NaN
42.0	13.0	1.0	NaN	NaN	NaN	NaN
42.0	14.0	1.0	NaN	NaN	NaN	NaN
42.0	15.0	1.0	NaN	NaN	NaN	NaN
42.0	16.0	1.0	NaN	NaN	NaN	NaN
42.0	17.0	1.0	NaN	NaN	NaN	NaN
42.0	18.0	1.0	NaN	NaN	NaN	NaN
42.0	19.0	1.0	NaN	NaN	NaN	NaN
43.0	1.0	1.0	NaN	NaN	NaN	NaN
43.0	2.0	1.0	NaN	NaN	NaN	NaN
43.0	3.0	1.0	NaN	NaN	NaN	NaN
43.0	4.0	1.0	NaN	NaN	NaN	NaN
43.0	5.0	1.0	NaN	NaN	NaN	NaN
43.0	6.0	1.0	NaN	NaN	NaN	NaN
43.0	7.0	1.0	NaN	NaN	NaN	NaN
43.0	8.0	1.0	NaN	NaN	NaN	NaN
43.0	9.0	1.0	NaN	NaN	NaN	NaN
43.0	10.0	1.0	NaN	NaN	NaN	NaN
43.0	11.0	1.0	NaN	NaN	NaN	NaN
43.0	12.0	1.0	NaN	NaN	NaN	NaN
43.0	13.0	1.0	NaN	NaN	NaN	NaN
43.0	14.0	1.0	NaN	NaN	NaN	NaN
43.0	15.0	1.0	NaN	NaN	NaN	NaN
43.0	16.0	1.0	NaN	NaN	NaN	NaN
43.0	17.0	1.0	NaN	NaN	NaN	NaN
43.0	18.0	1.0	NaN	NaN	NaN	NaN
43.0	19.0	1.0	NaN	NaN	NaN	NaN
44.0	1.0	1.0	NaN	NaN	NaN	NaN
44.0	2.0	1.0	NaN	NaN	NaN	NaN
44.0	3.0	1.0	NaN	NaN	NaN	NaN
44.0	4.0	1.0	NaN	NaN	NaN	NaN
44.0	5.0	1.0	NaN	NaN	NaN	NaN
44.0	6.0	1.0	NaN	NaN	NaN	NaN
44.0	7.0	1.0	NaN	NaN	NaN	NaN
44.0	8.0	1.0	NaN	NaN	NaN	NaN
44.0	9.0	1.0	NaN	NaN	NaN	NaN
44.0	10.0	1.0	NaN	NaN	NaN	NaN
44.0	11.0	1.0	NaN	NaN	NaN	NaN
44.0	12.0	1.0	NaN	NaN	NaN	NaN
44.0	13.0	1.0	NaN	NaN	NaN	NaN
44.0	14.0	1.0	NaN	NaN	NaN	NaN
44.0	15.0	1.0	NaN	NaN	NaN	NaN
44.0	16.0	1.0	NaN	NaN	NaN	NaN
44.0	17.0	1.0	NaN	NaN	NaN	NaN
44.0	18.0	1.0	NaN	NaN	NaN	NaN
44.0	19.0	1.0	NaN	NaN	NaN	NaN
44.0	20.0	1.0	NaN	NaN	NaN	NaN
44.0	21.0	1.0	NaN	NaN	NaN	NaN
44.0	22.0	1.0	NaN	NaN	NaN	NaN
44.0	23.0	1.0	NaN	NaN	NaN	NaN
45.0	1.0	1.0	NaN	NaN	NaN	NaN
45.0	2.0	1.0	NaN	NaN	NaN	NaN
45.0	3.0	1.0	NaN	NaN	NaN	NaN
45.0	4.0	1.0	NaN	NaN	NaN	NaN
45.0	5.0	1.0	NaN	NaN	NaN	NaN
45.0	6.0	1.0	NaN	NaN	NaN	NaN
45.0	7.0	1.0	NaN	NaN	NaN	NaN
45.0	8.0	1.0	NaN	NaN	NaN	NaN
45.0	9.0	1.0	NaN	NaN	NaN	NaN
45.0	10.0	1.0	NaN	NaN	NaN	NaN
45.0	11.0	1.0	NaN	NaN	NaN	NaN
45.0	12.0	1.0	NaN	NaN	NaN	NaN
45.0	13.0	1.0	NaN	NaN	NaN	NaN
45.0	14.0	1.0	NaN	NaN	NaN	NaN
45.0	15.0	1.0	NaN	NaN	NaN	NaN
45.0	16.0	1.0	NaN	NaN	NaN	NaN
45.0	17.0	1.0	NaN	NaN	NaN	NaN
45.0	18.0	1.0	NaN	NaN	NaN	NaN
45.0	19.0	1.0	NaN	NaN	NaN	NaN
