# =============================================
# POPULATIONS
# =============================================
# Q 2.5526 
# s 0.637 
# g 1.05 
# k1 variation 0.005 
# k2 variation 0.005 
# maximal time 1000.0 
# maximal generation 3 
# start with 5 cells 
# =============================================
# size(1)	alive(2)	time(3)	k1(4)	k2(5)	R(6)	re(7)	rls(8)	±(9)	rej(10)	±(11)	gen(12)	±(13)	growthCycle(14)	±(15)	growth(16)	±(17)	lifetime(18)	±(19)	health(20,22,24,26)	±(21,23,25,27)	initState(28,30)	±(29,31)	rejFrac(32)
9260	0	119.8655	0.4000	0.0244	1000.0000	0.0000	11.5539	4.7931	-0.2284	0.6071	1.6115	0.1572	1.6011	0.0893	3.1709	0.2849	24.4942	6.6933	0.3479	0.1421	0.6004	0.1880	0.5722	0.1542	0.5441	0.1217	0.3630	0.0000	0.1745	0.0217	0.3287
12387	0	126.4044	0.4000	0.0275	1000.0000	0.0100	12.6332	4.7141	-0.1469	0.5164	1.6043	0.1114	1.6046	0.0109	3.2046	0.2403	26.1407	6.5738	0.3629	0.1256	0.6241	0.1586	0.5901	0.1332	0.5561	0.1087	0.3674	0.0006	0.1720	0.0225	0.3616
19468	0	139.0179	0.4000	0.0313	1000.0000	0.0200	14.8516	5.1232	-0.1007	0.4643	1.5891	0.0924	1.6012	0.0085	3.2384	0.2524	29.5173	7.2006	0.3800	0.1082	0.6462	0.1290	0.6086	0.1114	0.5709	0.0944	0.3718	0.0012	0.1693	0.0232	0.3811
16414	0	123.4861	0.4000	0.0338	1000.0000	0.0300	14.4764	4.2833	-0.0929	0.4060	1.5953	0.0838	1.6032	0.0076	3.2557	0.2648	29.0742	6.0230	0.3739	0.0941	0.6473	0.1071	0.6067	0.0936	0.5662	0.0807	0.3762	0.0019	0.1672	0.0241	0.3789
27655	0	165.1477	0.4000	0.0375	1000.0000	0.0400	16.6328	4.8168	-0.0735	0.4050	1.5934	0.0709	1.6007	0.0068	3.2863	0.2758	32.5133	6.9127	0.3750	0.0793	0.6513	0.0845	0.6100	0.0758	0.5686	0.0676	0.3806	0.0026	0.1653	0.0246	0.3956
29190	0	159.9217	0.4000	0.0406	1000.0000	0.0500	17.5624	4.7162	-0.0696	0.3818	1.6009	0.0636	1.6005	0.0064	3.3066	0.2870	34.1575	6.8747	0.3665	0.0675	0.6466	0.0693	0.6045	0.0630	0.5624	0.0571	0.3850	0.0034	0.1638	0.0252	0.3935
33573	0	180.2618	0.4000	0.0431	1000.0000	0.0600	17.1322	4.1349	-0.0549	0.3436	1.6140	0.0605	1.6024	0.0062	3.3212	0.3011	33.7217	6.0756	0.3531	0.0598	0.6376	0.0608	0.5942	0.0554	0.5507	0.0504	0.3894	0.0042	0.1622	0.0261	0.3995
29143	0	157.0306	0.4000	0.0462	1000.0000	0.0700	18.1454	4.2972	-0.0532	0.3643	1.6259	0.0547	1.6019	0.0061	3.3401	0.3130	35.5936	6.4591	0.3395	0.0515	0.6267	0.0520	0.5833	0.0477	0.5399	0.0437	0.3939	0.0051	0.1610	0.0266	0.4112
29021	0	158.4331	0.4000	0.0488	1000.0000	0.0800	17.9663	3.8844	-0.0374	0.3009	1.6418	0.0530	1.6034	0.0060	3.3580	0.3268	35.6057	5.9042	0.3252	0.0463	0.6157	0.0472	0.5714	0.0432	0.5271	0.0396	0.3984	0.0061	0.1594	0.0273	0.4059
31317	0	150.2106	0.4000	0.0512	1000.0000	0.0900	17.8469	3.5605	-0.0378	0.2845	1.6584	0.0514	1.6047	0.0059	3.3703	0.3379	35.7224	5.4969	0.3109	0.0425	0.6039	0.0439	0.5590	0.0400	0.5141	0.0365	0.4029	0.0071	0.1582	0.0280	0.4028
43480	0	186.9658	0.4000	0.0550	1000.0000	0.1000	20.5296	4.4706	-0.0517	0.3269	1.6768	0.0442	1.6016	0.0059	3.3872	0.3450	40.5652	7.1604	0.2876	0.0348	0.5810	0.0373	0.5380	0.0338	0.4949	0.0307	0.4078	0.0080	0.1579	0.0281	0.4072
38175	0	169.3001	0.4000	0.0569	1000.0000	0.1100	19.2346	3.7699	-0.0386	0.2809	1.6962	0.0460	1.6046	0.0059	3.3996	0.3592	38.7753	6.0973	0.2763	0.0343	0.5722	0.0374	0.5276	0.0337	0.4829	0.0304	0.4123	0.0091	0.1563	0.0289	0.4009
42476	0	161.6553	0.4000	0.0594	1000.0000	0.1200	19.4163	3.6671	-0.0341	0.2710	1.7174	0.0447	1.6053	0.0059	3.4119	0.3723	39.5046	6.0419	0.2602	0.0318	0.5571	0.0359	0.5122	0.0322	0.4674	0.0287	0.4171	0.0103	0.1553	0.0295	0.4055
47463	0	202.6549	0.4000	0.0625	1000.0000	0.1300	21.2075	4.2849	-0.0370	0.2941	1.7429	0.0410	1.6035	0.0060	3.4233	0.3790	43.1347	7.2775	0.2363	0.0286	0.5317	0.0339	0.4883	0.0301	0.4448	0.0266	0.4221	0.0113	0.1551	0.0296	0.4121
40348	0	204.0847	0.4000	0.0644	1000.0000	0.1400	20.2419	3.7270	-0.0453	0.2727	1.7651	0.0422	1.6059	0.0060	3.4347	0.3951	41.9113	6.4246	0.2265	0.0281	0.5228	0.0341	0.4783	0.0302	0.4337	0.0267	0.4269	0.0126	0.1537	0.0304	0.3952
47549	0	196.7733	0.4000	0.0669	1000.0000	0.1500	20.8894	3.8968	-0.0408	0.2735	1.7921	0.0412	1.6058	0.0060	3.4439	0.4040	43.6294	6.8884	0.2088	0.0270	0.5032	0.0341	0.4592	0.0301	0.4152	0.0264	0.4320	0.0139	0.1532	0.0307	0.3974
44518	0	178.1459	0.4000	0.0688	1000.0000	0.1600	20.2315	3.4750	-0.0357	0.2572	1.8157	0.0425	1.6077	0.0060	3.4540	0.4169	42.9357	6.2647	0.1997	0.0266	0.4942	0.0343	0.4494	0.0304	0.4046	0.0267	0.4368	0.0152	0.1518	0.0313	0.4036
47856	0	211.7208	0.4000	0.0712	1000.0000	0.1700	21.1946	3.7975	-0.0387	0.2635	1.8473	0.0409	1.6070	0.0061	3.4613	0.4267	45.3637	7.0259	0.1810	0.0254	0.4717	0.0345	0.4279	0.0305	0.3841	0.0266	0.4422	0.0165	0.1515	0.0316	0.3988
47934	0	194.5470	0.4000	0.0731	1000.0000	0.1800	20.8426	3.5705	-0.0282	0.2505	1.8748	0.0417	1.6084	0.0061	3.4714	0.4416	45.2922	6.7407	0.1714	0.0249	0.4609	0.0346	0.4166	0.0306	0.3723	0.0267	0.4473	0.0180	0.1504	0.0322	0.4110
52719	0	201.2693	0.4000	0.0750	1000.0000	0.1900	20.6403	3.4601	-0.0312	0.2485	1.9038	0.0425	1.6096	0.0062	3.4791	0.4528	45.5203	6.6888	0.1616	0.0244	0.4493	0.0350	0.4048	0.0309	0.3602	0.0270	0.4525	0.0195	0.1495	0.0326	0.4078
66021	0	260.1400	0.4000	0.0775	1000.0000	0.2000	22.1320	4.0281	-0.0345	0.2692	1.9448	0.0411	1.6079	0.0063	3.4810	0.4588	49.2798	8.0505	0.1415	0.0237	0.4217	0.0365	0.3787	0.0322	0.3357	0.0281	0.4585	0.0208	0.1497	0.0326	0.4100
43844	0	199.4411	0.4000	0.0788	1000.0000	0.2100	20.7227	3.3770	-0.0251	0.2353	1.9683	0.0434	1.6112	0.0063	3.4950	0.4783	47.0263	6.8518	0.1410	0.0230	0.4230	0.0354	0.3784	0.0312	0.3337	0.0272	0.4633	0.0226	0.1477	0.0333	0.4101
48079	0	247.0778	0.4000	0.0806	1000.0000	0.2200	20.9861	3.4905	-0.0342	0.2482	2.0047	0.0445	1.6115	0.0064	3.4982	0.4879	48.3188	7.2962	0.1302	0.0226	0.4081	0.0362	0.3637	0.0320	0.3192	0.0278	0.4690	0.0242	0.1473	0.0336	0.4037
50993	0	237.2023	0.4000	0.0825	1000.0000	0.2300	21.4212	3.6307	-0.0271	0.2561	2.0444	0.0451	1.6115	0.0065	3.5027	0.4993	50.0463	7.7996	0.1188	0.0219	0.3916	0.0368	0.3476	0.0325	0.3036	0.0282	0.4749	0.0259	0.1467	0.0339	0.4166
58473	0	256.9205	0.4000	0.0844	1000.0000	0.2400	22.1083	3.8965	-0.0317	0.2663	2.0884	0.0459	1.6111	0.0066	3.5029	0.5068	52.4346	8.6454	0.1070	0.0212	0.3731	0.0378	0.3299	0.0333	0.2866	0.0289	0.4811	0.0274	0.1465	0.0340	0.4164
46128	0	236.6858	0.4000	0.0856	1000.0000	0.2500	21.2752	3.5390	-0.0310	0.2477	2.1192	0.0483	1.6134	0.0067	3.5132	0.5232	51.3507	8.0214	0.1047	0.0207	0.3711	0.0371	0.3267	0.0327	0.2823	0.0283	0.4863	0.0293	0.1450	0.0345	0.4037
54786	0	269.8800	0.4000	0.0875	1000.0000	0.2600	22.3321	4.0181	-0.0354	0.2719	2.1721	0.0502	1.6122	0.0069	3.5076	0.5291	54.7861	9.4446	0.0920	0.0200	0.3495	0.0386	0.3062	0.0339	0.2630	0.0294	0.4932	0.0310	0.1452	0.0345	0.4106
55447	0	253.8099	0.4000	0.0887	1000.0000	0.2700	21.8165	3.8269	-0.0265	0.2625	2.2082	0.0525	1.6139	0.0070	3.5163	0.5450	54.4556	9.2236	0.0888	0.0194	0.3452	0.0382	0.3012	0.0336	0.2572	0.0290	0.4988	0.0330	0.1438	0.0349	0.4166
61041	0	304.8605	0.4000	0.0906	1000.0000	0.2800	23.4340	4.6767	-0.0314	0.3040	2.2739	0.0565	1.6118	0.0074	3.5051	0.5483	59.6018	11.7545	0.0751	0.0189	0.3191	0.0407	0.2769	0.0357	0.2347	0.0308	0.5064	0.0345	0.1444	0.0348	0.4277
53393	0	286.4270	0.4000	0.0916	1000.0000	0.2900	22.3069	4.1910	-0.0399	0.2875	2.3052	0.0594	1.6145	0.0074	3.5137	0.5645	57.7261	10.7753	0.0755	0.0185	0.3217	0.0397	0.2780	0.0348	0.2343	0.0299	0.5118	0.0367	0.1428	0.0352	0.4047
50767	0	301.0302	0.4000	0.0922	1000.0000	0.2957	22.0303	4.0635	-0.0262	0.2757	2.3275	0.0611	1.6154	0.0075	3.5195	0.5742	57.5785	10.5970	0.0742	0.0182	0.3200	0.0394	0.2758	0.0345	0.2317	0.0297	0.5150	0.0380	0.1419	0.0354	0.4210
9577	0	125.2193	0.4000	0.0313	0.3183	0.0000	12.6565	5.5504	-0.1481	0.5540	1.5372	0.1385	1.5984	0.0828	3.1658	0.2725	25.0507	7.4885	0.4592	0.1496	0.7015	0.1678	0.6655	0.1408	0.6295	0.1156	0.3630	0.0000	0.1688	0.0207	0.3566
10944	0	126.9917	0.4000	0.0350	0.3183	0.0100	13.2787	5.0019	-0.1470	0.5735	1.5254	0.1000	1.6021	0.0186	3.1947	0.2324	25.8525	6.7193	0.4821	0.1275	0.7283	0.1329	0.6872	0.1147	0.6462	0.0978	0.3673	0.0005	0.1654	0.0212	0.3662
20628	0	138.5408	0.4000	0.0400	0.3183	0.0200	15.7927	5.4838	-0.1260	0.5063	1.5014	0.0792	1.5988	0.0082	3.2299	0.2407	29.3085	7.3812	0.5177	0.1062	0.7593	0.0967	0.7163	0.0879	0.6733	0.0800	0.3714	0.0011	0.1618	0.0216	0.3787
20169	0	132.6852	0.4000	0.0437	0.3183	0.0300	15.9952	4.9843	-0.1084	0.4513	1.4971	0.0698	1.5995	0.0072	3.2482	0.2527	29.5648	6.7125	0.5233	0.0908	0.7670	0.0756	0.7222	0.0710	0.6773	0.0670	0.3756	0.0018	0.1591	0.0222	0.3756
21340	0	140.8625	0.4000	0.0475	0.3183	0.0400	16.1446	4.4359	-0.0722	0.3897	1.4951	0.0618	1.6003	0.0065	3.2638	0.2632	29.7712	5.9805	0.5264	0.0775	0.7717	0.0600	0.7256	0.0579	0.6795	0.0563	0.3797	0.0024	0.1567	0.0228	0.3918
39937	0	174.5558	0.4000	0.0525	0.3183	0.0500	18.3993	5.1163	-0.0866	0.4257	1.4870	0.0522	1.5981	0.0062	3.2883	0.2714	32.9721	7.0088	0.5418	0.0675	0.7817	0.0482	0.7367	0.0483	0.6916	0.0489	0.3837	0.0031	0.1542	0.0230	0.3889
30616	0	151.8891	0.4000	0.0563	0.3183	0.0600	18.3667	4.5871	-0.0567	0.3586	1.4891	0.0478	1.5990	0.0059	3.3001	0.2813	32.9596	6.3107	0.5397	0.0598	0.7814	0.0416	0.7356	0.0422	0.6899	0.0433	0.3878	0.0038	0.1521	0.0236	0.4031
33841	0	144.7597	0.4000	0.0600	0.3183	0.0700	18.5022	4.3206	-0.0493	0.3344	1.4923	0.0443	1.5998	0.0058	3.3142	0.2911	33.2093	5.9900	0.5364	0.0546	0.7801	0.0372	0.7337	0.0382	0.6874	0.0395	0.3918	0.0046	0.1500	0.0240	0.4032
31389	0	142.8756	0.4000	0.0638	0.3183	0.0800	18.5683	4.0285	-0.0512	0.3203	1.4963	0.0415	1.6006	0.0057	3.3269	0.3022	33.3694	5.6246	0.5324	0.0503	0.7780	0.0338	0.7312	0.0350	0.6843	0.0365	0.3959	0.0054	0.1481	0.0245	0.4026
37050	0	149.6281	0.4000	0.0675	0.3183	0.0900	18.7279	3.8433	-0.0483	0.3092	1.5006	0.0392	1.6013	0.0056	3.3388	0.3101	33.6728	5.4132	0.5284	0.0466	0.7758	0.0312	0.7286	0.0324	0.6814	0.0340	0.3999	0.0063	0.1461	0.0248	0.4037
44453	0	163.9213	0.4000	0.0719	0.3183	0.1000	19.8911	4.1626	-0.0292	0.2991	1.5035	0.0356	1.6005	0.0056	3.3509	0.3172	35.4530	5.9451	0.5291	0.0434	0.7756	0.0283	0.7291	0.0300	0.6826	0.0320	0.4039	0.0071	0.1443	0.0249	0.4193
41310	0	157.2697	0.4000	0.0756	0.3183	0.1100	20.0962	4.0093	-0.0303	0.2836	1.5094	0.0341	1.6010	0.0055	3.3625	0.3259	35.8626	5.7712	0.5241	0.0409	0.7725	0.0266	0.7258	0.0283	0.6790	0.0303	0.4080	0.0079	0.1425	0.0252	0.4142
37708	0	142.8276	0.4000	0.0788	0.3183	0.1200	19.3908	3.5329	-0.0293	0.2624	1.5168	0.0337	1.6028	0.0055	3.3725	0.3376	34.9296	5.1216	0.5150	0.0392	0.7676	0.0260	0.7196	0.0273	0.6717	0.0291	0.4119	0.0089	0.1406	0.0256	0.4115
36779	0	144.9938	0.4000	0.0825	0.3183	0.1300	19.6724	3.4791	-0.0322	0.2592	1.5232	0.0325	1.6032	0.0055	3.3812	0.3454	35.4643	5.0875	0.5101	0.0374	0.7643	0.0247	0.7163	0.0261	0.6683	0.0279	0.4160	0.0099	0.1390	0.0259	0.4039
39877	0	145.8784	0.4000	0.0862	0.3183	0.1400	20.0316	3.5010	-0.0291	0.2583	1.5299	0.0311	1.6034	0.0055	3.3903	0.3524	36.1286	5.1766	0.5050	0.0358	0.7608	0.0236	0.7127	0.0251	0.6647	0.0269	0.4201	0.0108	0.1373	0.0259	0.4120
60980	0	217.0483	0.4000	0.0906	0.3183	0.1500	21.4208	3.9136	-0.0285	0.2676	1.5367	0.0287	1.6020	0.0055	3.3986	0.3574	38.3771	5.8577	0.5026	0.0338	0.7580	0.0220	0.7110	0.0237	0.6639	0.0259	0.4243	0.0116	0.1360	0.0258	0.4171
46627	0	157.5831	0.4000	0.0938	0.3183	0.1600	20.8655	3.5748	-0.0358	0.2507	1.5450	0.0288	1.6035	0.0055	3.4067	0.3671	37.6855	5.3917	0.4941	0.0331	0.7530	0.0219	0.7051	0.0234	0.6571	0.0253	0.4283	0.0127	0.1343	0.0261	0.3988
52269	0	172.0777	0.4000	0.0975	0.3183	0.1700	21.3965	3.6866	-0.0268	0.2483	1.5529	0.0277	1.6034	0.0054	3.4141	0.3740	38.6582	5.6216	0.4887	0.0318	0.7491	0.0211	0.7013	0.0226	0.6535	0.0245	0.4324	0.0137	0.1327	0.0262	0.4116
50826	0	180.1974	0.4000	0.1013	0.3183	0.1800	22.0103	3.8259	-0.0228	0.2513	1.5614	0.0264	1.6031	0.0055	3.4210	0.3796	39.7833	5.8967	0.4828	0.0301	0.7446	0.0200	0.6970	0.0215	0.6495	0.0235	0.4366	0.0147	0.1313	0.0261	0.4211
56786	0	172.5720	0.4000	0.1044	0.3183	0.1900	21.6591	3.5905	-0.0269	0.2438	1.5703	0.0267	1.6043	0.0054	3.4293	0.3889	39.4153	5.5771	0.4750	0.0297	0.7397	0.0200	0.6915	0.0213	0.6433	0.0232	0.4406	0.0158	0.1296	0.0263	0.4116
56658	0	169.8343	0.4000	0.1075	0.3183	0.2000	21.3899	3.3837	-0.0197	0.2221	1.5791	0.0266	1.6053	0.0054	3.4355	0.3981	39.1687	5.3013	0.4675	0.0290	0.7350	0.0198	0.6862	0.0211	0.6373	0.0227	0.4447	0.0169	0.1280	0.0265	0.4154
57772	0	190.3814	0.4000	0.1113	0.3183	0.2100	22.1335	3.6037	-0.0311	0.2501	1.5886	0.0255	1.6047	0.0054	3.4404	0.4025	40.5402	5.7061	0.4611	0.0277	0.7299	0.0190	0.6815	0.0202	0.6331	0.0219	0.4489	0.0179	0.1267	0.0264	0.4086
53486	0	160.4319	0.4000	0.1138	0.3183	0.2200	21.0997	3.1411	-0.0243	0.2171	1.5972	0.0267	1.6069	0.0054	3.4493	0.4140	39.0721	5.0095	0.4533	0.0280	0.7256	0.0195	0.6758	0.0206	0.6261	0.0221	0.4528	0.0192	0.1247	0.0267	0.4087
49590	0	172.3973	0.4000	0.1175	0.3183	0.2300	21.9401	3.3993	-0.0169	0.2194	1.6074	0.0256	1.6062	0.0055	3.4550	0.4194	40.6263	5.4850	0.4468	0.0267	0.7203	0.0188	0.6710	0.0198	0.6218	0.0213	0.4571	0.0203	0.1234	0.0266	0.4216
58055	0	216.4969	0.4000	0.1212	0.3183	0.2400	22.8448	3.6815	-0.0185	0.2398	1.6181	0.0245	1.6053	0.0055	3.4575	0.4221	42.3119	6.0005	0.4398	0.0253	0.7144	0.0180	0.6657	0.0189	0.6171	0.0204	0.4615	0.0212	0.1222	0.0264	0.4277
67311	0	191.1048	0.4000	0.1237	0.3183	0.2500	21.9638	3.2613	-0.0212	0.2201	1.6271	0.0253	1.6072	0.0054	3.4650	0.4335	41.0770	5.3588	0.4326	0.0255	0.7102	0.0184	0.6604	0.0192	0.6106	0.0205	0.4655	0.0226	0.1204	0.0266	0.4180
61498	0	199.2661	0.4000	0.1275	0.3183	0.2600	22.9994	3.5909	-0.0244	0.2359	1.6387	0.0244	1.6061	0.0055	3.4675	0.4358	43.0153	5.9600	0.4250	0.0242	0.7037	0.0176	0.6546	0.0183	0.6054	0.0197	0.4699	0.0236	0.1192	0.0263	0.4171
57044	0	172.7351	0.4000	0.1300	0.3183	0.2700	22.1834	3.2503	-0.0246	0.2146	1.6479	0.0251	1.6079	0.0055	3.4754	0.4467	41.8773	5.4413	0.4183	0.0246	0.6997	0.0182	0.6495	0.0188	0.5993	0.0200	0.4739	0.0249	0.1174	0.0264	0.4118
52179	0	189.7457	0.4000	0.1325	0.3183	0.2800	21.5545	2.9716	-0.0209	0.2000	1.6571	0.0258	1.6095	0.0054	3.4821	0.4570	41.0333	5.0209	0.4121	0.0248	0.6960	0.0186	0.6448	0.0191	0.5937	0.0202	0.4778	0.0264	0.1157	0.0266	0.4083
63588	0	183.3018	0.4000	0.1363	0.3183	0.2900	22.6968	3.3407	-0.0192	0.2117	1.6698	0.0246	1.6081	0.0055	3.4836	0.4586	43.2049	5.7045	0.4036	0.0234	0.6884	0.0179	0.6381	0.0183	0.5879	0.0192	0.4824	0.0273	0.1146	0.0262	0.4155
58995	0	181.7395	0.4000	0.1375	0.3183	0.2957	22.1377	3.0847	-0.0186	0.2011	1.6750	0.0251	1.6093	0.0054	3.4886	0.4662	42.3841	5.2942	0.4001	0.0239	0.6865	0.0184	0.6355	0.0187	0.5845	0.0196	0.4847	0.0282	0.1135	0.0264	0.4155
