# RLS IN LINEAGE
# original file "wt_unlimCap_highRe_3gen.txt" 
# mother	daughter	rlsMean	rlsStd
0.0	0.0	23.6	3.977715704047013
0.0	1.0	25.6	3.1692971530679235
0.0	2.0	23.3	5.056349144063003
0.0	3.0	22.8	3.8815804341359033
0.0	4.0	24.3	4.110960958218893
0.0	5.0	21.1	3.4140233677518315
0.0	6.0	22.2	3.7357135269658404
0.0	7.0	22.3	6.129165250396392
0.0	8.0	21.4	3.5023801430836525
0.0	9.0	20.5	4.034572812303401
0.0	10.0	23.4	3.864367132317183
0.0	11.0	20.4	2.412928142780514
0.0	12.0	22.2	3.675746333890726
0.0	13.0	19.7	3.1287200080686173
0.0	14.0	22.7	4.423422506008969
0.0	15.0	25.3	7.972870666621068
0.0	16.0	22.4	2.796823595120404
0.0	17.0	20.9	3.1073389830457114
0.0	18.0	22.0	2.943920288775949
0.0	19.0	19.7	3.198958163736021
0.0	20.0	19.0	2.23606797749979
0.0	21.0	19.77777777777778	1.3017082793177759
0.0	22.0	18.571428571428573	3.4572215654165057
0.0	23.0	19.5	1.0
0.0	24.0	22.5	4.654746681256314
0.0	25.0	19.5	0.7071067811865476
0.0	26.0	18.5	3.5355339059327378
0.0	27.0	20.0	4.242640687119285
0.0	28.0	22.5	7.7781745930520225
0.0	29.0	17.5	0.7071067811865476
0.0	30.0	NaN	NaN
0.0	31.0	NaN	NaN
0.0	32.0	NaN	NaN
1.0	1.0	23.54471544715447	4.1742691551843745
1.0	2.0	23.048780487804876	3.72931827996088
1.0	3.0	22.878048780487806	3.681360364917602
1.0	4.0	23.020325203252032	3.9522137294431507
1.0	5.0	22.21951219512195	3.477124275958931
1.0	6.0	22.670731707317074	4.265824928376922
1.0	7.0	22.321138211382113	4.526398794419883
1.0	8.0	22.410569105691057	3.577442091731843
1.0	9.0	22.296747967479675	4.798527579595507
1.0	10.0	22.13821138211382	4.982131669422413
1.0	11.0	21.98780487804878	3.7356328396661826
1.0	12.0	21.821138211382113	3.7969537098438786
1.0	13.0	22.01219512195122	3.8507690271616566
1.0	14.0	21.76829268292683	3.913239006520088
1.0	15.0	21.747967479674795	3.9715179762494857
1.0	16.0	21.555102040816326	4.367590269717979
1.0	17.0	21.44672131147541	3.489140930415559
1.0	18.0	21.698744769874477	3.888309143780762
1.0	19.0	21.39189189189189	3.8436086723636174
1.0	20.0	21.305418719211822	4.003132461213855
1.0	21.0	21.521505376344088	4.279690553662271
1.0	22.0	22.05960264900662	5.8014156755967425
1.0	23.0	21.608	3.893534756904811
1.0	24.0	21.489795918367346	4.3417059167105805
1.0	25.0	20.623376623376622	3.814925539174565
1.0	26.0	21.64	4.561417609937167
1.0	27.0	20.842105263157894	3.752666193013677
1.0	28.0	21.107142857142858	2.897499377998664
1.0	29.0	20.25	2.807414993792051
1.0	30.0	22.7	4.243881044019669
1.0	31.0	21.307692307692307	2.6262969933798233
1.0	32.0	23.1	5.216427044549853
1.0	33.0	21.0	4.47213595499958
1.0	34.0	21.0	2.0
1.0	35.0	23.0	8.717797887081348
1.0	36.0	19.333333333333332	1.5275252316519468
1.0	37.0	20.5	2.1213203435596424
1.0	38.0	NaN	NaN
1.0	39.0	NaN	NaN
1.0	40.0	NaN	NaN
2.0	1.0	23.203252032520325	4.137354670176656
2.0	2.0	23.369918699186993	4.229795864410916
2.0	3.0	23.59349593495935	4.2892126642981045
2.0	4.0	22.735772357723576	3.8996730387549126
2.0	5.0	22.65447154471545	4.079630876310024
2.0	6.0	22.646341463414632	3.961154082148114
2.0	7.0	22.24390243902439	4.098464547557519
2.0	8.0	22.45528455284553	4.61630125377861
2.0	9.0	22.028455284552845	3.6849394606430934
2.0	10.0	22.077235772357724	4.029246407651468
2.0	11.0	21.96747967479675	4.056609541103624
2.0	12.0	22.170731707317074	3.705940773061481
2.0	13.0	21.878048780487806	4.41904111097282
2.0	14.0	21.808943089430894	3.6444088153052334
2.0	15.0	21.788617886178862	4.167418880168014
2.0	16.0	22.048780487804876	3.9015510438204046
2.0	17.0	21.704918032786885	4.04946478115687
2.0	18.0	21.278008298755186	3.798230642891175
2.0	19.0	21.69333333333333	4.319722213291035
2.0	20.0	20.818181818181817	3.7167849115128346
2.0	21.0	21.123529411764707	3.506887460254911
2.0	22.0	21.420289855072465	3.5284280203700953
2.0	23.0	21.803571428571427	5.5293472330539
2.0	24.0	21.266666666666666	3.537281378482888
2.0	25.0	21.144927536231883	3.6633131994975474
2.0	26.0	21.036363636363635	4.027514794619061
2.0	27.0	21.365853658536587	3.8062849181385223
2.0	28.0	22.137931034482758	3.2702570664686554
2.0	29.0	21.125	2.6044833140823407
2.0	30.0	20.727272727272727	3.003028774118193
2.0	31.0	22.375	5.578978401105349
2.0	32.0	21.333333333333332	1.505545305418162
2.0	33.0	22.0	4.242640687119285
2.0	34.0	NaN	NaN
2.0	35.0	NaN	NaN
2.0	36.0	NaN	NaN
2.0	37.0	NaN	NaN
2.0	38.0	NaN	NaN
3.0	1.0	23.15447154471545	3.94458041083641
3.0	2.0	23.252032520325205	3.8195918062386003
3.0	3.0	22.865853658536587	4.098069814811382
3.0	4.0	22.71951219512195	3.7041875594198626
3.0	5.0	22.8739837398374	4.349568824952634
3.0	6.0	22.378048780487806	4.231968453749285
3.0	7.0	22.317073170731707	3.8286078317474703
3.0	8.0	22.040650406504064	3.9204297431739668
3.0	9.0	22.341463414634145	4.538864855468498
3.0	10.0	21.869918699186993	3.602627951458283
3.0	11.0	22.658536585365855	4.57201651271445
3.0	12.0	21.715447154471544	3.9744496735271455
3.0	13.0	21.86178861788618	3.4824931328634876
3.0	14.0	21.540650406504064	3.4811993569745234
3.0	15.0	21.536585365853657	3.4777254657508414
3.0	16.0	21.26938775510204	3.654225270633705
3.0	17.0	21.43673469387755	4.67214863854262
3.0	18.0	21.903361344537814	4.324777651377942
3.0	19.0	21.714285714285715	3.652945421141663
3.0	20.0	21.53731343283582	4.065691914824419
3.0	21.0	21.084745762711865	3.617923196926627
3.0	22.0	21.12857142857143	3.4637752455515622
3.0	23.0	21.81132075471698	3.6177162160603604
3.0	24.0	20.807692307692307	3.6290948830706635
3.0	25.0	21.54237288135593	3.6070908800836903
3.0	26.0	21.285714285714285	2.990111461220576
3.0	27.0	21.444444444444443	3.8464102478638176
3.0	28.0	21.68421052631579	6.218722909077316
3.0	29.0	20.692307692307693	2.52931530209974
3.0	30.0	22.1	3.665151201974256
3.0	31.0	21.166666666666668	3.868677637987775
3.0	32.0	24.25	6.994045086119096
3.0	33.0	22.666666666666668	1.1547005383792515
3.0	34.0	20.5	0.7071067811865476
3.0	35.0	23.5	2.1213203435596424
3.0	36.0	20.0	1.4142135623730951
3.0	37.0	23.5	6.363961030678928
3.0	38.0	20.0	2.8284271247461903
3.0	39.0	23.0	7.0710678118654755
3.0	40.0	22.0	2.8284271247461903
3.0	41.0	24.5	0.7071067811865476
3.0	42.0	16.5	0.7071067811865476
3.0	43.0	27.5	0.7071067811865476
4.0	1.0	23.341463414634145	4.425951793484412
4.0	2.0	23.20731707317073	4.0790289106791455
4.0	3.0	22.857723577235774	3.905004808172457
4.0	4.0	22.71951219512195	4.3272493697514065
4.0	5.0	22.317073170731707	3.8741784080603896
4.0	6.0	22.158536585365855	3.7037306471744564
4.0	7.0	22.178861788617887	3.8977387904756817
4.0	8.0	22.491869918699187	4.196929752363637
4.0	9.0	22.56910569105691	4.164144914675335
4.0	10.0	21.914634146341463	3.5301658150760153
4.0	11.0	21.804878048780488	4.032841782442011
4.0	12.0	22.296747967479675	4.151880517319579
4.0	13.0	21.922764227642276	4.137204281472391
4.0	14.0	21.447154471544714	3.5264672778512254
4.0	15.0	21.84552845528455	4.9006996923599795
4.0	16.0	21.43265306122449	4.041860255607744
4.0	17.0	21.65432098765432	3.8820220102772094
4.0	18.0	21.40084388185654	3.40047344112977
4.0	19.0	21.23076923076923	3.8607763993262294
4.0	20.0	21.781553398058254	3.9131859036655707
4.0	21.0	21.994318181818183	4.3220328009476665
4.0	22.0	21.713333333333335	4.274690093035854
4.0	23.0	21.19298245614035	3.762594644639053
4.0	24.0	21.48913043478261	3.411340380494303
4.0	25.0	21.82608695652174	4.239022229584979
4.0	26.0	21.5531914893617	4.37288339178932
4.0	27.0	21.685714285714287	4.619469211751424
4.0	28.0	20.107142857142858	3.4030409681177556
4.0	29.0	19.4	2.683281572999748
4.0	30.0	21.666666666666668	4.5303211281110665
4.0	31.0	21.0	4.381780460041329
4.0	32.0	21.0	2.6246692913372702
4.0	33.0	20.2	1.9235384061671346
4.0	34.0	23.5	2.3804761428476167
4.0	35.0	19.0	1.4142135623730951
4.0	36.0	17.5	0.7071067811865476
4.0	37.0	20.0	0.0
4.0	38.0	17.0	1.4142135623730951
5.0	1.0	22.951219512195124	3.6786280906295405
5.0	2.0	22.573170731707318	3.806644527465995
5.0	3.0	22.882113821138212	3.901638222547669
5.0	4.0	22.516260162601625	4.205649727449773
5.0	5.0	22.434959349593495	4.082045980399522
5.0	6.0	22.76829268292683	5.215280798563449
5.0	7.0	22.516260162601625	4.054443246385576
5.0	8.0	22.004065040650406	3.5668518875318025
5.0	9.0	22.195121951219512	4.41363108707811
5.0	10.0	22.471544715447155	3.9348266113334236
5.0	11.0	22.130081300813007	4.204874430105498
5.0	12.0	22.333333333333332	4.517840673788917
5.0	13.0	21.74390243902439	3.8283933080412793
5.0	14.0	21.548780487804876	3.646029226290522
5.0	15.0	21.296747967479675	3.8931323092128105
5.0	16.0	21.760162601626018	4.576269576714086
5.0	17.0	21.844897959183672	4.376776511656452
5.0	18.0	21.375	3.6929645290724107
5.0	19.0	21.75598086124402	3.931232816963453
5.0	20.0	21.343915343915345	4.124811731774248
5.0	21.0	21.392638036809817	3.8800464277833258
5.0	22.0	21.455882352941178	4.406842570129832
5.0	23.0	21.04854368932039	3.9242300125884544
5.0	24.0	21.223684210526315	5.368050382800137
5.0	25.0	21.830188679245282	3.468184234839962
5.0	26.0	21.846153846153847	4.67095426708314
5.0	27.0	21.448275862068964	3.8320659002735598
5.0	28.0	22.166666666666668	5.163977794943223
5.0	29.0	21.842105263157894	3.2874028569464455
5.0	30.0	20.928571428571427	2.200149845046773
5.0	31.0	19.666666666666668	2.309401076758503
5.0	32.0	21.1	4.094712037087183
5.0	33.0	19.75	2.3754698783308417
5.0	34.0	20.5	3.7815340802378077
5.0	35.0	23.4	6.58027355054484
5.0	36.0	21.0	4.69041575982343
5.0	37.0	20.0	3.605551275463989
5.0	38.0	16.666666666666668	1.5275252316519468
5.0	39.0	18.0	0.0
5.0	40.0	NaN	NaN
5.0	41.0	NaN	NaN
5.0	42.0	NaN	NaN
5.0	43.0	NaN	NaN
5.0	44.0	NaN	NaN
5.0	45.0	NaN	NaN
5.0	46.0	NaN	NaN
5.0	47.0	NaN	NaN
6.0	1.0	23.304878048780488	3.929030698526693
6.0	2.0	22.8739837398374	3.8719786092842687
6.0	3.0	22.483739837398375	4.244292666893181
6.0	4.0	22.776422764227643	4.031864536532578
6.0	5.0	23.215447154471544	4.951017747697162
6.0	6.0	22.215447154471544	3.5338487435222685
6.0	7.0	22.30081300813008	4.584686060691114
6.0	8.0	22.191056910569106	3.7623377042511215
6.0	9.0	22.43089430894309	3.8077928704022024
6.0	10.0	21.69918699186992	3.904858218126087
6.0	11.0	22.4390243902439	3.75830257270142
6.0	12.0	22.227642276422763	4.159695844709216
6.0	13.0	22.21951219512195	4.3622435444008625
6.0	14.0	22.052845528455286	3.665789448138281
6.0	15.0	21.426829268292682	3.801279551934611
6.0	16.0	21.516260162601625	3.546446890673211
6.0	17.0	21.7172131147541	4.462688344825031
6.0	18.0	21.34453781512605	4.231561092452134
6.0	19.0	21.753363228699552	4.996140392134818
6.0	20.0	21.40721649484536	4.046894732853064
6.0	21.0	21.058479532163744	3.1821332140917145
6.0	22.0	21.338028169014084	3.670637419172679
6.0	23.0	20.73913043478261	3.936083538644525
6.0	24.0	21.52173913043478	4.3436912971625175
6.0	25.0	20.985915492957748	3.6351182246307006
6.0	26.0	20.673076923076923	3.317931991444244
6.0	27.0	21.175	5.007110328937624
6.0	28.0	21.903225806451612	4.48965357765071
6.0	29.0	21.833333333333332	2.8539319431675105
6.0	30.0	20.866666666666667	2.503331114069145
6.0	31.0	20.416666666666668	3.5021638332824345
6.0	32.0	23.166666666666668	2.48327740429189
6.0	33.0	20.0	2.449489742783178
6.0	34.0	19.25	1.2583057392117916
6.0	35.0	20.333333333333332	1.5275252316519468
6.0	36.0	25.0	8.0
6.0	37.0	NaN	NaN
6.0	38.0	NaN	NaN
6.0	39.0	NaN	NaN
6.0	40.0	NaN	NaN
7.0	1.0	22.479674796747968	3.4341611422520693
7.0	2.0	23.191056910569106	4.656362916813347
7.0	3.0	23.04471544715447	3.970559067241575
7.0	4.0	22.890243902439025	3.984683218077951
7.0	5.0	22.6260162601626	3.5257614583177657
7.0	6.0	22.585365853658537	3.941256050215449
7.0	7.0	22.34552845528455	3.474472552131262
7.0	8.0	22.06910569105691	3.827838524334019
7.0	9.0	22.51219512195122	3.858446030984096
7.0	10.0	22.150406504065042	3.9255494659461596
7.0	11.0	22.150406504065042	3.759849627556277
7.0	12.0	22.109756097560975	4.141397075406699
7.0	13.0	21.76829268292683	3.72075956856235
7.0	14.0	22.109756097560975	3.9362452767890748
7.0	15.0	21.508130081300813	3.530325613610142
7.0	16.0	22.109756097560975	4.162042564368574
7.0	17.0	21.716666666666665	4.431124857582638
7.0	18.0	21.51931330472103	3.6401515043597996
7.0	19.0	21.371559633027523	3.5056923228267096
7.0	20.0	21.77005347593583	4.4378093861344
7.0	21.0	21.66875	3.9695727555538283
7.0	22.0	21.346456692913385	4.125757174867027
7.0	23.0	21.673267326732674	5.08548701874479
7.0	24.0	22.073529411764707	4.899942663297159
7.0	25.0	21.07843137254902	2.7411175622720156
7.0	26.0	21.5	5.54684070985143
7.0	27.0	19.676470588235293	2.7382873240048613
7.0	28.0	20.923076923076923	3.0189147311320594
7.0	29.0	21.842105263157894	7.08882655933294
7.0	30.0	20.875	3.6492008257516693
7.0	31.0	21.666666666666668	4.7736651315188405
7.0	32.0	21.916666666666668	5.017393987344668
7.0	33.0	24.2	6.124631508189787
7.0	34.0	21.22222222222222	3.3458099833141217
7.0	35.0	19.875	2.1671244937540095
7.0	36.0	23.2	2.2803508501982757
7.0	37.0	22.75	3.304037933599835
7.0	38.0	22.25	2.0615528128088303
7.0	39.0	24.5	8.812869377601524
7.0	40.0	21.0	3.0
7.0	41.0	22.333333333333332	6.6583281184793925
7.0	42.0	20.333333333333332	2.5166114784235836
7.0	43.0	23.0	4.242640687119285
7.0	44.0	30.0	2.8284271247461903
7.0	45.0	20.0	1.4142135623730951
7.0	46.0	NaN	NaN
7.0	47.0	NaN	NaN
7.0	48.0	NaN	NaN
7.0	49.0	NaN	NaN
7.0	50.0	NaN	NaN
7.0	51.0	NaN	NaN
7.0	52.0	NaN	NaN
7.0	53.0	NaN	NaN
7.0	54.0	NaN	NaN
7.0	55.0	NaN	NaN
7.0	56.0	NaN	NaN
8.0	1.0	22.29268292682927	3.5873512650776553
8.0	2.0	22.601626016260163	3.404054814778145
8.0	3.0	22.9390243902439	4.539210290866552
8.0	4.0	22.634146341463413	4.81030915495583
8.0	5.0	22.520325203252032	4.091503577716173
8.0	6.0	22.54471544715447	4.737608166911758
8.0	7.0	22.296747967479675	3.2734787078131515
8.0	8.0	21.898373983739837	4.078044424092437
8.0	9.0	22.109756097560975	3.994913390987754
8.0	10.0	22.15447154471545	4.06283809584686
8.0	11.0	22.1869918699187	4.136151407436598
8.0	12.0	21.634146341463413	3.9882854843939364
8.0	13.0	21.658536585365855	4.413946853924307
8.0	14.0	22.321138211382113	4.515564954958825
8.0	15.0	22.134146341463413	3.955142955558614
8.0	16.0	21.648979591836735	4.662288647210688
8.0	17.0	21.42798353909465	3.7907508752323764
8.0	18.0	21.342105263157894	3.8193316466047196
8.0	19.0	21.82547169811321	4.210426267007428
8.0	20.0	21.77777777777778	4.2512640979817204
8.0	21.0	21.828220858895705	4.030125893362681
8.0	22.0	21.607692307692307	4.29439178869652
8.0	23.0	21.84536082474227	4.034590556946183
8.0	24.0	21.714285714285715	4.215715446846296
8.0	25.0	21.708333333333332	4.146048276619164
8.0	26.0	20.794871794871796	4.963972767957702
8.0	27.0	21.06451612903226	3.940689312552376
8.0	28.0	20.954545454545453	3.1694565063200577
8.0	29.0	20.31578947368421	3.4968657645724117
8.0	30.0	19.53846153846154	2.4019223070763074
8.0	31.0	23.7	4.6678569910494145
8.0	32.0	21.0	2.692582403567252
8.0	33.0	22.714285714285715	3.251373336211726
8.0	34.0	21.6	4.33589667773576
8.0	35.0	23.0	2.581988897471611
8.0	36.0	21.0	3.0
8.0	37.0	19.5	0.7071067811865476
8.0	38.0	NaN	NaN
8.0	39.0	NaN	NaN
8.0	40.0	NaN	NaN
8.0	41.0	NaN	NaN
8.0	42.0	NaN	NaN
9.0	1.0	23.475609756097562	4.5951854389694295
9.0	2.0	23.239837398373982	3.9943069657599053
9.0	3.0	22.491869918699187	4.073550193996606
9.0	4.0	22.61382113821138	4.00117993215883
9.0	5.0	22.264227642276424	3.7064891817041543
9.0	6.0	22.849593495934958	3.8931834512517365
9.0	7.0	22.402439024390244	4.283408206511929
9.0	8.0	22.004065040650406	4.385968319752766
9.0	9.0	22.349593495934958	4.043606674260095
9.0	10.0	21.902439024390244	3.5979918075625474
9.0	11.0	21.747967479674795	3.4180636502712267
9.0	12.0	22.414634146341463	4.010042148016662
9.0	13.0	22.048780487804876	3.5360618208110153
9.0	14.0	21.288617886178862	3.7960818307352073
9.0	15.0	22.073170731707318	3.697038487613426
9.0	16.0	21.616326530612245	3.7306521063806555
9.0	17.0	21.6900826446281	3.772446622566379
9.0	18.0	21.059322033898304	3.742322348446571
9.0	19.0	21.497695852534562	4.204411730511017
9.0	20.0	21.628865979381445	4.458954052935971
9.0	21.0	21.037735849056602	3.8809609805194256
9.0	22.0	21.72	4.199846387359823
9.0	23.0	21.07843137254902	3.385134288135256
9.0	24.0	21.027397260273972	2.948505283942498
9.0	25.0	22.115384615384617	4.566089184127455
9.0	26.0	20.63157894736842	4.6290566001197675
9.0	27.0	21.142857142857142	3.524667420237039
9.0	28.0	21.57894736842105	3.469162394483465
9.0	29.0	21.466666666666665	3.681355857884558
9.0	30.0	22.5	4.8523658709390975
9.0	31.0	21.7	3.368151487751767
9.0	32.0	20.333333333333332	2.4221202832779936
9.0	33.0	22.833333333333332	5.344779384283945
9.0	34.0	20.833333333333332	2.786873995477131
9.0	35.0	23.166666666666668	5.307227776030219
9.0	36.0	20.833333333333332	2.562550812504343
9.0	37.0	23.4	4.774934554525329
9.0	38.0	22.0	2.6457513110645907
9.0	39.0	20.0	1.0
9.0	40.0	20.5	0.7071067811865476
9.0	41.0	24.0	2.8284271247461903
9.0	42.0	25.0	1.4142135623730951
9.0	43.0	NaN	NaN
9.0	44.0	NaN	NaN
9.0	45.0	NaN	NaN
9.0	46.0	NaN	NaN
10.0	1.0	23.11382113821138	3.456323992826496
10.0	2.0	22.6869918699187	3.436240455096202
10.0	3.0	22.29268292682927	3.363020283255048
10.0	4.0	22.589430894308943	4.285491670563626
10.0	5.0	22.341463414634145	3.969946832096931
10.0	6.0	22.609756097560975	4.25346753399127
10.0	7.0	22.203252032520325	4.673781582303294
10.0	8.0	22.29268292682927	3.893965414596625
10.0	9.0	22.30081300813008	4.4353587791277045
10.0	10.0	22.146341463414632	3.576985224343501
10.0	11.0	21.621951219512194	4.1195608362208995
10.0	12.0	22.052845528455286	3.8557209062188864
10.0	13.0	22.227642276422763	4.32517643029093
10.0	14.0	21.630081300813007	4.027121014674452
10.0	15.0	21.90612244897959	4.007595665449757
10.0	16.0	22.049180327868854	4.181779917211093
10.0	17.0	21.8875	4.4636900977445695
10.0	18.0	21.59051724137931	3.8836426523025644
10.0	19.0	21.53271028037383	3.918938624658146
10.0	20.0	21.29891304347826	4.136046911964492
10.0	21.0	21.150943396226417	4.1615915274182695
10.0	22.0	21.556451612903224	4.030982489035141
10.0	23.0	21.857142857142858	4.286156089157108
10.0	24.0	21.591549295774648	3.9984906609109836
10.0	25.0	21.84313725490196	4.263203251169749
10.0	26.0	21.514285714285716	4.810352980636591
10.0	27.0	20.85185185185185	4.294036147815531
10.0	28.0	21.75	3.522484171269206
10.0	29.0	20.714285714285715	4.02737882744847
10.0	30.0	21.636363636363637	2.975658826973525
10.0	31.0	20.875	4.642582409453969
10.0	32.0	22.6	4.827007354458868
10.0	33.0	21.4	6.107372593840989
10.0	34.0	22.0	5.338539126015656
10.0	35.0	21.333333333333332	0.5773502691896258
10.0	36.0	21.333333333333332	1.5275252316519468
10.0	37.0	19.333333333333332	3.5118845842842465
10.0	38.0	NaN	NaN
10.0	39.0	NaN	NaN
10.0	40.0	NaN	NaN
10.0	41.0	NaN	NaN
10.0	42.0	NaN	NaN
10.0	43.0	NaN	NaN
11.0	1.0	23.5	3.93077860075625
11.0	2.0	22.902439024390244	3.9557029544208375
11.0	3.0	22.353658536585368	3.2009129484156538
11.0	4.0	22.475609756097562	3.641794611730167
11.0	5.0	22.59349593495935	3.986379664632516
11.0	6.0	22.8739837398374	3.9512816292970365
11.0	7.0	22.077235772357724	3.697507445218983
11.0	8.0	22.678861788617887	4.257828363456703
11.0	9.0	22.3130081300813	4.559313577938509
11.0	10.0	22.349593495934958	3.8892499457096377
11.0	11.0	22.239837398373982	3.6020683363844452
11.0	12.0	21.857723577235774	3.9918387790045196
11.0	13.0	21.841463414634145	4.314577602789499
11.0	14.0	22.166666666666668	4.725167815470021
11.0	15.0	21.516260162601625	4.053436415296962
11.0	16.0	22.028455284552845	3.9262594823167465
11.0	17.0	21.161016949152543	3.5585565780046893
11.0	18.0	21.34562211981567	3.8592591527905116
11.0	19.0	21.391752577319586	4.050348161407889
11.0	20.0	21.22641509433962	3.8317866545316255
11.0	21.0	21.073529411764707	3.2492331925962596
11.0	22.0	22.088495575221238	4.86157955321235
11.0	23.0	21.64516129032258	4.285073083670605
11.0	24.0	21.175675675675677	3.5591214404146703
11.0	25.0	22.056603773584907	6.162589036147635
11.0	26.0	21.536585365853657	4.031733876234949
11.0	27.0	20.28125	3.029259198273165
11.0	28.0	22.25	2.9535883617265144
11.0	29.0	20.75	3.714835124201342
11.0	30.0	20.3	1.9465068427541912
11.0	31.0	19.625	3.814914340921881
11.0	32.0	22.4	2.8809720581775866
11.0	33.0	20.75	2.217355782608345
11.0	34.0	21.5	6.454972243679028
11.0	35.0	18.5	2.1213203435596424
11.0	36.0	NaN	NaN
12.0	1.0	22.5609756097561	3.3457773361471856
12.0	2.0	22.75609756097561	3.5047290812986027
12.0	3.0	22.764227642276424	3.8013559359850944
12.0	4.0	22.691056910569106	3.8885075701711806
12.0	5.0	22.495934959349594	3.9099537733889083
12.0	6.0	22.353658536585368	4.149370105782752
12.0	7.0	22.86178861788618	4.041267134587172
12.0	8.0	22.284552845528456	4.0010617472564975
12.0	9.0	22.178861788617887	4.031574403204628
12.0	10.0	22.1260162601626	4.551336872870077
12.0	11.0	22.15447154471545	4.016359444694027
12.0	12.0	22.01219512195122	4.12011660952184
12.0	13.0	21.849593495934958	3.6530305894067183
12.0	14.0	21.66260162601626	3.807080372019713
12.0	15.0	21.747967479674795	3.366324213313714
12.0	16.0	21.94214876033058	3.750070584477967
12.0	17.0	21.708333333333332	3.5154074103592783
12.0	18.0	21.462222222222223	3.6116928713313095
12.0	19.0	21.190243902439025	3.7440020580667728
12.0	20.0	21.75	3.999285650498813
12.0	21.0	21.302013422818792	3.682876185784503
12.0	22.0	21.43220338983051	3.8773477884771856
12.0	23.0	20.920454545454547	4.037814336816367
12.0	24.0	21.73913043478261	4.510289458276759
12.0	25.0	20.685185185185187	3.695096567656207
12.0	26.0	21.916666666666668	4.436053587206925
12.0	27.0	21.791666666666668	4.66232976531902
12.0	28.0	21.57894736842105	4.400956833761446
12.0	29.0	22.133333333333333	4.189556176062203
12.0	30.0	22.666666666666668	2.0655911179772892
12.0	31.0	22.5	4.358898943540674
12.0	32.0	20.0	1.7320508075688772
12.0	33.0	21.5	0.7071067811865476
12.0	34.0	21.5	0.7071067811865476
12.0	35.0	NaN	NaN
12.0	36.0	NaN	NaN
12.0	37.0	NaN	NaN
12.0	38.0	NaN	NaN
12.0	39.0	NaN	NaN
13.0	1.0	22.703252032520325	3.517499922906739
13.0	2.0	22.36178861788618	3.6805061835812913
13.0	3.0	22.829268292682926	4.340990796474024
13.0	4.0	22.772357723577237	5.018842875225863
13.0	5.0	22.796747967479675	3.93302988483381
13.0	6.0	22.5	4.289284227429265
13.0	7.0	21.995934959349594	3.659483589619063
13.0	8.0	22.621951219512194	4.7654545421742425
13.0	9.0	21.943089430894307	3.5417067556461923
13.0	10.0	21.6869918699187	3.8209403554535672
13.0	11.0	21.86178861788618	3.694066291687268
13.0	12.0	22.308943089430894	4.187698371885304
13.0	13.0	21.3130081300813	3.3811593072728945
13.0	14.0	21.829268292682926	3.910649650238297
13.0	15.0	22.016260162601625	4.182536560387479
13.0	16.0	22.213991769547324	4.228432112753306
13.0	17.0	21.813278008298756	4.436870852288734
13.0	18.0	21.12227074235808	3.6325625404922635
13.0	19.0	21.17874396135266	3.769052875691324
13.0	20.0	21.08092485549133	3.835927961486741
13.0	21.0	21.347517730496453	4.010674712747108
13.0	22.0	21.127118644067796	3.7950633929808664
13.0	23.0	21.183908045977013	3.5092195370036334
13.0	24.0	21.934426229508198	4.441729589769493
13.0	25.0	21.26829268292683	4.289664265673378
13.0	26.0	21.333333333333332	3.3512339862756866
13.0	27.0	21.0	2.361979544454408
13.0	28.0	19.916666666666668	2.391588796113782
13.0	29.0	22.285714285714285	3.3022358947782493
13.0	30.0	21.166666666666668	3.710345895825168
13.0	31.0	20.4	2.701851217221259
13.0	32.0	22.8	5.06951674225463
13.0	33.0	19.5	2.6457513110645907
13.0	34.0	21.75	2.6299556396765835
13.0	35.0	18.5	1.2909944487358056
13.0	36.0	19.0	1.4142135623730951
13.0	37.0	18.25	1.5
13.0	38.0	20.0	2.0
13.0	39.0	27.0	1.4142135623730951
13.0	40.0	18.5	2.1213203435596424
13.0	41.0	23.0	4.242640687119285
13.0	42.0	NaN	NaN
14.0	1.0	23.296747967479675	4.683160191699437
14.0	2.0	23.317073170731707	4.162646476031817
14.0	3.0	22.670731707317074	3.8599615459080034
14.0	4.0	22.56910569105691	3.4901173614861536
14.0	5.0	22.66260162601626	3.984150197438903
14.0	6.0	22.451219512195124	5.207888300216902
14.0	7.0	22.239837398373982	4.224732617307101
14.0	8.0	22.166666666666668	4.57061004576809
14.0	9.0	21.646341463414632	3.577840933321564
14.0	10.0	22.024390243902438	3.5787659819008213
14.0	11.0	21.898373983739837	3.912543590208239
14.0	12.0	21.65447154471545	3.416424961200454
14.0	13.0	21.821138211382113	3.8598562314882168
14.0	14.0	21.29268292682927	3.7388892977309327
14.0	15.0	21.677551020408163	4.03749157772671
14.0	16.0	21.991769547325102	3.9553204773954174
14.0	17.0	21.872881355932204	4.022377004812255
14.0	18.0	21.605381165919283	4.771949543336369
14.0	19.0	21.404040404040405	3.675737964289018
14.0	20.0	21.103658536585368	3.8921328586567907
14.0	21.0	22.205882352941178	4.410622945938798
14.0	22.0	21.223300970873787	3.2295572416595917
14.0	23.0	20.62962962962963	3.551212625443753
14.0	24.0	21.0	3.4590334315675175
14.0	25.0	22.243243243243242	5.722302398925169
14.0	26.0	20.833333333333332	3.422008902316917
14.0	27.0	20.785714285714285	3.0928844249234513
14.0	28.0	20.333333333333332	3.2286595398465945
14.0	29.0	25.22222222222222	17.268307515342794
14.0	30.0	20.714285714285715	2.3603873774083297
14.0	31.0	21.0	4.58257569495584
14.0	32.0	19.0	1.4142135623730951
14.0	33.0	19.5	3.5355339059327378
14.0	34.0	NaN	NaN
14.0	35.0	NaN	NaN
15.0	1.0	23.073170731707318	4.46148274374927
15.0	2.0	22.735772357723576	3.8352953765672995
15.0	3.0	22.70731707317073	4.508009574473422
15.0	4.0	22.71951219512195	4.285545873578365
15.0	5.0	22.252032520325205	3.626644023392357
15.0	6.0	22.536585365853657	3.981165213344987
15.0	7.0	21.76829268292683	3.8681286320373394
15.0	8.0	22.19918699186992	4.43512871101377
15.0	9.0	22.38617886178862	3.863123938446222
15.0	10.0	22.414634146341463	3.9804149702000333
15.0	11.0	21.760162601626018	3.701543855235043
15.0	12.0	22.30081300813008	4.750827999755272
15.0	13.0	21.995934959349594	4.365446857440851
15.0	14.0	21.666666666666668	4.359679199332037
15.0	15.0	21.276422764227643	3.518582304972761
15.0	16.0	21.73170731707317	4.65209747863496
15.0	17.0	21.216101694915253	3.7393700764082634
15.0	18.0	21.195555555555554	3.6347747250121705
15.0	19.0	21.65686274509804	3.849368441678128
15.0	20.0	21.321428571428573	3.7740390037800404
15.0	21.0	21.688	4.298191667771835
15.0	22.0	21.32	3.778942185374637
15.0	23.0	21.714285714285715	4.188122809900332
15.0	24.0	20.183673469387756	2.8843938516014878
15.0	25.0	21.390243902439025	6.967345437038729
15.0	26.0	19.785714285714285	2.558314590697075
15.0	27.0	20.80952380952381	3.4149531126949255
15.0	28.0	21.76923076923077	3.39494344954979
15.0	29.0	22.083333333333332	3.7527767497325675
15.0	30.0	19.9	3.695342413844157
15.0	31.0	23.0	5.440588203494177
15.0	32.0	20.666666666666668	4.1311822359545785
15.0	33.0	21.8	2.588435821108957
15.0	34.0	19.0	3.605551275463989
15.0	35.0	20.0	2.8284271247461903
15.0	36.0	17.0	1.4142135623730951
15.0	37.0	21.5	0.7071067811865476
15.0	38.0	21.5	3.5355339059327378
15.0	39.0	24.5	4.949747468305833
15.0	40.0	20.0	5.656854249492381
15.0	41.0	25.0	5.656854249492381
15.0	42.0	NaN	NaN
15.0	43.0	NaN	NaN
15.0	44.0	NaN	NaN
15.0	45.0	NaN	NaN
16.0	1.0	22.791836734693877	4.199133240709944
16.0	2.0	22.755102040816325	4.018046443627992
16.0	3.0	22.706122448979592	4.080562087771477
16.0	4.0	22.43265306122449	3.8454458776574456
16.0	5.0	22.351020408163265	3.89924974125328
16.0	6.0	22.57551020408163	3.845293621793437
16.0	7.0	22.444897959183674	4.534253116171638
16.0	8.0	22.012244897959185	4.023987127066336
16.0	9.0	22.13877551020408	4.2219574517027
16.0	10.0	21.836734693877553	4.00177695558798
16.0	11.0	22.069387755102042	4.1537166885258285
16.0	12.0	21.76326530612245	4.064172423852068
16.0	13.0	21.942857142857143	3.8267822377399483
16.0	14.0	21.706122448979592	3.8575244845469516
16.0	15.0	21.571428571428573	3.7053350991133462
16.0	16.0	21.368852459016395	3.854772723754882
16.0	17.0	21.61181434599156	4.593790447685978
16.0	18.0	21.730941704035875	4.126303508072378
16.0	19.0	21.1592039800995	3.9248601711633095
16.0	20.0	21.28	3.830668739072297
16.0	21.0	21.04861111111111	4.489817323228152
16.0	22.0	21.083333333333332	3.1505190537629266
16.0	23.0	20.97826086956522	4.1615145723155695
16.0	24.0	20.6	3.1314932540243476
16.0	25.0	21.547619047619047	3.716819916320946
16.0	26.0	22.333333333333332	4.5662429537469515
16.0	27.0	20.384615384615383	3.4649897324745202
16.0	28.0	21.6	3.067658115858003
16.0	29.0	21.2	4.570089089472359
16.0	30.0	23.0	3.5355339059327378
16.0	31.0	21.142857142857142	2.3401261667248794
16.0	32.0	20.714285714285715	2.4976179127511156
16.0	33.0	22.333333333333332	5.046450898073483
16.0	34.0	20.8	2.3874672772626644
16.0	35.0	18.8	1.7888543819998317
16.0	36.0	22.8	5.449770637375485
16.0	37.0	22.0	1.224744871391589
16.0	38.0	18.333333333333332	4.041451884327381
16.0	39.0	23.0	9.643650760992955
16.0	40.0	22.333333333333332	6.110100926607786
16.0	41.0	25.0	3.605551275463989
16.0	42.0	19.0	3.605551275463989
16.0	43.0	20.333333333333332	3.5118845842842465
16.0	44.0	NaN	NaN
16.0	45.0	NaN	NaN
16.0	46.0	NaN	NaN
16.0	47.0	NaN	NaN
16.0	48.0	NaN	NaN
17.0	1.0	22.248945147679326	3.264025950876529
17.0	2.0	23.244725738396625	4.843222552331351
17.0	3.0	22.940928270042193	4.140116368104064
17.0	4.0	22.447257383966246	3.976941332410989
17.0	5.0	22.58649789029536	4.787641573447266
17.0	6.0	22.23206751054852	3.6150792281679647
17.0	7.0	22.39240506329114	3.848016399147728
17.0	8.0	22.236286919831223	3.887598673056661
17.0	9.0	22.282700421940927	4.300206475004347
17.0	10.0	22.443037974683545	4.83037748667804
17.0	11.0	21.746835443037973	4.053043492650276
17.0	12.0	21.717299578059073	3.558267451034709
17.0	13.0	22.27848101265823	4.213386783975006
17.0	14.0	21.949367088607595	4.512408694349888
17.0	15.0	21.491525423728813	3.9112402401760193
17.0	16.0	21.195744680851064	3.6285876703673696
17.0	17.0	21.43111111111111	3.6161728870736187
17.0	18.0	21.36842105263158	4.197430291575023
17.0	19.0	22.159574468085108	5.801167486203186
17.0	20.0	21.196202531645568	3.426124550629569
17.0	21.0	21.71212121212121	3.8473353583020637
17.0	22.0	22.00925925925926	3.865726154102434
17.0	23.0	21.82894736842105	3.7855449907764913
17.0	24.0	20.949152542372882	3.980225815867129
17.0	25.0	22.636363636363637	5.823332814977672
17.0	26.0	19.823529411764707	2.928135079630596
17.0	27.0	20.5	3.377093706837568
17.0	28.0	22.055555555555557	3.9626524423780807
17.0	29.0	20.642857142857142	3.6921359850184463
17.0	30.0	20.083333333333332	2.8749176536296677
17.0	31.0	19.636363636363637	2.540579747724022
17.0	32.0	20.555555555555557	3.1269438398822866
17.0	33.0	22.5	3.7282703764614498
17.0	34.0	21.333333333333332	1.5275252316519465
17.0	35.0	22.333333333333332	6.6583281184793925
17.0	36.0	22.5	2.1213203435596424
17.0	37.0	NaN	NaN
17.0	38.0	NaN	NaN
17.0	39.0	NaN	NaN
17.0	40.0	NaN	NaN
17.0	41.0	NaN	NaN
17.0	42.0	NaN	NaN
18.0	1.0	23.213636363636365	4.722896280203229
18.0	2.0	22.445454545454545	4.0904976500814305
18.0	3.0	22.70909090909091	3.7473776634372453
18.0	4.0	22.54090909090909	3.6318176752696427
18.0	5.0	22.89090909090909	4.11777626414559
18.0	6.0	22.40909090909091	4.391347770655309
18.0	7.0	22.168181818181818	3.400763594569891
18.0	8.0	22.177272727272726	3.920491980377281
18.0	9.0	22.05	3.933493921340637
18.0	10.0	22.4	4.075094194502003
18.0	11.0	22.009090909090908	3.543584993134769
18.0	12.0	22.072727272727274	4.440801052648851
18.0	13.0	21.331818181818182	4.082917566789974
18.0	14.0	21.563636363636363	3.6777183534436304
18.0	15.0	21.29090909090909	3.622218232410169
18.0	16.0	22.210045662100455	4.587746893360448
18.0	17.0	21.630841121495326	4.029140595347899
18.0	18.0	21.802083333333332	3.920999422939844
18.0	19.0	21.53179190751445	4.72319557307995
18.0	20.0	21.604166666666668	3.834365676335545
18.0	21.0	20.8	3.159726407102668
18.0	22.0	21.29032258064516	3.65221982873695
18.0	23.0	21.257142857142856	4.262018689849846
18.0	24.0	21.636363636363637	3.6380888163554
18.0	25.0	22.162790697674417	3.7855001088623843
18.0	26.0	23.34375	5.648918680425885
18.0	27.0	20.12	2.635020556529556
18.0	28.0	22.7	4.280924641882135
18.0	29.0	21.76923076923077	5.166459880063687
18.0	30.0	22.0	3.3333333333333335
18.0	31.0	21.666666666666668	3.9051248379533274
18.0	32.0	20.714285714285715	3.545621041711673
18.0	33.0	18.666666666666668	1.3662601021279466
18.0	34.0	20.4	3.2863353450309964
18.0	35.0	17.5	1.2909944487358056
18.0	36.0	22.0	8.48528137423857
18.0	37.0	18.5	3.5355339059327378
18.0	38.0	NaN	NaN
18.0	39.0	NaN	NaN
18.0	40.0	NaN	NaN
18.0	41.0	NaN	NaN
19.0	1.0	23.21938775510204	3.5529448432436075
19.0	2.0	23.096938775510203	3.53093157117706
19.0	3.0	22.632653061224488	4.360399311524037
19.0	4.0	22.637755102040817	3.9021891372400628
19.0	5.0	22.658163265306122	4.66964937945601
19.0	6.0	21.882653061224488	3.129922601163267
19.0	7.0	22.081632653061224	4.5215687529264805
19.0	8.0	22.1734693877551	3.97821119498181
19.0	9.0	22.474489795918366	3.978707720224277
19.0	10.0	22.5765306122449	4.008869679442124
19.0	11.0	22.1734693877551	3.974342094121915
19.0	12.0	21.96938775510204	3.9767376956692764
19.0	13.0	22.163265306122447	3.9084231919279695
19.0	14.0	21.658163265306122	4.63105290059178
19.0	15.0	21.586734693877553	3.5529153866418373
19.0	16.0	21.590673575129532	4.470192490050084
19.0	17.0	22.03804347826087	4.558504749368139
19.0	18.0	21.31791907514451	5.261484918875339
19.0	19.0	21.83116883116883	3.622379954311977
19.0	20.0	21.615384615384617	3.5380207653708853
19.0	21.0	21.26923076923077	3.9688857090462113
19.0	22.0	21.58823529411765	3.8119302623382256
19.0	23.0	21.15	3.9609320936930303
19.0	24.0	21.816326530612244	4.236121798432673
19.0	25.0	21.10810810810811	3.885755923768128
19.0	26.0	19.962962962962962	3.5025428288325426
19.0	27.0	22.09090909090909	6.457989447624369
19.0	28.0	22.470588235294116	3.6591947040780624
19.0	29.0	22.0	3.8944404818493075
19.0	30.0	21.3	3.3349995835415362
19.0	31.0	22.166666666666668	4.750438576243952
19.0	32.0	21.75	2.5
19.0	33.0	20.75	4.7871355387816905
19.0	34.0	19.333333333333332	3.5118845842842465
19.0	35.0	NaN	NaN
19.0	36.0	NaN	NaN
19.0	37.0	NaN	NaN
19.0	38.0	NaN	NaN
19.0	39.0	NaN	NaN
19.0	40.0	NaN	NaN
19.0	41.0	NaN	NaN
19.0	42.0	NaN	NaN
19.0	43.0	NaN	NaN
19.0	44.0	NaN	NaN
19.0	45.0	NaN	NaN
19.0	46.0	NaN	NaN
19.0	47.0	NaN	NaN
19.0	48.0	NaN	NaN
19.0	49.0	NaN	NaN
19.0	50.0	NaN	NaN
20.0	1.0	23.01197604790419	4.41108683156061
20.0	2.0	22.550898203592816	3.7795561074143538
20.0	3.0	22.862275449101798	3.9923362844339754
20.0	4.0	22.32934131736527	3.987092297051863
20.0	5.0	22.5748502994012	4.069290198353834
20.0	6.0	22.389221556886227	3.936009690275437
20.0	7.0	22.38323353293413	5.621319708432437
20.0	8.0	22.35928143712575	4.143832050031735
20.0	9.0	22.107784431137723	3.9393442364803675
20.0	10.0	21.898203592814372	3.344902128232887
20.0	11.0	22.49700598802395	4.846902192267728
20.0	12.0	22.179640718562876	4.257248091892505
20.0	13.0	21.760479041916167	3.793160587032395
20.0	14.0	21.92168674698795	3.8909233364805256
20.0	15.0	21.47590361445783	3.6042093357778304
20.0	16.0	21.572289156626507	3.7356858362818546
20.0	17.0	22.124223602484474	3.920710656206276
20.0	18.0	21.6158940397351	4.547322915228722
20.0	19.0	21.175182481751825	3.7844453518140972
20.0	20.0	21.38053097345133	4.158293314206985
20.0	21.0	21.28723404255319	4.063004715845058
20.0	22.0	21.263157894736842	3.7642827419580893
20.0	23.0	21.49206349206349	4.031621045431757
20.0	24.0	21.155555555555555	3.930970014198181
20.0	25.0	21.933333333333334	4.748381454430721
20.0	26.0	20.96	3.5411862419251547
20.0	27.0	20.842105263157894	4.821976979238297
20.0	28.0	21.666666666666668	5.158106300383952
20.0	29.0	21.7	2.4966644414765344
20.0	30.0	19.333333333333332	2.160246899469287
20.0	31.0	18.0	2.8284271247461903
21.0	1.0	22.53956834532374	3.8995841232191903
21.0	2.0	22.47482014388489	3.9495568183810525
21.0	3.0	22.294964028776977	3.350217897759012
21.0	4.0	22.093525179856115	3.7895586648528585
21.0	5.0	22.287769784172664	3.7090656746006365
21.0	6.0	22.66187050359712	4.6086779468619605
21.0	7.0	21.676258992805757	3.2775384615926733
21.0	8.0	21.712230215827336	3.852807379073058
21.0	9.0	21.985611510791365	4.027056341239679
21.0	10.0	21.755395683453237	3.716086703210561
21.0	11.0	22.431654676258994	4.345663104972172
21.0	12.0	21.26618705035971	3.7755420756175697
21.0	13.0	21.928057553956833	3.8704384797654443
21.0	14.0	21.798561151079138	4.057878106388351
21.0	15.0	21.223021582733814	4.259759749413013
21.0	16.0	21.496296296296297	4.108371638921391
21.0	17.0	21.353846153846153	3.875707564230653
21.0	18.0	21.57983193277311	4.875563067559614
21.0	19.0	21.327272727272728	4.025398928111602
21.0	20.0	21.61855670103093	5.209053214854788
21.0	21.0	20.685714285714287	3.169340703820656
21.0	22.0	22.77358490566038	5.953801337200017
21.0	23.0	21.194444444444443	5.263455923057422
21.0	24.0	20.68	4.616275555033516
21.0	25.0	21.176470588235293	3.244905509364777
21.0	26.0	22.0	7.385489458759964
21.0	27.0	21.142857142857142	1.9518001458970664
21.0	28.0	21.5	3.696845502136472
21.0	29.0	22.666666666666668	2.3094010767585034
21.0	30.0	20.0	2.8284271247461903
21.0	31.0	NaN	NaN
21.0	32.0	NaN	NaN
21.0	33.0	NaN	NaN
21.0	34.0	NaN	NaN
21.0	35.0	NaN	NaN
21.0	36.0	NaN	NaN
22.0	1.0	22.846846846846848	3.547593802201964
22.0	2.0	22.8018018018018	3.8110361745851646
22.0	3.0	22.74774774774775	3.7910623804092136
22.0	4.0	22.495495495495497	3.8040023751877534
22.0	5.0	23.53153153153153	5.825991635951648
22.0	6.0	22.684684684684683	4.406569438673833
22.0	7.0	22.62162162162162	3.4799531189476833
22.0	8.0	22.34234234234234	3.4548924348352346
22.0	9.0	22.603603603603602	3.9938117570226503
22.0	10.0	22.054054054054053	4.111707979190948
22.0	11.0	21.71171171171171	3.1316199333641066
22.0	12.0	22.44144144144144	4.674271328112271
22.0	13.0	21.585585585585587	3.5610735574044075
22.0	14.0	21.855855855855857	4.231584373057721
22.0	15.0	21.862385321100916	4.0653638393690175
22.0	16.0	21.314814814814813	3.7681601354649783
22.0	17.0	21.5	3.86850701623423
22.0	18.0	20.77659574468085	3.891413915908707
22.0	19.0	21.27848101265823	3.7345809803770273
22.0	20.0	21.772727272727273	4.748426312743249
22.0	21.0	21.666666666666668	4.382641574417342
22.0	22.0	21.02173913043478	3.5495798213609113
22.0	23.0	21.31578947368421	3.1546213475427898
22.0	24.0	22.857142857142858	5.622140660679489
22.0	25.0	20.45	3.804083678309265
22.0	26.0	21.875	5.044799302251775
22.0	27.0	24.083333333333332	5.759708536396823
22.0	28.0	20.333333333333332	2.9154759474226504
22.0	29.0	23.0	3.8913824205360674
22.0	30.0	19.4	1.9493588689617927
22.0	31.0	23.666666666666668	2.081665999466133
22.0	32.0	20.333333333333332	4.163331998932266
22.0	33.0	19.5	3.5355339059327378
22.0	34.0	NaN	NaN
22.0	35.0	NaN	NaN
23.0	1.0	22.942528735632184	2.985843816843618
23.0	2.0	23.49425287356322	4.296763420157059
23.0	3.0	22.919540229885058	3.7142666207933273
23.0	4.0	22.080459770114942	3.7361165972188157
23.0	5.0	22.862068965517242	5.3116204635381115
23.0	6.0	22.770114942528735	5.123364513688536
23.0	7.0	21.74712643678161	3.3243932504786273
23.0	8.0	22.54022988505747	4.966877728024217
23.0	9.0	22.413793103448278	4.076454581704066
23.0	10.0	22.24137931034483	3.6534963096578106
23.0	11.0	21.632183908045977	3.6761802171602467
23.0	12.0	22.413793103448278	4.222177670619447
23.0	13.0	21.35632183908046	4.002839142101611
23.0	14.0	21.74712643678161	3.306858239184198
23.0	15.0	21.50574712643678	4.605036583493275
23.0	16.0	22.06896551724138	5.343531415381518
23.0	17.0	21.22093023255814	3.6602833795492735
23.0	18.0	21.1125	3.7008167076737903
23.0	19.0	21.77777777777778	3.7176321133842642
23.0	20.0	22.67924528301887	4.543692097951504
23.0	21.0	21.023809523809526	3.7186943370745076
23.0	22.0	20.939393939393938	3.8073891475934176
23.0	23.0	21.2	3.13581462037113
23.0	24.0	20.666666666666668	4.45896321370523
23.0	25.0	22.0	6.394442031083626
23.0	26.0	19.833333333333332	1.9407902170679516
23.0	27.0	21.4	3.0495901363953815
23.0	28.0	23.333333333333332	2.081665999466133
23.0	29.0	18.333333333333332	4.932882862316247
23.0	30.0	18.333333333333332	1.1547005383792515
23.0	31.0	19.333333333333332	1.1547005383792515
23.0	32.0	17.5	0.7071067811865476
23.0	33.0	21.5	2.1213203435596424
23.0	34.0	NaN	NaN
23.0	35.0	NaN	NaN
24.0	1.0	23.228571428571428	4.533838724721088
24.0	2.0	23.042857142857144	4.0804792070302485
24.0	3.0	23.242857142857144	3.4867688388847644
24.0	4.0	22.085714285714285	4.074462202061132
24.0	5.0	22.5	4.13451362297317
24.0	6.0	22.15714285714286	2.882408987895188
24.0	7.0	23.085714285714285	4.272401683955796
24.0	8.0	22.928571428571427	4.072962916000325
24.0	9.0	23.014285714285716	4.673368450144656
24.0	10.0	21.857142857142858	4.384708984396433
24.0	11.0	21.585714285714285	3.605522564159393
24.0	12.0	21.928571428571427	3.519393181272765
24.0	13.0	21.614285714285714	4.304675103102582
24.0	14.0	20.928571428571427	3.2362145921011427
24.0	15.0	21.757142857142856	4.04122134747604
24.0	16.0	21.67142857142857	4.214266413964297
24.0	17.0	21.0	3.650079029702908
24.0	18.0	21.721311475409838	4.340242495302858
24.0	19.0	22.32075471698113	4.798932513132719
24.0	20.0	20.977777777777778	3.652451784815788
24.0	21.0	20.47222222222222	3.47633724412932
24.0	22.0	22.70967741935484	4.259839968724152
24.0	23.0	21.28	3.6115555282084935
24.0	24.0	19.166666666666668	3.329900192816242
24.0	25.0	19.636363636363637	3.695205739136247
24.0	26.0	19.90909090909091	2.5081684733903127
24.0	27.0	19.857142857142858	1.9518001458970662
24.0	28.0	20.25	0.9574271077563381
24.0	29.0	22.0	5.715476066494082
24.0	30.0	26.666666666666668	4.163331998932265
24.0	31.0	22.5	0.7071067811865476
24.0	32.0	NaN	NaN
25.0	1.0	23.11764705882353	4.16003393651316
25.0	2.0	22.333333333333332	4.2174241743825895
25.0	3.0	23.235294117647058	4.982321688908165
25.0	4.0	22.686274509803923	3.6796206113045478
25.0	5.0	22.254901960784313	3.254800376397311
25.0	6.0	22.372549019607842	4.175934790265411
25.0	7.0	22.333333333333332	4.46616912651846
25.0	8.0	22.84313725490196	3.9414339980246167
25.0	9.0	21.745098039215687	3.9387466902805617
25.0	10.0	21.352941176470587	4.170484525384381
25.0	11.0	21.372549019607842	3.2982467118984626
25.0	12.0	22.019607843137255	5.174901723041439
25.0	13.0	21.627450980392158	4.009791936316524
25.0	14.0	21.58823529411765	3.3417149524651877
25.0	15.0	21.764705882352942	3.5642010902535657
25.0	16.0	21.07843137254902	3.279287344865661
25.0	17.0	20.93877551020408	3.543821873258835
25.0	18.0	21.022222222222222	4.408096316020458
25.0	19.0	21.27777777777778	4.116941382775124
25.0	20.0	20.733333333333334	4.016632088371218
25.0	21.0	20.833333333333332	3.3708038864015375
25.0	22.0	20.333333333333332	3.8805700005813275
25.0	23.0	21.6875	2.4958298553119898
25.0	24.0	20.818181818181817	2.750206603809315
25.0	25.0	20.636363636363637	3.6680438185149113
25.0	26.0	20.875	2.4748737341529163
25.0	27.0	23.0	3.605551275463989
25.0	28.0	19.5	0.7071067811865476
25.0	29.0	18.5	0.7071067811865476
25.0	30.0	22.5	4.949747468305833
25.0	31.0	26.5	0.7071067811865476
25.0	32.0	NaN	NaN
25.0	33.0	NaN	NaN
25.0	34.0	NaN	NaN
25.0	35.0	NaN	NaN
25.0	36.0	NaN	NaN
25.0	37.0	NaN	NaN
25.0	38.0	NaN	NaN
25.0	39.0	NaN	NaN
25.0	40.0	NaN	NaN
25.0	41.0	NaN	NaN
25.0	42.0	NaN	NaN
25.0	43.0	NaN	NaN
25.0	44.0	NaN	NaN
25.0	45.0	NaN	NaN
25.0	46.0	NaN	NaN
25.0	47.0	NaN	NaN
25.0	48.0	NaN	NaN
26.0	1.0	22.75	3.5469205180396024
26.0	2.0	22.71875	3.638808516445299
26.0	3.0	22.75	3.810003810005715
26.0	4.0	21.625	3.013410884909378
26.0	5.0	21.875	2.8932624737371277
26.0	6.0	22.40625	3.3103880973140765
26.0	7.0	22.46875	2.828248916818297
26.0	8.0	24.03125	4.748408052416943
26.0	9.0	23.90625	5.449826129218223
26.0	10.0	21.625	3.180079122570137
26.0	11.0	22.09375	3.285936553291628
26.0	12.0	21.6875	2.3477855042983693
26.0	13.0	21.75	3.2428581578999203
26.0	14.0	21.90625	3.7705084366657693
26.0	15.0	21.75	3.8184610985697263
26.0	16.0	20.625	3.045356062661162
26.0	17.0	21.93548387096774	3.855173873043582
26.0	18.0	20.192307692307693	2.8985407469170514
26.0	19.0	20.571428571428573	3.3101575275419837
26.0	20.0	22.57894736842105	3.8051980452721104
26.0	21.0	23.307692307692307	4.854287029431053
26.0	22.0	21.444444444444443	3.844187531556932
26.0	23.0	21.833333333333332	3.970726214015097
26.0	24.0	23.75	4.9916597106239795
26.0	25.0	23.666666666666668	1.5275252316519465
26.0	26.0	21.0	0.0
26.0	27.0	NaN	NaN
26.0	28.0	NaN	NaN
27.0	1.0	24.296296296296298	5.973111641185245
27.0	2.0	22.814814814814813	3.0638969283356103
27.0	3.0	24.074074074074073	5.150996363109135
27.0	4.0	21.74074074074074	4.407969989711752
27.0	5.0	21.51851851851852	3.1789012418464817
27.0	6.0	22.59259259259259	2.845499270227652
27.0	7.0	22.14814814814815	3.382121588403711
27.0	8.0	23.0	4.731238250671317
27.0	9.0	22.962962962962962	3.631925548642647
27.0	10.0	22.555555555555557	4.079341324408346
27.0	11.0	21.88888888888889	3.8263593193825436
27.0	12.0	21.962962962962962	3.684494344614818
27.0	13.0	21.37037037037037	2.775554665954844
27.0	14.0	21.333333333333332	3.1622776601683795
27.0	15.0	20.59259259259259	3.7443214365146353
27.0	16.0	20.666666666666668	3.1985573671218144
27.0	17.0	21.074074074074073	3.2216327194323964
27.0	18.0	20.541666666666668	3.1482109020931195
27.0	19.0	21.31578947368421	3.9728611517386496
27.0	20.0	22.285714285714285	4.9057042375110695
27.0	21.0	21.833333333333332	5.096047190685833
27.0	22.0	19.6	3.6878177829171546
27.0	23.0	21.875	3.7961446607992015
27.0	24.0	22.5	5.683308895353129
27.0	25.0	20.333333333333332	1.7511900715418265
27.0	26.0	21.5	2.3804761428476167
27.0	27.0	27.0	2.0
27.0	28.0	19.666666666666668	2.5166114784235836
27.0	29.0	21.0	2.6457513110645907
27.0	30.0	33.5	13.435028842544403
27.0	31.0	19.5	0.7071067811865476
27.0	32.0	NaN	NaN
27.0	33.0	NaN	NaN
27.0	34.0	NaN	NaN
28.0	1.0	24.136363636363637	3.795930835656903
28.0	2.0	23.363636363636363	4.2933553816217485
28.0	3.0	22.227272727272727	4.760270282260573
28.0	4.0	22.0	3.3806170189140663
28.0	5.0	22.545454545454547	3.4603505565225574
28.0	6.0	22.5	4.067876478903833
28.0	7.0	22.318181818181817	2.766919614995014
28.0	8.0	21.772727272727273	4.898316700000777
28.0	9.0	22.863636363636363	4.189504511508258
28.0	10.0	22.40909090909091	3.762712938560243
28.0	11.0	24.0	9.471762545286158
28.0	12.0	21.863636363636363	3.8333803874394192
28.0	13.0	21.09090909090909	4.2191072279412145
28.0	14.0	21.454545454545453	3.647925342898249
28.0	15.0	21.272727272727273	3.561457943593141
28.0	16.0	20.272727272727273	4.107853317057327
28.0	17.0	21.227272727272727	2.653511925943718
28.0	18.0	21.9	4.253790878981389
28.0	19.0	21.0	3.641861872001304
28.0	20.0	20.5	2.5045413298101655
28.0	21.0	20.9	4.1486276177925525
28.0	22.0	22.11111111111111	5.510091751605513
28.0	23.0	23.333333333333332	3.141125063837266
28.0	24.0	20.833333333333332	2.714160398109638
28.0	25.0	20.0	2.0
28.0	26.0	20.0	6.260990336999411
28.0	27.0	18.75	2.8722813232690143
28.0	28.0	25.0	1.0
28.0	29.0	23.0	1.4142135623730951
28.0	30.0	19.0	1.4142135623730951
28.0	31.0	21.0	4.242640687119285
28.0	32.0	NaN	NaN
28.0	33.0	NaN	NaN
28.0	34.0	NaN	NaN
28.0	35.0	NaN	NaN
28.0	36.0	NaN	NaN
28.0	37.0	NaN	NaN
29.0	1.0	22.0	3.448874721138079
29.0	2.0	21.3	3.1970381029288575
29.0	3.0	23.5	6.1430319961126
29.0	4.0	22.65	3.3915529745158586
29.0	5.0	22.85	4.682273401941231
29.0	6.0	22.45	5.595816106229443
29.0	7.0	22.85	4.0688159405279976
29.0	8.0	22.85	5.193872908483002
29.0	9.0	22.15	2.9960500312033647
29.0	10.0	22.1	4.564162458476738
29.0	11.0	22.6	3.0504529430716905
29.0	12.0	21.85	4.120232492162752
29.0	13.0	22.0	3.35606285619576
29.0	14.0	22.1	5.230477486505616
29.0	15.0	21.5	3.8182387783402247
29.0	16.0	21.35	3.313052337267506
29.0	17.0	21.22222222222222	4.008161608159554
29.0	18.0	21.235294117647058	3.961208965781563
29.0	19.0	22.357142857142858	4.6675169293441545
29.0	20.0	21.1	4.998888765404656
29.0	21.0	18.833333333333332	1.8348478592697182
29.0	22.0	21.5	3.696845502136472
29.0	23.0	19.333333333333332	1.5275252316519468
29.0	24.0	25.0	8.48528137423857
30.0	1.0	26.714285714285715	8.27813218833044
30.0	2.0	23.071428571428573	3.70995097861633
30.0	3.0	22.928571428571427	4.066075138627794
30.0	4.0	23.357142857142858	4.125104061291487
30.0	5.0	23.285714285714285	5.743606096261389
30.0	6.0	21.142857142857142	2.8784916685156974
30.0	7.0	22.5	5.388734688074886
30.0	8.0	21.857142857142858	4.092340741831348
30.0	9.0	23.5	3.2991840483088217
30.0	10.0	22.928571428571427	5.6902654489154445
30.0	11.0	21.857142857142858	3.393594483211498
30.0	12.0	19.428571428571427	2.471819190371761
30.0	13.0	23.071428571428573	4.084949594158194
30.0	14.0	22.5	3.917416731234226
30.0	15.0	20.785714285714285	3.355330350090995
30.0	16.0	20.0	2.1122354181147664
30.0	17.0	21.714285714285715	5.823408616273455
30.0	18.0	20.692307692307693	3.0925883276153274
30.0	19.0	20.846153846153847	2.4099154150493143
30.0	20.0	20.333333333333332	3.4465617474213164
30.0	21.0	19.727272727272727	3.4085454109021076
30.0	22.0	23.5	11.18779096455894
30.0	23.0	20.625	3.4615231989895516
30.0	24.0	21.25	1.2817398889233114
30.0	25.0	21.375	2.445841952609133
30.0	26.0	20.2	3.1144823004794873
30.0	27.0	22.75	0.9574271077563381
30.0	28.0	NaN	NaN
30.0	29.0	NaN	NaN
30.0	30.0	NaN	NaN
30.0	31.0	NaN	NaN
30.0	32.0	NaN	NaN
30.0	33.0	NaN	NaN
30.0	34.0	NaN	NaN
30.0	35.0	NaN	NaN
30.0	36.0	NaN	NaN
31.0	1.0	24.0	3.924283374069717
31.0	2.0	21.818181818181817	2.7136021011998728
31.0	3.0	22.181818181818183	3.8940514074208576
31.0	4.0	23.818181818181817	4.094341993976122
31.0	5.0	21.181818181818183	3.3111382278057144
31.0	6.0	22.636363636363637	3.585323619221207
31.0	7.0	19.90909090909091	4.011347540529129
31.0	8.0	22.454545454545453	6.154082163306506
31.0	9.0	20.454545454545453	1.9679246105293955
31.0	10.0	20.0	3.5777087639996634
31.0	11.0	21.636363636363637	4.522670168666454
31.0	12.0	21.636363636363637	1.8586407545691703
31.0	13.0	22.09090909090909	3.0480992587035436
31.0	14.0	21.727272727272727	3.951984541743783
31.0	15.0	21.636363636363637	4.080998095386159
31.0	16.0	22.0	3.605551275463989
31.0	17.0	21.90909090909091	2.7732488332115266
31.0	18.0	22.0	3.03315017762062
31.0	19.0	19.9	2.726414006223804
31.0	20.0	21.0	4.153311931459037
31.0	21.0	20.75	1.9820624179302297
31.0	22.0	20.666666666666668	3.265986323710904
31.0	23.0	20.0	2.8284271247461903
31.0	24.0	21.666666666666668	1.5275252316519465
31.0	25.0	18.666666666666668	3.0550504633038935
31.0	26.0	20.0	1.0
31.0	27.0	18.0	1.4142135623730951
31.0	28.0	20.5	2.1213203435596424
31.0	29.0	20.5	0.7071067811865476
31.0	30.0	27.5	12.020815280171307
31.0	31.0	21.5	0.7071067811865476
31.0	32.0	19.5	3.5355339059327378
31.0	33.0	18.0	1.4142135623730951
31.0	34.0	NaN	NaN
31.0	35.0	NaN	NaN
31.0	36.0	NaN	NaN
31.0	37.0	NaN	NaN
31.0	38.0	NaN	NaN
31.0	39.0	NaN	NaN
31.0	40.0	NaN	NaN
32.0	1.0	23.0	3.278719262151
32.0	2.0	21.666666666666668	3.7080992435478315
32.0	3.0	21.666666666666668	3.2403703492039297
32.0	4.0	22.555555555555557	3.4681086744474685
32.0	5.0	24.666666666666668	4.183300132670378
32.0	6.0	20.333333333333332	3.7080992435478315
32.0	7.0	22.88888888888889	2.803767306876787
32.0	8.0	21.333333333333332	5.1478150704935
32.0	9.0	21.88888888888889	4.044887033170532
32.0	10.0	21.555555555555557	4.447221354708778
32.0	11.0	20.88888888888889	2.088327347690278
32.0	12.0	23.22222222222222	4.521553322083512
32.0	13.0	24.666666666666668	6.782329983125268
32.0	14.0	22.555555555555557	3.811532208676424
32.0	15.0	23.555555555555557	6.227180564089801
32.0	16.0	23.25	3.011881234615431
32.0	17.0	20.5	2.0
32.0	18.0	21.285714285714285	2.2886885410853175
32.0	19.0	20.166666666666668	2.041241452319315
32.0	20.0	22.25	2.5
32.0	21.0	21.333333333333332	4.509249752822894
32.0	22.0	25.0	4.58257569495584
32.0	23.0	NaN	NaN
32.0	24.0	NaN	NaN
33.0	1.0	21.0	3.63318042491699
33.0	2.0	22.5	3.146426544510455
33.0	3.0	23.833333333333332	2.9268868558020253
33.0	4.0	24.666666666666668	6.683312551921141
33.0	5.0	23.666666666666668	2.8751811537130436
33.0	6.0	24.166666666666668	7.305249254246337
33.0	7.0	21.333333333333332	2.581988897471611
33.0	8.0	23.833333333333332	3.970726214015097
33.0	9.0	23.166666666666668	7.808115436305145
33.0	10.0	21.833333333333332	2.401388487243717
33.0	11.0	20.666666666666668	3.8297084310253524
33.0	12.0	24.833333333333332	6.6156380392723015
33.0	13.0	23.833333333333332	7.359800721939872
33.0	14.0	20.333333333333332	2.160246899469287
33.0	15.0	21.333333333333332	3.1411250638372654
33.0	16.0	25.333333333333332	7.033254343948231
33.0	17.0	22.333333333333332	5.125101625008686
33.0	18.0	20.0	2.7386127875258306
33.0	19.0	21.75	2.9860788111948193
33.0	20.0	20.666666666666668	1.1547005383792515
33.0	21.0	20.5	0.7071067811865476
33.0	22.0	23.0	8.48528137423857
33.0	23.0	NaN	NaN
33.0	24.0	NaN	NaN
33.0	25.0	NaN	NaN
34.0	1.0	30.666666666666668	15.044378795195676
34.0	2.0	19.333333333333332	4.041451884327381
34.0	3.0	22.333333333333332	5.131601439446884
34.0	4.0	20.333333333333332	1.5275252316519465
34.0	5.0	18.666666666666668	1.5275252316519468
34.0	6.0	25.333333333333332	3.0550504633038935
34.0	7.0	19.333333333333332	1.5275252316519465
34.0	8.0	24.333333333333332	1.5275252316519468
34.0	9.0	19.666666666666668	2.081665999466133
34.0	10.0	21.666666666666668	1.5275252316519468
34.0	11.0	19.333333333333332	2.5166114784235836
34.0	12.0	22.333333333333332	5.033222956847166
34.0	13.0	28.333333333333332	4.041451884327381
34.0	14.0	18.333333333333332	1.5275252316519465
34.0	15.0	19.0	1.7320508075688772
34.0	16.0	21.333333333333332	4.509249752822894
34.0	17.0	20.0	1.4142135623730951
34.0	18.0	19.5	0.7071067811865476
34.0	19.0	26.0	1.4142135623730951
34.0	20.0	21.0	2.8284271247461903
34.0	21.0	22.5	6.363961030678928
34.0	22.0	24.0	0.0
34.0	23.0	NaN	NaN
34.0	24.0	NaN	NaN
35.0	1.0	24.333333333333332	5.686240703077327
35.0	2.0	26.0	2.0
35.0	3.0	21.0	1.0
35.0	4.0	24.0	5.0
35.0	5.0	20.0	3.605551275463989
35.0	6.0	22.666666666666668	0.5773502691896258
35.0	7.0	20.666666666666668	2.886751345948129
35.0	8.0	21.666666666666668	1.5275252316519468
35.0	9.0	20.666666666666668	2.5166114784235836
35.0	10.0	21.0	1.7320508075688772
35.0	11.0	21.333333333333332	3.2145502536643185
35.0	12.0	23.666666666666668	5.686240703077327
35.0	13.0	21.333333333333332	4.932882862316247
35.0	14.0	21.0	1.0
35.0	15.0	19.0	1.0
35.0	16.0	21.333333333333332	3.2145502536643185
35.0	17.0	19.333333333333332	1.5275252316519465
35.0	18.0	22.666666666666668	2.081665999466133
35.0	19.0	21.0	1.4142135623730951
35.0	20.0	24.0	5.656854249492381
35.0	21.0	NaN	NaN
36.0	1.0	21.0	2.6457513110645907
36.0	2.0	22.666666666666668	3.0550504633038935
36.0	3.0	26.0	3.605551275463989
36.0	4.0	24.333333333333332	1.1547005383792515
36.0	5.0	20.0	1.0
36.0	6.0	21.666666666666668	4.618802153517007
36.0	7.0	19.0	1.0
36.0	8.0	20.333333333333332	1.5275252316519465
36.0	9.0	22.666666666666668	1.5275252316519465
36.0	10.0	23.666666666666668	1.5275252316519468
36.0	11.0	19.666666666666668	3.0550504633038935
36.0	12.0	19.0	1.0
36.0	13.0	22.333333333333332	3.5118845842842465
36.0	14.0	20.333333333333332	3.5118845842842465
36.0	15.0	21.333333333333332	2.3094010767585034
36.0	16.0	22.666666666666668	3.0550504633038935
36.0	17.0	23.0	1.4142135623730951
36.0	18.0	20.0	4.242640687119285
36.0	19.0	19.0	2.8284271247461903
36.0	20.0	22.0	5.656854249492381
36.0	21.0	19.5	6.363961030678928
36.0	22.0	23.5	4.949747468305833
36.0	23.0	23.5	0.7071067811865476
36.0	24.0	21.0	2.8284271247461903
36.0	25.0	22.0	1.4142135623730951
36.0	26.0	22.0	2.8284271247461903
36.0	27.0	18.0	2.8284271247461903
36.0	28.0	NaN	NaN
37.0	1.0	21.0	2.6457513110645907
37.0	2.0	20.333333333333332	2.081665999466133
37.0	3.0	20.666666666666668	3.0550504633038935
37.0	4.0	23.333333333333332	6.110100926607786
37.0	5.0	21.666666666666668	2.081665999466133
37.0	6.0	21.333333333333332	2.5166114784235836
37.0	7.0	20.333333333333332	1.5275252316519465
37.0	8.0	20.333333333333332	3.0550504633038935
37.0	9.0	23.333333333333332	3.2145502536643185
37.0	10.0	22.666666666666668	1.5275252316519465
37.0	11.0	18.666666666666668	2.5166114784235836
37.0	12.0	22.0	3.605551275463989
37.0	13.0	24.666666666666668	4.725815626252608
37.0	14.0	23.333333333333332	5.131601439446884
37.0	15.0	19.333333333333332	3.2145502536643185
37.0	16.0	23.0	5.5677643628300215
37.0	17.0	22.666666666666668	5.033222956847167
37.0	18.0	19.666666666666668	0.5773502691896258
37.0	19.0	18.666666666666668	0.5773502691896258
37.0	20.0	19.666666666666668	1.1547005383792515
37.0	21.0	23.0	3.605551275463989
37.0	22.0	20.0	4.58257569495584
37.0	23.0	NaN	NaN
37.0	24.0	NaN	NaN
37.0	25.0	NaN	NaN
38.0	1.0	24.0	3.4641016151377544
38.0	2.0	25.666666666666668	3.0550504633038935
38.0	3.0	22.0	3.605551275463989
38.0	4.0	24.0	7.54983443527075
38.0	5.0	22.333333333333332	5.033222956847166
38.0	6.0	19.0	3.605551275463989
38.0	7.0	22.333333333333332	4.163331998932266
38.0	8.0	24.666666666666668	4.618802153517007
38.0	9.0	21.666666666666668	4.725815626252609
38.0	10.0	20.666666666666668	2.5166114784235836
38.0	11.0	19.666666666666668	1.5275252316519465
38.0	12.0	24.0	4.358898943540674
38.0	13.0	23.333333333333332	6.6583281184793925
38.0	14.0	17.333333333333332	1.5275252316519465
38.0	15.0	19.666666666666668	2.3094010767585034
38.0	16.0	19.0	1.7320508075688772
38.0	17.0	22.0	3.4641016151377544
38.0	18.0	22.666666666666668	2.081665999466133
38.0	19.0	19.333333333333332	4.163331998932265
38.0	20.0	20.0	2.8284271247461903
38.0	21.0	21.5	2.1213203435596424
38.0	22.0	NaN	NaN
38.0	23.0	NaN	NaN
38.0	24.0	NaN	NaN
39.0	1.0	22.0	2.0
39.0	2.0	23.666666666666668	3.5118845842842465
39.0	3.0	21.666666666666668	7.637626158259733
39.0	4.0	17.666666666666668	0.5773502691896258
39.0	5.0	24.0	4.358898943540674
39.0	6.0	22.0	6.082762530298219
39.0	7.0	23.333333333333332	3.2145502536643185
39.0	8.0	22.333333333333332	3.2145502536643185
39.0	9.0	22.0	4.358898943540674
39.0	10.0	23.333333333333332	4.163331998932265
39.0	11.0	19.333333333333332	2.081665999466133
39.0	12.0	23.333333333333332	3.0550504633038935
39.0	13.0	17.333333333333332	0.5773502691896258
39.0	14.0	19.666666666666668	1.5275252316519465
39.0	15.0	23.0	4.58257569495584
39.0	16.0	22.666666666666668	4.041451884327381
39.0	17.0	22.0	4.358898943540674
39.0	18.0	17.666666666666668	2.5166114784235836
39.0	19.0	22.333333333333332	3.5118845842842465
39.0	20.0	26.666666666666668	4.041451884327381
39.0	21.0	25.0	3.4641016151377544
39.0	22.0	24.666666666666668	6.506407098647712
39.0	23.0	20.666666666666668	2.5166114784235836
39.0	24.0	23.0	2.6457513110645907
39.0	25.0	21.0	4.358898943540674
39.0	26.0	23.333333333333332	3.5118845842842465
39.0	27.0	21.666666666666668	7.371114795831994
39.0	28.0	19.0	1.4142135623730951
39.0	29.0	NaN	NaN
39.0	30.0	NaN	NaN
39.0	31.0	NaN	NaN
39.0	32.0	NaN	NaN
39.0	33.0	NaN	NaN
40.0	1.0	18.5	3.5355339059327378
40.0	2.0	19.0	2.8284271247461903
40.0	3.0	20.0	1.4142135623730951
40.0	4.0	20.0	0.0
40.0	5.0	22.0	1.4142135623730951
40.0	6.0	22.0	4.242640687119285
40.0	7.0	25.0	5.656854249492381
40.0	8.0	24.5	3.5355339059327378
40.0	9.0	21.5	2.1213203435596424
40.0	10.0	19.5	0.7071067811865476
40.0	11.0	23.0	4.242640687119285
40.0	12.0	19.5	0.7071067811865476
40.0	13.0	20.0	0.0
40.0	14.0	21.5	0.7071067811865476
40.0	15.0	22.0	1.4142135623730951
40.0	16.0	19.5	2.1213203435596424
40.0	17.0	19.0	2.8284271247461903
40.0	18.0	20.0	5.656854249492381
40.0	19.0	NaN	NaN
40.0	20.0	NaN	NaN
40.0	21.0	NaN	NaN
40.0	22.0	NaN	NaN
40.0	23.0	NaN	NaN
40.0	24.0	NaN	NaN
41.0	1.0	NaN	NaN
41.0	2.0	NaN	NaN
41.0	3.0	NaN	NaN
41.0	4.0	NaN	NaN
41.0	5.0	NaN	NaN
41.0	6.0	NaN	NaN
41.0	7.0	NaN	NaN
41.0	8.0	NaN	NaN
41.0	9.0	NaN	NaN
41.0	10.0	NaN	NaN
41.0	11.0	NaN	NaN
41.0	12.0	NaN	NaN
41.0	13.0	NaN	NaN
41.0	14.0	NaN	NaN
41.0	15.0	NaN	NaN
41.0	16.0	NaN	NaN
41.0	17.0	NaN	NaN
41.0	18.0	NaN	NaN
41.0	19.0	NaN	NaN
41.0	20.0	NaN	NaN
41.0	21.0	NaN	NaN
42.0	1.0	NaN	NaN
42.0	2.0	NaN	NaN
42.0	3.0	NaN	NaN
42.0	4.0	NaN	NaN
42.0	5.0	NaN	NaN
42.0	6.0	NaN	NaN
42.0	7.0	NaN	NaN
42.0	8.0	NaN	NaN
42.0	9.0	NaN	NaN
42.0	10.0	NaN	NaN
42.0	11.0	NaN	NaN
42.0	12.0	NaN	NaN
42.0	13.0	NaN	NaN
42.0	14.0	NaN	NaN
42.0	15.0	NaN	NaN
42.0	16.0	NaN	NaN
42.0	17.0	NaN	NaN
42.0	18.0	NaN	NaN
42.0	19.0	NaN	NaN
43.0	1.0	NaN	NaN
43.0	2.0	NaN	NaN
43.0	3.0	NaN	NaN
43.0	4.0	NaN	NaN
43.0	5.0	NaN	NaN
43.0	6.0	NaN	NaN
43.0	7.0	NaN	NaN
43.0	8.0	NaN	NaN
43.0	9.0	NaN	NaN
43.0	10.0	NaN	NaN
43.0	11.0	NaN	NaN
43.0	12.0	NaN	NaN
43.0	13.0	NaN	NaN
43.0	14.0	NaN	NaN
43.0	15.0	NaN	NaN
43.0	16.0	NaN	NaN
43.0	17.0	NaN	NaN
43.0	18.0	NaN	NaN
43.0	19.0	NaN	NaN
44.0	1.0	NaN	NaN
44.0	2.0	NaN	NaN
44.0	3.0	NaN	NaN
44.0	4.0	NaN	NaN
44.0	5.0	NaN	NaN
44.0	6.0	NaN	NaN
44.0	7.0	NaN	NaN
44.0	8.0	NaN	NaN
44.0	9.0	NaN	NaN
44.0	10.0	NaN	NaN
44.0	11.0	NaN	NaN
44.0	12.0	NaN	NaN
44.0	13.0	NaN	NaN
44.0	14.0	NaN	NaN
44.0	15.0	NaN	NaN
44.0	16.0	NaN	NaN
44.0	17.0	NaN	NaN
44.0	18.0	NaN	NaN
44.0	19.0	NaN	NaN
44.0	20.0	NaN	NaN
44.0	21.0	NaN	NaN
44.0	22.0	NaN	NaN
44.0	23.0	NaN	NaN
45.0	1.0	NaN	NaN
45.0	2.0	NaN	NaN
45.0	3.0	NaN	NaN
45.0	4.0	NaN	NaN
45.0	5.0	NaN	NaN
45.0	6.0	NaN	NaN
45.0	7.0	NaN	NaN
45.0	8.0	NaN	NaN
45.0	9.0	NaN	NaN
45.0	10.0	NaN	NaN
45.0	11.0	NaN	NaN
45.0	12.0	NaN	NaN
45.0	13.0	NaN	NaN
45.0	14.0	NaN	NaN
45.0	15.0	NaN	NaN
45.0	16.0	NaN	NaN
45.0	17.0	NaN	NaN
45.0	18.0	NaN	NaN
45.0	19.0	NaN	NaN
